"UCC","AMOUNT","IMPNUM","NEWID","PUB_FLAG","AMOUNT_"
"900000",79764,"1",2878851,"1",
"900000",72424,"2",2878851,"1",
"900000",82891,"3",2878851,"1",
"900000",88076,"4",2878851,"1",
"900000",50000,"5",2878851,"1",
"980000",79764,"1",2878851,"1",
"980000",72424,"2",2878851,"1",
"980000",82891,"3",2878851,"1",
"980000",88076,"4",2878851,"1",
"980000",50000,"5",2878851,"1",
"980070",79764,"1",2878851,"1",
"980070",72424,"2",2878851,"1",
"980070",82891,"3",2878851,"1",
"980070",88076,"4",2878851,"1",
"980070",50000,"5",2878851,"1",
"900000",32618,"1",2878852,"1",
"900000",92888,"2",2878852,"1",
"900000",90178,"3",2878852,"1",
"900000",71154,"4",2878852,"1",
"900000",111020,"5",2878852,"1",
"980000",32618,"1",2878852,"1",
"980000",92888,"2",2878852,"1",
"980000",90178,"3",2878852,"1",
"980000",71154,"4",2878852,"1",
"980000",111020,"5",2878852,"1",
"980070",32618,"1",2878852,"1",
"980070",92888,"2",2878852,"1",
"980070",90178,"3",2878852,"1",
"980070",71154,"4",2878852,"1",
"980070",111020,"5",2878852,"1",
"900000",24231,"1",2878861,"1",
"900000",24231,"2",2878861,"1",
"900000",24231,"3",2878861,"1",
"900000",24231,"4",2878861,"1",
"900000",24231,"5",2878861,"1",
"900140",2200,"1",2878861,"1",
"900140",2200,"2",2878861,"1",
"900140",2200,"3",2878861,"1",
"900140",2200,"4",2878861,"1",
"900140",2200,"5",2878861,"1",
"980000",26431,"1",2878861,"1",
"980000",26431,"2",2878861,"1",
"980000",26431,"3",2878861,"1",
"980000",26431,"4",2878861,"1",
"980000",26431,"5",2878861,"1",
"980070",28231,"1",2878861,"1",
"980070",28231,"2",2878861,"1",
"980070",28231,"3",2878861,"1",
"980070",28231,"4",2878861,"1",
"980070",28231,"5",2878861,"1",
"900000",24231,"1",2878862,"1",
"900000",24231,"2",2878862,"1",
"900000",24231,"3",2878862,"1",
"900000",24231,"4",2878862,"1",
"900000",24231,"5",2878862,"1",
"900140",2200,"1",2878862,"1",
"900140",2200,"2",2878862,"1",
"900140",2200,"3",2878862,"1",
"900140",2200,"4",2878862,"1",
"900140",2200,"5",2878862,"1",
"980000",26431,"1",2878862,"1",
"980000",26431,"2",2878862,"1",
"980000",26431,"3",2878862,"1",
"980000",26431,"4",2878862,"1",
"980000",26431,"5",2878862,"1",
"980070",28231,"1",2878862,"1",
"980070",28231,"2",2878862,"1",
"980070",28231,"3",2878862,"1",
"980070",28231,"4",2878862,"1",
"980070",28231,"5",2878862,"1",
"900000",92000,"1",2878871,"1",
"900000",92000,"2",2878871,"1",
"900000",92000,"3",2878871,"1",
"900000",92000,"4",2878871,"1",
"900000",92000,"5",2878871,"1",
"980000",92000,"1",2878871,"1",
"980000",92000,"2",2878871,"1",
"980000",92000,"3",2878871,"1",
"980000",92000,"4",2878871,"1",
"980000",92000,"5",2878871,"1",
"980070",92000,"1",2878871,"1",
"980070",92000,"2",2878871,"1",
"980070",92000,"3",2878871,"1",
"980070",92000,"4",2878871,"1",
"980070",92000,"5",2878871,"1",
"900000",92000,"1",2878872,"1",
"900000",92000,"2",2878872,"1",
"900000",92000,"3",2878872,"1",
"900000",92000,"4",2878872,"1",
"900000",92000,"5",2878872,"1",
"980000",92000,"1",2878872,"1",
"980000",92000,"2",2878872,"1",
"980000",92000,"3",2878872,"1",
"980000",92000,"4",2878872,"1",
"980000",92000,"5",2878872,"1",
"980070",92000,"1",2878872,"1",
"980070",92000,"2",2878872,"1",
"980070",92000,"3",2878872,"1",
"980070",92000,"4",2878872,"1",
"980070",92000,"5",2878872,"1",
"900030",1120,"1",2878881,"1",
"900030",1120,"2",2878881,"1",
"900030",1120,"3",2878881,"1",
"900030",1120,"4",2878881,"1",
"900030",1120,"5",2878881,"1",
"900150",3048,"1",2878881,"1",
"900150",3048,"2",2878881,"1",
"900150",3048,"3",2878881,"1",
"900150",3048,"4",2878881,"1",
"900150",3048,"5",2878881,"1",
"980000",4168,"1",2878881,"1",
"980000",4168,"2",2878881,"1",
"980000",4168,"3",2878881,"1",
"980000",4168,"4",2878881,"1",
"980000",4168,"5",2878881,"1",
"980070",4168,"1",2878881,"1",
"980070",4168,"2",2878881,"1",
"980070",4168,"3",2878881,"1",
"980070",4168,"4",2878881,"1",
"980070",4168,"5",2878881,"1",
"900030",1120,"1",2878882,"1",
"900030",1120,"2",2878882,"1",
"900030",1120,"3",2878882,"1",
"900030",1120,"4",2878882,"1",
"900030",1120,"5",2878882,"1",
"900150",3048,"1",2878882,"1",
"900150",3048,"2",2878882,"1",
"900150",3048,"3",2878882,"1",
"900150",3048,"4",2878882,"1",
"900150",3048,"5",2878882,"1",
"980000",4168,"1",2878882,"1",
"980000",4168,"2",2878882,"1",
"980000",4168,"3",2878882,"1",
"980000",4168,"4",2878882,"1",
"980000",4168,"5",2878882,"1",
"980070",4168,"1",2878882,"1",
"980070",4168,"2",2878882,"1",
"980070",4168,"3",2878882,"1",
"980070",4168,"4",2878882,"1",
"980070",4168,"5",2878882,"1",
"900000",37000,"1",2878911,"1",
"900000",37000,"2",2878911,"1",
"900000",37000,"3",2878911,"1",
"900000",37000,"4",2878911,"1",
"900000",37000,"5",2878911,"1",
"900150",5496,"1",2878911,"1",
"900150",5496,"2",2878911,"1",
"900150",5496,"3",2878911,"1",
"900150",5496,"4",2878911,"1",
"900150",5496,"5",2878911,"1",
"980000",42496,"1",2878911,"1",
"980000",42496,"2",2878911,"1",
"980000",42496,"3",2878911,"1",
"980000",42496,"4",2878911,"1",
"980000",42496,"5",2878911,"1",
"980070",49696,"1",2878911,"1",
"980070",49696,"2",2878911,"1",
"980070",49696,"3",2878911,"1",
"980070",49696,"4",2878911,"1",
"980070",49696,"5",2878911,"1",
"900000",37000,"1",2878912,"1",
"900000",37000,"2",2878912,"1",
"900000",37000,"3",2878912,"1",
"900000",37000,"4",2878912,"1",
"900000",37000,"5",2878912,"1",
"900150",5496,"1",2878912,"1",
"900150",5496,"2",2878912,"1",
"900150",5496,"3",2878912,"1",
"900150",5496,"4",2878912,"1",
"900150",5496,"5",2878912,"1",
"980000",42496,"1",2878912,"1",
"980000",42496,"2",2878912,"1",
"980000",42496,"3",2878912,"1",
"980000",42496,"4",2878912,"1",
"980000",42496,"5",2878912,"1",
"980070",49696,"1",2878912,"1",
"980070",49696,"2",2878912,"1",
"980070",49696,"3",2878912,"1",
"980070",49696,"4",2878912,"1",
"980070",49696,"5",2878912,"1",
"900030",9107,"1",2878921,"1",
"900030",9107,"2",2878921,"1",
"900030",9107,"3",2878921,"1",
"900030",9107,"4",2878921,"1",
"900030",9107,"5",2878921,"1",
"900150",180,"1",2878921,"1",
"900150",180,"2",2878921,"1",
"900150",180,"3",2878921,"1",
"900150",180,"4",2878921,"1",
"900150",180,"5",2878921,"1",
"980000",9287,"1",2878921,"1",
"980000",9287,"2",2878921,"1",
"980000",9287,"3",2878921,"1",
"980000",9287,"4",2878921,"1",
"980000",9287,"5",2878921,"1",
"980070",9287,"1",2878921,"1",
"980070",9287,"2",2878921,"1",
"980070",9287,"3",2878921,"1",
"980070",9287,"4",2878921,"1",
"980070",9287,"5",2878921,"1",
"900030",9107,"1",2878922,"1",
"900030",9107,"2",2878922,"1",
"900030",9107,"3",2878922,"1",
"900030",9107,"4",2878922,"1",
"900030",9107,"5",2878922,"1",
"900150",180,"1",2878922,"1",
"900150",180,"2",2878922,"1",
"900150",180,"3",2878922,"1",
"900150",180,"4",2878922,"1",
"900150",180,"5",2878922,"1",
"980000",9287,"1",2878922,"1",
"980000",9287,"2",2878922,"1",
"980000",9287,"3",2878922,"1",
"980000",9287,"4",2878922,"1",
"980000",9287,"5",2878922,"1",
"980070",9287,"1",2878922,"1",
"980070",9287,"2",2878922,"1",
"980070",9287,"3",2878922,"1",
"980070",9287,"4",2878922,"1",
"980070",9287,"5",2878922,"1",
"900170",6954,"1",2878931,"1",
"900170",76254,"2",2878931,"1",
"900170",52346,"3",2878931,"1",
"900170",2311,"4",2878931,"1",
"900170",64851,"5",2878931,"1",
"980000",6954,"1",2878931,"1",
"980000",76254,"2",2878931,"1",
"980000",52346,"3",2878931,"1",
"980000",2311,"4",2878931,"1",
"980000",64851,"5",2878931,"1",
"980070",6954,"1",2878931,"1",
"980070",76254,"2",2878931,"1",
"980070",52346,"3",2878931,"1",
"980070",2311,"4",2878931,"1",
"980070",64851,"5",2878931,"1",
"900030",9900,"1",2878932,"1",
"900030",7920,"2",2878932,"1",
"900030",11640,"3",2878932,"1",
"900030",14916,"4",2878932,"1",
"900030",17352,"5",2878932,"1",
"900180",14954,"1",2878932,"1",
"900180",51,"2",2878932,"1",
"900180",5,"3",2878932,"1",
"900180",153,"4",2878932,"1",
"900180",411,"5",2878932,"1",
"980000",24854,"1",2878932,"1",
"980000",7971,"2",2878932,"1",
"980000",11645,"3",2878932,"1",
"980000",15069,"4",2878932,"1",
"980000",17763,"5",2878932,"1",
"980070",24854,"1",2878932,"1",
"980070",7971,"2",2878932,"1",
"980070",11645,"3",2878932,"1",
"980070",15069,"4",2878932,"1",
"980070",17763,"5",2878932,"1",
"900000",23100,"1",2878941,"1",
"900000",23100,"2",2878941,"1",
"900000",23100,"3",2878941,"1",
"900000",23100,"4",2878941,"1",
"900000",23100,"5",2878941,"1",
"900030",18659,"1",2878941,"1",
"900030",18659,"2",2878941,"1",
"900030",18659,"3",2878941,"1",
"900030",18659,"4",2878941,"1",
"900030",18659,"5",2878941,"1",
"900170",22000,"1",2878941,"1",
"900170",22000,"2",2878941,"1",
"900170",22000,"3",2878941,"1",
"900170",22000,"4",2878941,"1",
"900170",22000,"5",2878941,"1",
"980000",63759,"1",2878941,"1",
"980000",63759,"2",2878941,"1",
"980000",63759,"3",2878941,"1",
"980000",63759,"4",2878941,"1",
"980000",63759,"5",2878941,"1",
"980070",63759,"1",2878941,"1",
"980070",63759,"2",2878941,"1",
"980070",63759,"3",2878941,"1",
"980070",63759,"4",2878941,"1",
"980070",63759,"5",2878941,"1",
"900000",23100,"1",2878942,"1",
"900000",23100,"2",2878942,"1",
"900000",23100,"3",2878942,"1",
"900000",23100,"4",2878942,"1",
"900000",23100,"5",2878942,"1",
"900030",18659,"1",2878942,"1",
"900030",18659,"2",2878942,"1",
"900030",18659,"3",2878942,"1",
"900030",18659,"4",2878942,"1",
"900030",18659,"5",2878942,"1",
"900170",22000,"1",2878942,"1",
"900170",22000,"2",2878942,"1",
"900170",22000,"3",2878942,"1",
"900170",22000,"4",2878942,"1",
"900170",22000,"5",2878942,"1",
"980000",63759,"1",2878942,"1",
"980000",63759,"2",2878942,"1",
"980000",63759,"3",2878942,"1",
"980000",63759,"4",2878942,"1",
"980000",63759,"5",2878942,"1",
"980070",63759,"1",2878942,"1",
"980070",63759,"2",2878942,"1",
"980070",63759,"3",2878942,"1",
"980070",63759,"4",2878942,"1",
"980070",63759,"5",2878942,"1",
"900000",120344,"1",2878951,"1",
"900000",125261,"2",2878951,"1",
"900000",121396,"3",2878951,"1",
"900000",119460,"4",2878951,"1",
"900000",124909,"5",2878951,"1",
"980000",120344,"1",2878951,"1",
"980000",125261,"2",2878951,"1",
"980000",121396,"3",2878951,"1",
"980000",119460,"4",2878951,"1",
"980000",124909,"5",2878951,"1",
"980070",120344,"1",2878951,"1",
"980070",125261,"2",2878951,"1",
"980070",121396,"3",2878951,"1",
"980070",119460,"4",2878951,"1",
"980070",124909,"5",2878951,"1",
"900000",117886,"1",2878952,"1",
"900000",122871,"2",2878952,"1",
"900000",130785,"3",2878952,"1",
"900000",118524,"4",2878952,"1",
"900000",124265,"5",2878952,"1",
"980000",117886,"1",2878952,"1",
"980000",122871,"2",2878952,"1",
"980000",130785,"3",2878952,"1",
"980000",118524,"4",2878952,"1",
"980000",124265,"5",2878952,"1",
"980070",117886,"1",2878952,"1",
"980070",122871,"2",2878952,"1",
"980070",130785,"3",2878952,"1",
"980070",118524,"4",2878952,"1",
"980070",124265,"5",2878952,"1",
"900030",8999,"1",2878992,"1",
"900030",9179,"2",2878992,"1",
"900030",7859,"3",2878992,"1",
"900030",7379,"4",2878992,"1",
"900030",8399,"5",2878992,"1",
"900150",564,"1",2878992,"1",
"900150",564,"2",2878992,"1",
"900150",564,"3",2878992,"1",
"900150",564,"4",2878992,"1",
"900150",564,"5",2878992,"1",
"980000",9563,"1",2878992,"1",
"980000",9743,"2",2878992,"1",
"980000",8423,"3",2878992,"1",
"980000",7943,"4",2878992,"1",
"980000",8963,"5",2878992,"1",
"980070",9563,"1",2878992,"1",
"980070",9743,"2",2878992,"1",
"980070",8423,"3",2878992,"1",
"980070",7943,"4",2878992,"1",
"980070",8963,"5",2878992,"1",
"900030",5459,"1",2879001,"1",
"900030",5459,"2",2879001,"1",
"900030",5459,"3",2879001,"1",
"900030",5459,"4",2879001,"1",
"900030",5459,"5",2879001,"1",
"900170",5100,"1",2879001,"1",
"900170",5100,"2",2879001,"1",
"900170",5100,"3",2879001,"1",
"900170",5100,"4",2879001,"1",
"900170",5100,"5",2879001,"1",
"980000",10559,"1",2879001,"1",
"980000",10559,"2",2879001,"1",
"980000",10559,"3",2879001,"1",
"980000",10559,"4",2879001,"1",
"980000",10559,"5",2879001,"1",
"980070",10559,"1",2879001,"1",
"980070",10559,"2",2879001,"1",
"980070",10559,"3",2879001,"1",
"980070",10559,"4",2879001,"1",
"980070",10559,"5",2879001,"1",
"900030",5459,"1",2879002,"1",
"900030",5459,"2",2879002,"1",
"900030",5459,"3",2879002,"1",
"900030",5459,"4",2879002,"1",
"900030",5459,"5",2879002,"1",
"900170",5100,"1",2879002,"1",
"900170",5100,"2",2879002,"1",
"900170",5100,"3",2879002,"1",
"900170",5100,"4",2879002,"1",
"900170",5100,"5",2879002,"1",
"980000",10559,"1",2879002,"1",
"980000",10559,"2",2879002,"1",
"980000",10559,"3",2879002,"1",
"980000",10559,"4",2879002,"1",
"980000",10559,"5",2879002,"1",
"980070",10559,"1",2879002,"1",
"980070",10559,"2",2879002,"1",
"980070",10559,"3",2879002,"1",
"980070",10559,"4",2879002,"1",
"980070",10559,"5",2879002,"1",
"900000",42310,"1",2879011,"1",
"900000",47564,"2",2879011,"1",
"900000",46394,"3",2879011,"1",
"900000",46976,"4",2879011,"1",
"900000",41426,"5",2879011,"1",
"900030",2124,"1",2879011,"1",
"900030",2124,"2",2879011,"1",
"900030",2124,"3",2879011,"1",
"900030",2124,"4",2879011,"1",
"900030",2124,"5",2879011,"1",
"900090",112,"1",2879011,"1",
"900090",112,"2",2879011,"1",
"900090",112,"3",2879011,"1",
"900090",112,"4",2879011,"1",
"900090",112,"5",2879011,"1",
"900120",120,"1",2879011,"1",
"900120",120,"2",2879011,"1",
"900120",120,"3",2879011,"1",
"900120",120,"4",2879011,"1",
"900120",120,"5",2879011,"1",
"900150",1080,"1",2879011,"1",
"900150",1080,"2",2879011,"1",
"900150",1080,"3",2879011,"1",
"900150",1080,"4",2879011,"1",
"900150",1080,"5",2879011,"1",
"980000",45746,"1",2879011,"1",
"980000",51000,"2",2879011,"1",
"980000",49830,"3",2879011,"1",
"980000",50412,"4",2879011,"1",
"980000",44862,"5",2879011,"1",
"980070",47316,"1",2879011,"1",
"980070",52570,"2",2879011,"1",
"980070",51400,"3",2879011,"1",
"980070",51982,"4",2879011,"1",
"980070",46432,"5",2879011,"1",
"900000",44513,"1",2879012,"1",
"900000",53024,"2",2879012,"1",
"900000",49196,"3",2879012,"1",
"900000",50082,"4",2879012,"1",
"900000",49475,"5",2879012,"1",
"900030",2124,"1",2879012,"1",
"900030",2124,"2",2879012,"1",
"900030",2124,"3",2879012,"1",
"900030",2124,"4",2879012,"1",
"900030",2124,"5",2879012,"1",
"900090",112,"1",2879012,"1",
"900090",112,"2",2879012,"1",
"900090",112,"3",2879012,"1",
"900090",112,"4",2879012,"1",
"900090",112,"5",2879012,"1",
"900120",120,"1",2879012,"1",
"900120",120,"2",2879012,"1",
"900120",120,"3",2879012,"1",
"900120",120,"4",2879012,"1",
"900120",120,"5",2879012,"1",
"900150",1080,"1",2879012,"1",
"900150",1080,"2",2879012,"1",
"900150",1080,"3",2879012,"1",
"900150",1080,"4",2879012,"1",
"900150",1080,"5",2879012,"1",
"980000",47949,"1",2879012,"1",
"980000",56460,"2",2879012,"1",
"980000",52632,"3",2879012,"1",
"980000",53518,"4",2879012,"1",
"980000",52911,"5",2879012,"1",
"980070",49519,"1",2879012,"1",
"980070",58030,"2",2879012,"1",
"980070",54202,"3",2879012,"1",
"980070",55088,"4",2879012,"1",
"980070",54481,"5",2879012,"1",
"900000",195,"1",2879041,"1",
"900000",195,"2",2879041,"1",
"900000",195,"3",2879041,"1",
"900000",195,"4",2879041,"1",
"900000",195,"5",2879041,"1",
"900170",16500,"1",2879041,"1",
"900170",16500,"2",2879041,"1",
"900170",16500,"3",2879041,"1",
"900170",16500,"4",2879041,"1",
"900170",16500,"5",2879041,"1",
"900180",12,"1",2879041,"1",
"900180",12,"2",2879041,"1",
"900180",12,"3",2879041,"1",
"900180",12,"4",2879041,"1",
"900180",12,"5",2879041,"1",
"980000",16707,"1",2879041,"1",
"980000",16707,"2",2879041,"1",
"980000",16707,"3",2879041,"1",
"980000",16707,"4",2879041,"1",
"980000",16707,"5",2879041,"1",
"980070",17697,"1",2879041,"1",
"980070",17697,"2",2879041,"1",
"980070",17697,"3",2879041,"1",
"980070",17697,"4",2879041,"1",
"980070",17697,"5",2879041,"1",
"900000",195,"1",2879042,"1",
"900000",195,"2",2879042,"1",
"900000",195,"3",2879042,"1",
"900000",195,"4",2879042,"1",
"900000",195,"5",2879042,"1",
"900170",16500,"1",2879042,"1",
"900170",16500,"2",2879042,"1",
"900170",16500,"3",2879042,"1",
"900170",16500,"4",2879042,"1",
"900170",16500,"5",2879042,"1",
"900180",12,"1",2879042,"1",
"900180",12,"2",2879042,"1",
"900180",12,"3",2879042,"1",
"900180",12,"4",2879042,"1",
"900180",12,"5",2879042,"1",
"980000",16707,"1",2879042,"1",
"980000",16707,"2",2879042,"1",
"980000",16707,"3",2879042,"1",
"980000",16707,"4",2879042,"1",
"980000",16707,"5",2879042,"1",
"980070",17697,"1",2879042,"1",
"980070",17697,"2",2879042,"1",
"980070",17697,"3",2879042,"1",
"980070",17697,"4",2879042,"1",
"980070",17697,"5",2879042,"1",
"900000",10500,"1",2879081,"1",
"900000",10500,"2",2879081,"1",
"900000",10500,"3",2879081,"1",
"900000",10500,"4",2879081,"1",
"900000",10500,"5",2879081,"1",
"900030",11231,"1",2879081,"1",
"900030",11231,"2",2879081,"1",
"900030",11231,"3",2879081,"1",
"900030",11231,"4",2879081,"1",
"900030",11231,"5",2879081,"1",
"980000",21731,"1",2879081,"1",
"980000",21731,"2",2879081,"1",
"980000",21731,"3",2879081,"1",
"980000",21731,"4",2879081,"1",
"980000",21731,"5",2879081,"1",
"980070",24131,"1",2879081,"1",
"980070",24131,"2",2879081,"1",
"980070",24131,"3",2879081,"1",
"980070",24131,"4",2879081,"1",
"980070",24131,"5",2879081,"1",
"900000",10500,"1",2879082,"1",
"900000",10500,"2",2879082,"1",
"900000",10500,"3",2879082,"1",
"900000",10500,"4",2879082,"1",
"900000",10500,"5",2879082,"1",
"900030",11231,"1",2879082,"1",
"900030",11231,"2",2879082,"1",
"900030",11231,"3",2879082,"1",
"900030",11231,"4",2879082,"1",
"900030",11231,"5",2879082,"1",
"980000",21731,"1",2879082,"1",
"980000",21731,"2",2879082,"1",
"980000",21731,"3",2879082,"1",
"980000",21731,"4",2879082,"1",
"980000",21731,"5",2879082,"1",
"980070",24131,"1",2879082,"1",
"980070",24131,"2",2879082,"1",
"980070",24131,"3",2879082,"1",
"980070",24131,"4",2879082,"1",
"980070",24131,"5",2879082,"1",
"900030",31066,"1",2879111,"1",
"900030",22546,"2",2879111,"1",
"900030",36418,"3",2879111,"1",
"900030",31510,"4",2879111,"1",
"900030",43138,"5",2879111,"1",
"980000",31066,"1",2879111,"1",
"980000",22546,"2",2879111,"1",
"980000",36418,"3",2879111,"1",
"980000",31510,"4",2879111,"1",
"980000",43138,"5",2879111,"1",
"980070",31066,"1",2879111,"1",
"980070",22546,"2",2879111,"1",
"980070",36418,"3",2879111,"1",
"980070",31510,"4",2879111,"1",
"980070",43138,"5",2879111,"1",
"900030",30118,"1",2879112,"1",
"900030",45106,"2",2879112,"1",
"900030",51178,"3",2879112,"1",
"900030",33022,"4",2879112,"1",
"900030",31894,"5",2879112,"1",
"980000",30118,"1",2879112,"1",
"980000",45106,"2",2879112,"1",
"980000",51178,"3",2879112,"1",
"980000",33022,"4",2879112,"1",
"980000",31894,"5",2879112,"1",
"980070",30118,"1",2879112,"1",
"980070",45106,"2",2879112,"1",
"980070",51178,"3",2879112,"1",
"980070",33022,"4",2879112,"1",
"980070",31894,"5",2879112,"1",
"900000",25000,"1",2879161,"1",
"900000",25000,"2",2879161,"1",
"900000",25000,"3",2879161,"1",
"900000",25000,"4",2879161,"1",
"900000",25000,"5",2879161,"1",
"900150",7836,"1",2879161,"1",
"900150",7836,"2",2879161,"1",
"900150",7836,"3",2879161,"1",
"900150",7836,"4",2879161,"1",
"900150",7836,"5",2879161,"1",
"980000",32836,"1",2879161,"1",
"980000",32836,"2",2879161,"1",
"980000",32836,"3",2879161,"1",
"980000",32836,"4",2879161,"1",
"980000",32836,"5",2879161,"1",
"980070",40336,"1",2879161,"1",
"980070",40336,"2",2879161,"1",
"980070",40336,"3",2879161,"1",
"980070",40336,"4",2879161,"1",
"980070",40336,"5",2879161,"1",
"900000",25000,"1",2879162,"1",
"900000",25000,"2",2879162,"1",
"900000",25000,"3",2879162,"1",
"900000",25000,"4",2879162,"1",
"900000",25000,"5",2879162,"1",
"900150",7836,"1",2879162,"1",
"900150",7836,"2",2879162,"1",
"900150",7836,"3",2879162,"1",
"900150",7836,"4",2879162,"1",
"900150",7836,"5",2879162,"1",
"980000",32836,"1",2879162,"1",
"980000",32836,"2",2879162,"1",
"980000",32836,"3",2879162,"1",
"980000",32836,"4",2879162,"1",
"980000",32836,"5",2879162,"1",
"980070",40336,"1",2879162,"1",
"980070",40336,"2",2879162,"1",
"980070",40336,"3",2879162,"1",
"980070",40336,"4",2879162,"1",
"980070",40336,"5",2879162,"1",
"900030",20723,"1",2879181,"1",
"900030",20723,"2",2879181,"1",
"900030",20723,"3",2879181,"1",
"900030",20723,"4",2879181,"1",
"900030",20723,"5",2879181,"1",
"900170",37000,"1",2879181,"1",
"900170",37000,"2",2879181,"1",
"900170",37000,"3",2879181,"1",
"900170",37000,"4",2879181,"1",
"900170",37000,"5",2879181,"1",
"900180",100,"1",2879181,"1",
"900180",100,"2",2879181,"1",
"900180",100,"3",2879181,"1",
"900180",100,"4",2879181,"1",
"900180",100,"5",2879181,"1",
"980000",57823,"1",2879181,"1",
"980000",57823,"2",2879181,"1",
"980000",57823,"3",2879181,"1",
"980000",57823,"4",2879181,"1",
"980000",57823,"5",2879181,"1",
"980070",59323,"1",2879181,"1",
"980070",59323,"2",2879181,"1",
"980070",59323,"3",2879181,"1",
"980070",59323,"4",2879181,"1",
"980070",59323,"5",2879181,"1",
"900030",20723,"1",2879182,"1",
"900030",20723,"2",2879182,"1",
"900030",20723,"3",2879182,"1",
"900030",20723,"4",2879182,"1",
"900030",20723,"5",2879182,"1",
"900170",37000,"1",2879182,"1",
"900170",37000,"2",2879182,"1",
"900170",37000,"3",2879182,"1",
"900170",37000,"4",2879182,"1",
"900170",37000,"5",2879182,"1",
"900180",100,"1",2879182,"1",
"900180",100,"2",2879182,"1",
"900180",100,"3",2879182,"1",
"900180",100,"4",2879182,"1",
"900180",100,"5",2879182,"1",
"980000",57823,"1",2879182,"1",
"980000",57823,"2",2879182,"1",
"980000",57823,"3",2879182,"1",
"980000",57823,"4",2879182,"1",
"980000",57823,"5",2879182,"1",
"980070",59323,"1",2879182,"1",
"980070",59323,"2",2879182,"1",
"980070",59323,"3",2879182,"1",
"980070",59323,"4",2879182,"1",
"980070",59323,"5",2879182,"1",
"900000",33000,"1",2879211,"1",
"900000",33000,"2",2879211,"1",
"900000",33000,"3",2879211,"1",
"900000",33000,"4",2879211,"1",
"900000",33000,"5",2879211,"1",
"900030",19259,"1",2879211,"1",
"900030",19259,"2",2879211,"1",
"900030",19259,"3",2879211,"1",
"900030",19259,"4",2879211,"1",
"900030",19259,"5",2879211,"1",
"980000",52259,"1",2879211,"1",
"980000",52259,"2",2879211,"1",
"980000",52259,"3",2879211,"1",
"980000",52259,"4",2879211,"1",
"980000",52259,"5",2879211,"1",
"980070",56459,"1",2879211,"1",
"980070",56459,"2",2879211,"1",
"980070",56459,"3",2879211,"1",
"980070",56459,"4",2879211,"1",
"980070",56459,"5",2879211,"1",
"900000",33000,"1",2879212,"1",
"900000",33000,"2",2879212,"1",
"900000",33000,"3",2879212,"1",
"900000",33000,"4",2879212,"1",
"900000",33000,"5",2879212,"1",
"900030",19259,"1",2879212,"1",
"900030",19259,"2",2879212,"1",
"900030",19259,"3",2879212,"1",
"900030",19259,"4",2879212,"1",
"900030",19259,"5",2879212,"1",
"980000",52259,"1",2879212,"1",
"980000",52259,"2",2879212,"1",
"980000",52259,"3",2879212,"1",
"980000",52259,"4",2879212,"1",
"980000",52259,"5",2879212,"1",
"980070",56459,"1",2879212,"1",
"980070",56459,"2",2879212,"1",
"980070",56459,"3",2879212,"1",
"980070",56459,"4",2879212,"1",
"980070",56459,"5",2879212,"1",
"900000",44609,"1",2879221,"1",
"900000",31568,"2",2879221,"1",
"900000",35395,"3",2879221,"1",
"900000",52265,"4",2879221,"1",
"900000",75693,"5",2879221,"1",
"980000",44609,"1",2879221,"1",
"980000",31568,"2",2879221,"1",
"980000",35395,"3",2879221,"1",
"980000",52265,"4",2879221,"1",
"980000",75693,"5",2879221,"1",
"980070",44609,"1",2879221,"1",
"980070",31568,"2",2879221,"1",
"980070",35395,"3",2879221,"1",
"980070",52265,"4",2879221,"1",
"980070",75693,"5",2879221,"1",
"900000",63500,"1",2879222,"1",
"900000",37380,"2",2879222,"1",
"900000",38984,"3",2879222,"1",
"900000",67856,"4",2879222,"1",
"900000",12954,"5",2879222,"1",
"980000",63500,"1",2879222,"1",
"980000",37380,"2",2879222,"1",
"980000",38984,"3",2879222,"1",
"980000",67856,"4",2879222,"1",
"980000",12954,"5",2879222,"1",
"980070",63500,"1",2879222,"1",
"980070",37380,"2",2879222,"1",
"980070",38984,"3",2879222,"1",
"980070",67856,"4",2879222,"1",
"980070",12954,"5",2879222,"1",
"900000",135000,"1",2879261,"1",
"900000",135000,"2",2879261,"1",
"900000",135000,"3",2879261,"1",
"900000",135000,"4",2879261,"1",
"900000",135000,"5",2879261,"1",
"980000",135000,"1",2879261,"1",
"980000",135000,"2",2879261,"1",
"980000",135000,"3",2879261,"1",
"980000",135000,"4",2879261,"1",
"980000",135000,"5",2879261,"1",
"980070",135000,"1",2879261,"1",
"980070",135000,"2",2879261,"1",
"980070",135000,"3",2879261,"1",
"980070",135000,"4",2879261,"1",
"980070",135000,"5",2879261,"1",
"900000",135000,"1",2879262,"1",
"900000",135000,"2",2879262,"1",
"900000",135000,"3",2879262,"1",
"900000",135000,"4",2879262,"1",
"900000",135000,"5",2879262,"1",
"980000",135000,"1",2879262,"1",
"980000",135000,"2",2879262,"1",
"980000",135000,"3",2879262,"1",
"980000",135000,"4",2879262,"1",
"980000",135000,"5",2879262,"1",
"980070",135000,"1",2879262,"1",
"980070",135000,"2",2879262,"1",
"980070",135000,"3",2879262,"1",
"980070",135000,"4",2879262,"1",
"980070",135000,"5",2879262,"1",
"900000",11000,"1",2879271,"1",
"900000",11000,"2",2879271,"1",
"900000",11000,"3",2879271,"1",
"900000",11000,"4",2879271,"1",
"900000",11000,"5",2879271,"1",
"980000",11000,"1",2879271,"1",
"980000",11000,"2",2879271,"1",
"980000",11000,"3",2879271,"1",
"980000",11000,"4",2879271,"1",
"980000",11000,"5",2879271,"1",
"980070",10900,"1",2879271,"1",
"980070",10900,"2",2879271,"1",
"980070",10900,"3",2879271,"1",
"980070",10900,"4",2879271,"1",
"980070",10900,"5",2879271,"1",
"900000",11000,"1",2879272,"1",
"900000",11000,"2",2879272,"1",
"900000",11000,"3",2879272,"1",
"900000",11000,"4",2879272,"1",
"900000",11000,"5",2879272,"1",
"980000",11000,"1",2879272,"1",
"980000",11000,"2",2879272,"1",
"980000",11000,"3",2879272,"1",
"980000",11000,"4",2879272,"1",
"980000",11000,"5",2879272,"1",
"980070",10900,"1",2879272,"1",
"980070",10900,"2",2879272,"1",
"980070",10900,"3",2879272,"1",
"980070",10900,"4",2879272,"1",
"980070",10900,"5",2879272,"1",
"900000",205487,"1",2879281,"1","T"
"900000",205487,"2",2879281,"1","T"
"900000",205487,"3",2879281,"1","T"
"900000",205487,"4",2879281,"1","T"
"900000",205487,"5",2879281,"1","T"
"900180",50,"1",2879281,"1",
"900180",50,"2",2879281,"1",
"900180",50,"3",2879281,"1",
"900180",50,"4",2879281,"1",
"900180",50,"5",2879281,"1",
"980000",205537,"1",2879281,"1","T"
"980000",205537,"2",2879281,"1","T"
"980000",205537,"3",2879281,"1","T"
"980000",205537,"4",2879281,"1","T"
"980000",205537,"5",2879281,"1","T"
"980070",207537,"1",2879281,"1","T"
"980070",207537,"2",2879281,"1","T"
"980070",207537,"3",2879281,"1","T"
"980070",207537,"4",2879281,"1","T"
"980070",207537,"5",2879281,"1","T"
"900000",205487,"1",2879282,"1","T"
"900000",205487,"2",2879282,"1","T"
"900000",205487,"3",2879282,"1","T"
"900000",205487,"4",2879282,"1","T"
"900000",205487,"5",2879282,"1","T"
"900180",50,"1",2879282,"1",
"900180",50,"2",2879282,"1",
"900180",50,"3",2879282,"1",
"900180",50,"4",2879282,"1",
"900180",50,"5",2879282,"1",
"980000",205537,"1",2879282,"1","T"
"980000",205537,"2",2879282,"1","T"
"980000",205537,"3",2879282,"1","T"
"980000",205537,"4",2879282,"1","T"
"980000",205537,"5",2879282,"1","T"
"980070",207537,"1",2879282,"1","T"
"980070",207537,"2",2879282,"1","T"
"980070",207537,"3",2879282,"1","T"
"980070",207537,"4",2879282,"1","T"
"980070",207537,"5",2879282,"1","T"
"900030",33718,"1",2879301,"1",
"900030",33718,"2",2879301,"1",
"900030",33718,"3",2879301,"1",
"900030",33718,"4",2879301,"1",
"900030",33718,"5",2879301,"1",
"900170",300,"1",2879301,"1",
"900170",300,"2",2879301,"1",
"900170",300,"3",2879301,"1",
"900170",300,"4",2879301,"1",
"900170",300,"5",2879301,"1",
"900180",3000,"1",2879301,"1",
"900180",3000,"2",2879301,"1",
"900180",3000,"3",2879301,"1",
"900180",3000,"4",2879301,"1",
"900180",3000,"5",2879301,"1",
"980000",37018,"1",2879301,"1",
"980000",37018,"2",2879301,"1",
"980000",37018,"3",2879301,"1",
"980000",37018,"4",2879301,"1",
"980000",37018,"5",2879301,"1",
"980070",36878,"1",2879301,"1",
"980070",36878,"2",2879301,"1",
"980070",36878,"3",2879301,"1",
"980070",36878,"4",2879301,"1",
"980070",36878,"5",2879301,"1",
"900030",33718,"1",2879302,"1",
"900030",33718,"2",2879302,"1",
"900030",33718,"3",2879302,"1",
"900030",33718,"4",2879302,"1",
"900030",33718,"5",2879302,"1",
"900170",300,"1",2879302,"1",
"900170",300,"2",2879302,"1",
"900170",300,"3",2879302,"1",
"900170",300,"4",2879302,"1",
"900170",300,"5",2879302,"1",
"900180",3000,"1",2879302,"1",
"900180",3000,"2",2879302,"1",
"900180",3000,"3",2879302,"1",
"900180",3000,"4",2879302,"1",
"900180",3000,"5",2879302,"1",
"980000",37018,"1",2879302,"1",
"980000",37018,"2",2879302,"1",
"980000",37018,"3",2879302,"1",
"980000",37018,"4",2879302,"1",
"980000",37018,"5",2879302,"1",
"980070",36878,"1",2879302,"1",
"980070",36878,"2",2879302,"1",
"980070",36878,"3",2879302,"1",
"980070",36878,"4",2879302,"1",
"980070",36878,"5",2879302,"1",
"900000",46800,"1",2879311,"1",
"900000",46800,"2",2879311,"1",
"900000",46800,"3",2879311,"1",
"900000",46800,"4",2879311,"1",
"900000",46800,"5",2879311,"1",
"980000",46800,"1",2879311,"1",
"980000",46800,"2",2879311,"1",
"980000",46800,"3",2879311,"1",
"980000",46800,"4",2879311,"1",
"980000",46800,"5",2879311,"1",
"980070",49800,"1",2879311,"1",
"980070",49800,"2",2879311,"1",
"980070",49800,"3",2879311,"1",
"980070",49800,"4",2879311,"1",
"980070",49800,"5",2879311,"1",
"900000",46800,"1",2879312,"1",
"900000",46800,"2",2879312,"1",
"900000",46800,"3",2879312,"1",
"900000",46800,"4",2879312,"1",
"900000",46800,"5",2879312,"1",
"980000",46800,"1",2879312,"1",
"980000",46800,"2",2879312,"1",
"980000",46800,"3",2879312,"1",
"980000",46800,"4",2879312,"1",
"980000",46800,"5",2879312,"1",
"980070",49800,"1",2879312,"1",
"980070",49800,"2",2879312,"1",
"980070",49800,"3",2879312,"1",
"980070",49800,"4",2879312,"1",
"980070",49800,"5",2879312,"1",
"900000",2200,"1",2879321,"1",
"900000",2200,"2",2879321,"1",
"900000",2200,"3",2879321,"1",
"900000",2200,"4",2879321,"1",
"900000",2200,"5",2879321,"1",
"980000",2200,"1",2879321,"1",
"980000",2200,"2",2879321,"1",
"980000",2200,"3",2879321,"1",
"980000",2200,"4",2879321,"1",
"980000",2200,"5",2879321,"1",
"980070",2540,"1",2879321,"1",
"980070",2540,"2",2879321,"1",
"980070",2540,"3",2879321,"1",
"980070",2540,"4",2879321,"1",
"980070",2540,"5",2879321,"1",
"900000",2200,"1",2879322,"1",
"900000",2200,"2",2879322,"1",
"900000",2200,"3",2879322,"1",
"900000",2200,"4",2879322,"1",
"900000",2200,"5",2879322,"1",
"980000",2200,"1",2879322,"1",
"980000",2200,"2",2879322,"1",
"980000",2200,"3",2879322,"1",
"980000",2200,"4",2879322,"1",
"980000",2200,"5",2879322,"1",
"980070",2540,"1",2879322,"1",
"980070",2540,"2",2879322,"1",
"980070",2540,"3",2879322,"1",
"980070",2540,"4",2879322,"1",
"980070",2540,"5",2879322,"1",
"900000",51480,"1",2879341,"1",
"900000",51480,"2",2879341,"1",
"900000",51480,"3",2879341,"1",
"900000",51480,"4",2879341,"1",
"900000",51480,"5",2879341,"1",
"980000",51480,"1",2879341,"1",
"980000",51480,"2",2879341,"1",
"980000",51480,"3",2879341,"1",
"980000",51480,"4",2879341,"1",
"980000",51480,"5",2879341,"1",
"980070",51480,"1",2879341,"1",
"980070",51480,"2",2879341,"1",
"980070",51480,"3",2879341,"1",
"980070",51480,"4",2879341,"1",
"980070",51480,"5",2879341,"1",
"900000",51480,"1",2879342,"1",
"900000",51480,"2",2879342,"1",
"900000",51480,"3",2879342,"1",
"900000",51480,"4",2879342,"1",
"900000",51480,"5",2879342,"1",
"980000",51480,"1",2879342,"1",
"980000",51480,"2",2879342,"1",
"980000",51480,"3",2879342,"1",
"980000",51480,"4",2879342,"1",
"980000",51480,"5",2879342,"1",
"980070",51480,"1",2879342,"1",
"980070",51480,"2",2879342,"1",
"980070",51480,"3",2879342,"1",
"980070",51480,"4",2879342,"1",
"980070",51480,"5",2879342,"1",
"900000",42881,"1",2879371,"1",
"900000",41677,"2",2879371,"1",
"900000",41072,"3",2879371,"1",
"900000",47948,"4",2879371,"1",
"900000",40431,"5",2879371,"1",
"980000",42881,"1",2879371,"1",
"980000",41677,"2",2879371,"1",
"980000",41072,"3",2879371,"1",
"980000",47948,"4",2879371,"1",
"980000",40431,"5",2879371,"1",
"980070",42881,"1",2879371,"1",
"980070",41677,"2",2879371,"1",
"980070",41072,"3",2879371,"1",
"980070",47948,"4",2879371,"1",
"980070",40431,"5",2879371,"1",
"900000",45204,"1",2879372,"1",
"900000",41894,"2",2879372,"1",
"900000",46961,"3",2879372,"1",
"900000",46827,"4",2879372,"1",
"900000",42373,"5",2879372,"1",
"980000",45204,"1",2879372,"1",
"980000",41894,"2",2879372,"1",
"980000",46961,"3",2879372,"1",
"980000",46827,"4",2879372,"1",
"980000",42373,"5",2879372,"1",
"980070",45204,"1",2879372,"1",
"980070",41894,"2",2879372,"1",
"980070",46961,"3",2879372,"1",
"980070",46827,"4",2879372,"1",
"980070",42373,"5",2879372,"1",
"900000",18000,"1",2879381,"1",
"900000",18000,"2",2879381,"1",
"900000",18000,"3",2879381,"1",
"900000",18000,"4",2879381,"1",
"900000",18000,"5",2879381,"1",
"980000",18000,"1",2879381,"1",
"980000",18000,"2",2879381,"1",
"980000",18000,"3",2879381,"1",
"980000",18000,"4",2879381,"1",
"980000",18000,"5",2879381,"1",
"980070",18000,"1",2879381,"1",
"980070",18000,"2",2879381,"1",
"980070",18000,"3",2879381,"1",
"980070",18000,"4",2879381,"1",
"980070",18000,"5",2879381,"1",
"900000",18000,"1",2879382,"1",
"900000",18000,"2",2879382,"1",
"900000",18000,"3",2879382,"1",
"900000",18000,"4",2879382,"1",
"900000",18000,"5",2879382,"1",
"980000",18000,"1",2879382,"1",
"980000",18000,"2",2879382,"1",
"980000",18000,"3",2879382,"1",
"980000",18000,"4",2879382,"1",
"980000",18000,"5",2879382,"1",
"980070",18000,"1",2879382,"1",
"980070",18000,"2",2879382,"1",
"980070",18000,"3",2879382,"1",
"980070",18000,"4",2879382,"1",
"980070",18000,"5",2879382,"1",
"900030",13307,"1",2879391,"1",
"900030",13307,"2",2879391,"1",
"900030",13307,"3",2879391,"1",
"900030",13307,"4",2879391,"1",
"900030",13307,"5",2879391,"1",
"900170",19524,"1",2879391,"1",
"900170",19524,"2",2879391,"1",
"900170",19524,"3",2879391,"1",
"900170",19524,"4",2879391,"1",
"900170",19524,"5",2879391,"1",
"900180",12,"1",2879391,"1",
"900180",12,"2",2879391,"1",
"900180",12,"3",2879391,"1",
"900180",12,"4",2879391,"1",
"900180",12,"5",2879391,"1",
"900210",18972,"1",2879391,"1",
"900210",18972,"2",2879391,"1",
"900210",18972,"3",2879391,"1",
"900210",18972,"4",2879391,"1",
"900210",18972,"5",2879391,"1",
"980000",51815,"1",2879391,"1",
"980000",51815,"2",2879391,"1",
"980000",51815,"3",2879391,"1",
"980000",51815,"4",2879391,"1",
"980000",51815,"5",2879391,"1",
"980070",53015,"1",2879391,"1",
"980070",53015,"2",2879391,"1",
"980070",53015,"3",2879391,"1",
"980070",53015,"4",2879391,"1",
"980070",53015,"5",2879391,"1",
"900030",13307,"1",2879392,"1",
"900030",13307,"2",2879392,"1",
"900030",13307,"3",2879392,"1",
"900030",13307,"4",2879392,"1",
"900030",13307,"5",2879392,"1",
"900170",19524,"1",2879392,"1",
"900170",19524,"2",2879392,"1",
"900170",19524,"3",2879392,"1",
"900170",19524,"4",2879392,"1",
"900170",19524,"5",2879392,"1",
"900180",12,"1",2879392,"1",
"900180",12,"2",2879392,"1",
"900180",12,"3",2879392,"1",
"900180",12,"4",2879392,"1",
"900180",12,"5",2879392,"1",
"900210",18972,"1",2879392,"1",
"900210",18972,"2",2879392,"1",
"900210",18972,"3",2879392,"1",
"900210",18972,"4",2879392,"1",
"900210",18972,"5",2879392,"1",
"980000",51815,"1",2879392,"1",
"980000",51815,"2",2879392,"1",
"980000",51815,"3",2879392,"1",
"980000",51815,"4",2879392,"1",
"980000",51815,"5",2879392,"1",
"980070",53015,"1",2879392,"1",
"980070",53015,"2",2879392,"1",
"980070",53015,"3",2879392,"1",
"980070",53015,"4",2879392,"1",
"980070",53015,"5",2879392,"1",
"900000",86000,"1",2879401,"1",
"900000",86000,"2",2879401,"1",
"900000",86000,"3",2879401,"1",
"900000",86000,"4",2879401,"1",
"900000",86000,"5",2879401,"1",
"900180",8,"1",2879401,"1",
"900180",305,"2",2879401,"1",
"900180",5,"3",2879401,"1",
"900180",10,"4",2879401,"1",
"900180",3,"5",2879401,"1",
"980000",86008,"1",2879401,"1",
"980000",86305,"2",2879401,"1",
"980000",86005,"3",2879401,"1",
"980000",86010,"4",2879401,"1",
"980000",86003,"5",2879401,"1",
"980070",88808,"1",2879401,"1",
"980070",89105,"2",2879401,"1",
"980070",88805,"3",2879401,"1",
"980070",88810,"4",2879401,"1",
"980070",88803,"5",2879401,"1",
"900000",86000,"1",2879402,"1",
"900000",86000,"2",2879402,"1",
"900000",86000,"3",2879402,"1",
"900000",86000,"4",2879402,"1",
"900000",86000,"5",2879402,"1",
"900180",4066,"1",2879402,"1",
"900180",139,"2",2879402,"1",
"900180",6,"3",2879402,"1",
"900180",16,"4",2879402,"1",
"900180",1,"5",2879402,"1",
"980000",90066,"1",2879402,"1",
"980000",86139,"2",2879402,"1",
"980000",86006,"3",2879402,"1",
"980000",86016,"4",2879402,"1",
"980000",86001,"5",2879402,"1",
"980070",92866,"1",2879402,"1",
"980070",88939,"2",2879402,"1",
"980070",88806,"3",2879402,"1",
"980070",88816,"4",2879402,"1",
"980070",88801,"5",2879402,"1",
"900000",205487,"1",2879411,"1","T"
"900000",205487,"2",2879411,"1","T"
"900000",205487,"3",2879411,"1","T"
"900000",205487,"4",2879411,"1","T"
"900000",205487,"5",2879411,"1","T"
"900180",1,"1",2879411,"1",
"900180",595,"2",2879411,"1",
"900180",358,"3",2879411,"1",
"900180",42,"4",2879411,"1",
"900180",11,"5",2879411,"1",
"980000",205688,"1",2879411,"1","T"
"980000",205688,"2",2879411,"1","T"
"980000",205688,"3",2879411,"1","T"
"980000",205688,"4",2879411,"1","T"
"980000",205688,"5",2879411,"1","T"
"980070",205688,"1",2879411,"1","T"
"980070",205688,"2",2879411,"1","T"
"980070",205688,"3",2879411,"1","T"
"980070",205688,"4",2879411,"1","T"
"980070",205688,"5",2879411,"1","T"
"900000",205487,"1",2879412,"1","T"
"900000",205487,"2",2879412,"1","T"
"900000",205487,"3",2879412,"1","T"
"900000",205487,"4",2879412,"1","T"
"900000",205487,"5",2879412,"1","T"
"900180",101,"1",2879412,"1",
"900180",6,"2",2879412,"1",
"900180",13639,"3",2879412,"1",
"900180",509,"4",2879412,"1",
"900180",5,"5",2879412,"1",
"980000",208339,"1",2879412,"1","T"
"980000",208339,"2",2879412,"1","T"
"980000",208339,"3",2879412,"1","T"
"980000",208339,"4",2879412,"1","T"
"980000",208339,"5",2879412,"1","T"
"980070",208339,"1",2879412,"1","T"
"980070",208339,"2",2879412,"1","T"
"980070",208339,"3",2879412,"1","T"
"980070",208339,"4",2879412,"1","T"
"980070",208339,"5",2879412,"1","T"
"900000",68046,"1",2879421,"1",
"900000",40285,"2",2879421,"1",
"900000",61934,"3",2879421,"1",
"900000",60652,"4",2879421,"1",
"900000",69683,"5",2879421,"1",
"980000",68046,"1",2879421,"1",
"980000",40285,"2",2879421,"1",
"980000",61934,"3",2879421,"1",
"980000",60652,"4",2879421,"1",
"980000",69683,"5",2879421,"1",
"980070",68046,"1",2879421,"1",
"980070",40285,"2",2879421,"1",
"980070",61934,"3",2879421,"1",
"980070",60652,"4",2879421,"1",
"980070",69683,"5",2879421,"1",
"900030",15478,"1",2879441,"1",
"900030",15478,"2",2879441,"1",
"900030",15478,"3",2879441,"1",
"900030",15478,"4",2879441,"1",
"900030",15478,"5",2879441,"1",
"900150",2832,"1",2879441,"1",
"900150",2832,"2",2879441,"1",
"900150",2832,"3",2879441,"1",
"900150",2832,"4",2879441,"1",
"900150",2832,"5",2879441,"1",
"980000",18310,"1",2879441,"1",
"980000",18310,"2",2879441,"1",
"980000",18310,"3",2879441,"1",
"980000",18310,"4",2879441,"1",
"980000",18310,"5",2879441,"1",
"980070",18310,"1",2879441,"1",
"980070",18310,"2",2879441,"1",
"980070",18310,"3",2879441,"1",
"980070",18310,"4",2879441,"1",
"980070",18310,"5",2879441,"1",
"900030",15478,"1",2879442,"1",
"900030",15478,"2",2879442,"1",
"900030",15478,"3",2879442,"1",
"900030",15478,"4",2879442,"1",
"900030",15478,"5",2879442,"1",
"900150",2832,"1",2879442,"1",
"900150",2832,"2",2879442,"1",
"900150",2832,"3",2879442,"1",
"900150",2832,"4",2879442,"1",
"900150",2832,"5",2879442,"1",
"980000",18310,"1",2879442,"1",
"980000",18310,"2",2879442,"1",
"980000",18310,"3",2879442,"1",
"980000",18310,"4",2879442,"1",
"980000",18310,"5",2879442,"1",
"980070",18310,"1",2879442,"1",
"980070",18310,"2",2879442,"1",
"980070",18310,"3",2879442,"1",
"980070",18310,"4",2879442,"1",
"980070",18310,"5",2879442,"1",
"800940",2907,"1",2879461,"1",
"800940",4393,"2",2879461,"1",
"800940",3155,"3",2879461,"1",
"800940",6753,"4",2879461,"1",
"800940",3076,"5",2879461,"1",
"900000",40000,"1",2879461,"1",
"900000",40000,"2",2879461,"1",
"900000",40000,"3",2879461,"1",
"900000",40000,"4",2879461,"1",
"900000",40000,"5",2879461,"1",
"900160",-999,"1",2879461,"1",
"900160",8714,"2",2879461,"1",
"900160",624,"3",2879461,"1",
"900160",24140,"4",2879461,"1",
"900160",103,"5",2879461,"1",
"980000",39001,"1",2879461,"1",
"980000",48714,"2",2879461,"1",
"980000",40624,"3",2879461,"1",
"980000",64140,"4",2879461,"1",
"980000",40103,"5",2879461,"1",
"980070",39001,"1",2879461,"1",
"980070",48714,"2",2879461,"1",
"980070",40624,"3",2879461,"1",
"980070",64140,"4",2879461,"1",
"980070",40103,"5",2879461,"1",
"800940",3371,"1",2879462,"1",
"800940",3139,"2",2879462,"1",
"800940",9611,"3",2879462,"1",
"800940",2348,"4",2879462,"1",
"800940",3383,"5",2879462,"1",
"900000",40000,"1",2879462,"1",
"900000",40000,"2",2879462,"1",
"900000",40000,"3",2879462,"1",
"900000",40000,"4",2879462,"1",
"900000",40000,"5",2879462,"1",
"900160",2032,"1",2879462,"1",
"900160",516,"2",2879462,"1",
"900160",42815,"3",2879462,"1",
"900160",-4654,"4",2879462,"1",
"900160",2114,"5",2879462,"1",
"980000",42032,"1",2879462,"1",
"980000",40516,"2",2879462,"1",
"980000",82815,"3",2879462,"1",
"980000",35346,"4",2879462,"1",
"980000",42114,"5",2879462,"1",
"980070",42032,"1",2879462,"1",
"980070",40516,"2",2879462,"1",
"980070",82815,"3",2879462,"1",
"980070",35346,"4",2879462,"1",
"980070",42114,"5",2879462,"1",
"900000",92000,"1",2879471,"1",
"900000",92000,"2",2879471,"1",
"900000",92000,"3",2879471,"1",
"900000",92000,"4",2879471,"1",
"900000",92000,"5",2879471,"1",
"980000",92000,"1",2879471,"1",
"980000",92000,"2",2879471,"1",
"980000",92000,"3",2879471,"1",
"980000",92000,"4",2879471,"1",
"980000",92000,"5",2879471,"1",
"980070",92000,"1",2879471,"1",
"980070",92000,"2",2879471,"1",
"980070",92000,"3",2879471,"1",
"980070",92000,"4",2879471,"1",
"980070",92000,"5",2879471,"1",
"900000",92000,"1",2879472,"1",
"900000",92000,"2",2879472,"1",
"900000",92000,"3",2879472,"1",
"900000",92000,"4",2879472,"1",
"900000",92000,"5",2879472,"1",
"980000",92000,"1",2879472,"1",
"980000",92000,"2",2879472,"1",
"980000",92000,"3",2879472,"1",
"980000",92000,"4",2879472,"1",
"980000",92000,"5",2879472,"1",
"980070",92000,"1",2879472,"1",
"980070",92000,"2",2879472,"1",
"980070",92000,"3",2879472,"1",
"980070",92000,"4",2879472,"1",
"980070",92000,"5",2879472,"1",
"900000",95000,"1",2879491,"1",
"900000",95000,"2",2879491,"1",
"900000",95000,"3",2879491,"1",
"900000",95000,"4",2879491,"1",
"900000",95000,"5",2879491,"1",
"980000",95000,"1",2879491,"1",
"980000",95000,"2",2879491,"1",
"980000",95000,"3",2879491,"1",
"980000",95000,"4",2879491,"1",
"980000",95000,"5",2879491,"1",
"980070",96630,"1",2879491,"1",
"980070",96630,"2",2879491,"1",
"980070",96630,"3",2879491,"1",
"980070",96630,"4",2879491,"1",
"980070",96630,"5",2879491,"1",
"900000",95000,"1",2879492,"1",
"900000",95000,"2",2879492,"1",
"900000",95000,"3",2879492,"1",
"900000",95000,"4",2879492,"1",
"900000",95000,"5",2879492,"1",
"980000",95000,"1",2879492,"1",
"980000",95000,"2",2879492,"1",
"980000",95000,"3",2879492,"1",
"980000",95000,"4",2879492,"1",
"980000",95000,"5",2879492,"1",
"980070",96630,"1",2879492,"1",
"980070",96630,"2",2879492,"1",
"980070",96630,"3",2879492,"1",
"980070",96630,"4",2879492,"1",
"980070",96630,"5",2879492,"1",
"900030",14940,"1",2879501,"1",
"900030",14940,"2",2879501,"1",
"900030",14940,"3",2879501,"1",
"900030",14940,"4",2879501,"1",
"900030",14940,"5",2879501,"1",
"900090",720,"1",2879501,"1",
"900090",720,"2",2879501,"1",
"900090",720,"3",2879501,"1",
"900090",720,"4",2879501,"1",
"900090",720,"5",2879501,"1",
"900150",2136,"1",2879501,"1",
"900150",2136,"2",2879501,"1",
"900150",2136,"3",2879501,"1",
"900150",2136,"4",2879501,"1",
"900150",2136,"5",2879501,"1",
"980000",17796,"1",2879501,"1",
"980000",17796,"2",2879501,"1",
"980000",17796,"3",2879501,"1",
"980000",17796,"4",2879501,"1",
"980000",17796,"5",2879501,"1",
"980070",20550,"1",2879501,"1",
"980070",20550,"2",2879501,"1",
"980070",20550,"3",2879501,"1",
"980070",20550,"4",2879501,"1",
"980070",20550,"5",2879501,"1",
"900030",14940,"1",2879502,"1",
"900030",14940,"2",2879502,"1",
"900030",14940,"3",2879502,"1",
"900030",14940,"4",2879502,"1",
"900030",14940,"5",2879502,"1",
"900090",720,"1",2879502,"1",
"900090",720,"2",2879502,"1",
"900090",720,"3",2879502,"1",
"900090",720,"4",2879502,"1",
"900090",720,"5",2879502,"1",
"900150",2136,"1",2879502,"1",
"900150",2136,"2",2879502,"1",
"900150",2136,"3",2879502,"1",
"900150",2136,"4",2879502,"1",
"900150",2136,"5",2879502,"1",
"980000",17796,"1",2879502,"1",
"980000",17796,"2",2879502,"1",
"980000",17796,"3",2879502,"1",
"980000",17796,"4",2879502,"1",
"980000",17796,"5",2879502,"1",
"980070",20550,"1",2879502,"1",
"980070",20550,"2",2879502,"1",
"980070",20550,"3",2879502,"1",
"980070",20550,"4",2879502,"1",
"980070",20550,"5",2879502,"1",
"800940",2448,"1",2879511,"1",
"800940",2448,"2",2879511,"1",
"800940",2448,"3",2879511,"1",
"800940",2448,"4",2879511,"1",
"800940",2448,"5",2879511,"1",
"900000",32000,"1",2879511,"1",
"900000",32000,"2",2879511,"1",
"900000",32000,"3",2879511,"1",
"900000",32000,"4",2879511,"1",
"900000",32000,"5",2879511,"1",
"900160",1,"1",2879511,"1",
"900160",1,"2",2879511,"1",
"900160",1,"3",2879511,"1",
"900160",1,"4",2879511,"1",
"900160",1,"5",2879511,"1",
"980000",32001,"1",2879511,"1",
"980000",32001,"2",2879511,"1",
"980000",32001,"3",2879511,"1",
"980000",32001,"4",2879511,"1",
"980000",32001,"5",2879511,"1",
"980070",33101,"1",2879511,"1",
"980070",33101,"2",2879511,"1",
"980070",33101,"3",2879511,"1",
"980070",33101,"4",2879511,"1",
"980070",33101,"5",2879511,"1",
"800940",2448,"1",2879512,"1",
"800940",2448,"2",2879512,"1",
"800940",2448,"3",2879512,"1",
"800940",2448,"4",2879512,"1",
"800940",2448,"5",2879512,"1",
"900000",32000,"1",2879512,"1",
"900000",32000,"2",2879512,"1",
"900000",32000,"3",2879512,"1",
"900000",32000,"4",2879512,"1",
"900000",32000,"5",2879512,"1",
"900160",1,"1",2879512,"1",
"900160",1,"2",2879512,"1",
"900160",1,"3",2879512,"1",
"900160",1,"4",2879512,"1",
"900160",1,"5",2879512,"1",
"980000",32001,"1",2879512,"1",
"980000",32001,"2",2879512,"1",
"980000",32001,"3",2879512,"1",
"980000",32001,"4",2879512,"1",
"980000",32001,"5",2879512,"1",
"980070",33101,"1",2879512,"1",
"980070",33101,"2",2879512,"1",
"980070",33101,"3",2879512,"1",
"980070",33101,"4",2879512,"1",
"980070",33101,"5",2879512,"1",
"900030",8172,"1",2879531,"1",
"900030",8172,"2",2879531,"1",
"900030",8172,"3",2879531,"1",
"900030",8172,"4",2879531,"1",
"900030",8172,"5",2879531,"1",
"900200",4500,"1",2879531,"1",
"900200",4500,"2",2879531,"1",
"900200",4500,"3",2879531,"1",
"900200",4500,"4",2879531,"1",
"900200",4500,"5",2879531,"1",
"900210",20700,"1",2879531,"1",
"900210",24861,"2",2879531,"1",
"900210",509,"3",2879531,"1",
"900210",3659,"4",2879531,"1",
"900210",6887,"5",2879531,"1",
"980000",33372,"1",2879531,"1",
"980000",37533,"2",2879531,"1",
"980000",13181,"3",2879531,"1",
"980000",16331,"4",2879531,"1",
"980000",19559,"5",2879531,"1",
"980070",33372,"1",2879531,"1",
"980070",37533,"2",2879531,"1",
"980070",13181,"3",2879531,"1",
"980070",16331,"4",2879531,"1",
"980070",19559,"5",2879531,"1",
"900030",8172,"1",2879532,"1",
"900030",8172,"2",2879532,"1",
"900030",8172,"3",2879532,"1",
"900030",8172,"4",2879532,"1",
"900030",8172,"5",2879532,"1",
"900200",4500,"1",2879532,"1",
"900200",4500,"2",2879532,"1",
"900200",4500,"3",2879532,"1",
"900200",4500,"4",2879532,"1",
"900200",4500,"5",2879532,"1",
"900210",15273,"1",2879532,"1",
"900210",11760,"2",2879532,"1",
"900210",648,"3",2879532,"1",
"900210",220,"4",2879532,"1",
"900210",3653,"5",2879532,"1",
"980000",27945,"1",2879532,"1",
"980000",24432,"2",2879532,"1",
"980000",13320,"3",2879532,"1",
"980000",12892,"4",2879532,"1",
"980000",16325,"5",2879532,"1",
"980070",27945,"1",2879532,"1",
"980070",24432,"2",2879532,"1",
"980070",13320,"3",2879532,"1",
"980070",12892,"4",2879532,"1",
"980070",16325,"5",2879532,"1",
"900000",30825,"1",2879541,"1",
"900000",22097,"2",2879541,"1",
"900000",4286,"3",2879541,"1",
"900000",24497,"4",2879541,"1",
"900000",32201,"5",2879541,"1",
"900030",10739,"1",2879541,"1",
"900030",10739,"2",2879541,"1",
"900030",10739,"3",2879541,"1",
"900030",10739,"4",2879541,"1",
"900030",10739,"5",2879541,"1",
"980000",41564,"1",2879541,"1",
"980000",32836,"2",2879541,"1",
"980000",15025,"3",2879541,"1",
"980000",35236,"4",2879541,"1",
"980000",42940,"5",2879541,"1",
"980070",41564,"1",2879541,"1",
"980070",32836,"2",2879541,"1",
"980070",15025,"3",2879541,"1",
"980070",35236,"4",2879541,"1",
"980070",42940,"5",2879541,"1",
"900000",13788,"1",2879542,"1",
"900000",33029,"2",2879542,"1",
"900000",67328,"3",2879542,"1",
"900000",30591,"4",2879542,"1",
"900000",54995,"5",2879542,"1",
"900030",10739,"1",2879542,"1",
"900030",10739,"2",2879542,"1",
"900030",10739,"3",2879542,"1",
"900030",10739,"4",2879542,"1",
"900030",10739,"5",2879542,"1",
"980000",24527,"1",2879542,"1",
"980000",43768,"2",2879542,"1",
"980000",78067,"3",2879542,"1",
"980000",41330,"4",2879542,"1",
"980000",65734,"5",2879542,"1",
"980070",24527,"1",2879542,"1",
"980070",43768,"2",2879542,"1",
"980070",78067,"3",2879542,"1",
"980070",41330,"4",2879542,"1",
"980070",65734,"5",2879542,"1",
"900000",92888,"1",2879551,"1",
"900000",29290,"2",2879551,"1",
"900000",48459,"3",2879551,"1",
"900000",57806,"4",2879551,"1",
"900000",50256,"5",2879551,"1",
"980000",92888,"1",2879551,"1",
"980000",29290,"2",2879551,"1",
"980000",48459,"3",2879551,"1",
"980000",57806,"4",2879551,"1",
"980000",50256,"5",2879551,"1",
"980070",92888,"1",2879551,"1",
"980070",29290,"2",2879551,"1",
"980070",48459,"3",2879551,"1",
"980070",57806,"4",2879551,"1",
"980070",50256,"5",2879551,"1",
"900000",205487,"1",2879552,"1","T"
"900000",205487,"2",2879552,"1","T"
"900000",205487,"3",2879552,"1","T"
"900000",205487,"4",2879552,"1","T"
"900000",205487,"5",2879552,"1","T"
"980000",205487,"1",2879552,"1","T"
"980000",205487,"2",2879552,"1","T"
"980000",205487,"3",2879552,"1","T"
"980000",205487,"4",2879552,"1","T"
"980000",205487,"5",2879552,"1","T"
"980070",205487,"1",2879552,"1","T"
"980070",205487,"2",2879552,"1","T"
"980070",205487,"3",2879552,"1","T"
"980070",205487,"4",2879552,"1","T"
"980070",205487,"5",2879552,"1","T"
"900000",86000,"1",2879561,"1",
"900000",86000,"2",2879561,"1",
"900000",86000,"3",2879561,"1",
"900000",86000,"4",2879561,"1",
"900000",86000,"5",2879561,"1",
"900170",25200,"1",2879561,"1",
"900170",25200,"2",2879561,"1",
"900170",25200,"3",2879561,"1",
"900170",25200,"4",2879561,"1",
"900170",25200,"5",2879561,"1",
"980000",111200,"1",2879561,"1",
"980000",111200,"2",2879561,"1",
"980000",111200,"3",2879561,"1",
"980000",111200,"4",2879561,"1",
"980000",111200,"5",2879561,"1",
"980070",117600,"1",2879561,"1",
"980070",117600,"2",2879561,"1",
"980070",117600,"3",2879561,"1",
"980070",117600,"4",2879561,"1",
"980070",117600,"5",2879561,"1",
"900000",86000,"1",2879562,"1",
"900000",86000,"2",2879562,"1",
"900000",86000,"3",2879562,"1",
"900000",86000,"4",2879562,"1",
"900000",86000,"5",2879562,"1",
"900170",25200,"1",2879562,"1",
"900170",25200,"2",2879562,"1",
"900170",25200,"3",2879562,"1",
"900170",25200,"4",2879562,"1",
"900170",25200,"5",2879562,"1",
"980000",111200,"1",2879562,"1",
"980000",111200,"2",2879562,"1",
"980000",111200,"3",2879562,"1",
"980000",111200,"4",2879562,"1",
"980000",111200,"5",2879562,"1",
"980070",117600,"1",2879562,"1",
"980070",117600,"2",2879562,"1",
"980070",117600,"3",2879562,"1",
"980070",117600,"4",2879562,"1",
"980070",117600,"5",2879562,"1",
"900030",13259,"1",2879581,"1",
"900030",13259,"2",2879581,"1",
"900030",13259,"3",2879581,"1",
"900030",13259,"4",2879581,"1",
"900030",13259,"5",2879581,"1",
"900170",84,"1",2879581,"1",
"900170",84,"2",2879581,"1",
"900170",84,"3",2879581,"1",
"900170",84,"4",2879581,"1",
"900170",84,"5",2879581,"1",
"980000",13343,"1",2879581,"1",
"980000",13343,"2",2879581,"1",
"980000",13343,"3",2879581,"1",
"980000",13343,"4",2879581,"1",
"980000",13343,"5",2879581,"1",
"980070",13343,"1",2879581,"1",
"980070",13343,"2",2879581,"1",
"980070",13343,"3",2879581,"1",
"980070",13343,"4",2879581,"1",
"980070",13343,"5",2879581,"1",
"900030",13259,"1",2879582,"1",
"900030",13259,"2",2879582,"1",
"900030",13259,"3",2879582,"1",
"900030",13259,"4",2879582,"1",
"900030",13259,"5",2879582,"1",
"900170",84,"1",2879582,"1",
"900170",84,"2",2879582,"1",
"900170",84,"3",2879582,"1",
"900170",84,"4",2879582,"1",
"900170",84,"5",2879582,"1",
"980000",13343,"1",2879582,"1",
"980000",13343,"2",2879582,"1",
"980000",13343,"3",2879582,"1",
"980000",13343,"4",2879582,"1",
"980000",13343,"5",2879582,"1",
"980070",13343,"1",2879582,"1",
"980070",13343,"2",2879582,"1",
"980070",13343,"3",2879582,"1",
"980070",13343,"4",2879582,"1",
"980070",13343,"5",2879582,"1",
"900000",205487,"1",2879591,"1","T"
"900000",205487,"2",2879591,"1","T"
"900000",205487,"3",2879591,"1","T"
"900000",205487,"4",2879591,"1","T"
"900000",205487,"5",2879591,"1","T"
"980000",205487,"1",2879591,"1","T"
"980000",205487,"2",2879591,"1","T"
"980000",205487,"3",2879591,"1","T"
"980000",205487,"4",2879591,"1","T"
"980000",205487,"5",2879591,"1","T"
"980070",205487,"1",2879591,"1","T"
"980070",205487,"2",2879591,"1","T"
"980070",205487,"3",2879591,"1","T"
"980070",205487,"4",2879591,"1","T"
"980070",205487,"5",2879591,"1","T"
"900000",205487,"1",2879592,"1","T"
"900000",205487,"2",2879592,"1","T"
"900000",205487,"3",2879592,"1","T"
"900000",205487,"4",2879592,"1","T"
"900000",205487,"5",2879592,"1","T"
"980000",205487,"1",2879592,"1","T"
"980000",205487,"2",2879592,"1","T"
"980000",205487,"3",2879592,"1","T"
"980000",205487,"4",2879592,"1","T"
"980000",205487,"5",2879592,"1","T"
"980070",205487,"1",2879592,"1","T"
"980070",205487,"2",2879592,"1","T"
"980070",205487,"3",2879592,"1","T"
"980070",205487,"4",2879592,"1","T"
"980070",205487,"5",2879592,"1","T"
"900000",50000,"1",2879621,"1",
"900000",50000,"2",2879621,"1",
"900000",50000,"3",2879621,"1",
"900000",50000,"4",2879621,"1",
"900000",50000,"5",2879621,"1",
"980000",50000,"1",2879621,"1",
"980000",50000,"2",2879621,"1",
"980000",50000,"3",2879621,"1",
"980000",50000,"4",2879621,"1",
"980000",50000,"5",2879621,"1",
"980070",50000,"1",2879621,"1",
"980070",50000,"2",2879621,"1",
"980070",50000,"3",2879621,"1",
"980070",50000,"4",2879621,"1",
"980070",50000,"5",2879621,"1",
"900000",50000,"1",2879622,"1",
"900000",50000,"2",2879622,"1",
"900000",50000,"3",2879622,"1",
"900000",50000,"4",2879622,"1",
"900000",50000,"5",2879622,"1",
"980000",50000,"1",2879622,"1",
"980000",50000,"2",2879622,"1",
"980000",50000,"3",2879622,"1",
"980000",50000,"4",2879622,"1",
"980000",50000,"5",2879622,"1",
"980070",50000,"1",2879622,"1",
"980070",50000,"2",2879622,"1",
"980070",50000,"3",2879622,"1",
"980070",50000,"4",2879622,"1",
"980070",50000,"5",2879622,"1",
"900000",27540,"1",2879651,"1",
"900000",22419,"2",2879651,"1",
"900000",25247,"3",2879651,"1",
"900000",21629,"4",2879651,"1",
"900000",21909,"5",2879651,"1",
"900030",9996,"1",2879651,"1",
"900030",9024,"2",2879651,"1",
"900030",16260,"3",2879651,"1",
"900030",19824,"4",2879651,"1",
"900030",9528,"5",2879651,"1",
"980000",37536,"1",2879651,"1",
"980000",31443,"2",2879651,"1",
"980000",41507,"3",2879651,"1",
"980000",41453,"4",2879651,"1",
"980000",31437,"5",2879651,"1",
"980070",37536,"1",2879651,"1",
"980070",31443,"2",2879651,"1",
"980070",41507,"3",2879651,"1",
"980070",41453,"4",2879651,"1",
"980070",31437,"5",2879651,"1",
"900000",29881,"1",2879652,"1",
"900000",26909,"2",2879652,"1",
"900000",23865,"3",2879652,"1",
"900000",26062,"4",2879652,"1",
"900000",25966,"5",2879652,"1",
"900030",15192,"1",2879652,"1",
"900030",12576,"2",2879652,"1",
"900030",9540,"3",2879652,"1",
"900030",7140,"4",2879652,"1",
"900030",13920,"5",2879652,"1",
"980000",45073,"1",2879652,"1",
"980000",39485,"2",2879652,"1",
"980000",33405,"3",2879652,"1",
"980000",33202,"4",2879652,"1",
"980000",39886,"5",2879652,"1",
"980070",45073,"1",2879652,"1",
"980070",39485,"2",2879652,"1",
"980070",33405,"3",2879652,"1",
"980070",33202,"4",2879652,"1",
"980070",39886,"5",2879652,"1",
"900030",15600,"1",2879661,"1",
"900030",15600,"2",2879661,"1",
"900030",15600,"3",2879661,"1",
"900030",15600,"4",2879661,"1",
"900030",15600,"5",2879661,"1",
"900170",24000,"1",2879661,"1",
"900170",24000,"2",2879661,"1",
"900170",24000,"3",2879661,"1",
"900170",24000,"4",2879661,"1",
"900170",24000,"5",2879661,"1",
"900180",159,"1",2879661,"1",
"900180",159,"2",2879661,"1",
"900180",159,"3",2879661,"1",
"900180",159,"4",2879661,"1",
"900180",159,"5",2879661,"1",
"980000",39759,"1",2879661,"1",
"980000",39759,"2",2879661,"1",
"980000",39759,"3",2879661,"1",
"980000",39759,"4",2879661,"1",
"980000",39759,"5",2879661,"1",
"980070",42022,"1",2879661,"1",
"980070",42022,"2",2879661,"1",
"980070",42022,"3",2879661,"1",
"980070",42022,"4",2879661,"1",
"980070",42022,"5",2879661,"1",
"900030",15600,"1",2879662,"1",
"900030",15600,"2",2879662,"1",
"900030",15600,"3",2879662,"1",
"900030",15600,"4",2879662,"1",
"900030",15600,"5",2879662,"1",
"900170",24000,"1",2879662,"1",
"900170",24000,"2",2879662,"1",
"900170",24000,"3",2879662,"1",
"900170",24000,"4",2879662,"1",
"900170",24000,"5",2879662,"1",
"900180",159,"1",2879662,"1",
"900180",159,"2",2879662,"1",
"900180",159,"3",2879662,"1",
"900180",159,"4",2879662,"1",
"900180",159,"5",2879662,"1",
"980000",39759,"1",2879662,"1",
"980000",39759,"2",2879662,"1",
"980000",39759,"3",2879662,"1",
"980000",39759,"4",2879662,"1",
"980000",39759,"5",2879662,"1",
"980070",42022,"1",2879662,"1",
"980070",42022,"2",2879662,"1",
"980070",42022,"3",2879662,"1",
"980070",42022,"4",2879662,"1",
"980070",42022,"5",2879662,"1",
"900000",10280,"1",2879671,"1",
"900000",40829,"2",2879671,"1",
"900000",19874,"3",2879671,"1",
"900000",15414,"4",2879671,"1",
"900000",19817,"5",2879671,"1",
"980000",10280,"1",2879671,"1",
"980000",40829,"2",2879671,"1",
"980000",19874,"3",2879671,"1",
"980000",15414,"4",2879671,"1",
"980000",19817,"5",2879671,"1",
"980070",10280,"1",2879671,"1",
"980070",40829,"2",2879671,"1",
"980070",19874,"3",2879671,"1",
"980070",15414,"4",2879671,"1",
"980070",19817,"5",2879671,"1",
"900000",19144,"1",2879672,"1",
"900000",10915,"2",2879672,"1",
"900000",14316,"3",2879672,"1",
"900000",61779,"4",2879672,"1",
"900000",28301,"5",2879672,"1",
"980000",19144,"1",2879672,"1",
"980000",10915,"2",2879672,"1",
"980000",14316,"3",2879672,"1",
"980000",61779,"4",2879672,"1",
"980000",28301,"5",2879672,"1",
"980070",19144,"1",2879672,"1",
"980070",10915,"2",2879672,"1",
"980070",14316,"3",2879672,"1",
"980070",61779,"4",2879672,"1",
"980070",28301,"5",2879672,"1",
"900000",44000,"1",2879681,"1",
"900000",44000,"2",2879681,"1",
"900000",44000,"3",2879681,"1",
"900000",44000,"4",2879681,"1",
"900000",44000,"5",2879681,"1",
"980000",44000,"1",2879681,"1",
"980000",44000,"2",2879681,"1",
"980000",44000,"3",2879681,"1",
"980000",44000,"4",2879681,"1",
"980000",44000,"5",2879681,"1",
"980070",47200,"1",2879681,"1",
"980070",47200,"2",2879681,"1",
"980070",47200,"3",2879681,"1",
"980070",47200,"4",2879681,"1",
"980070",47200,"5",2879681,"1",
"900000",44000,"1",2879682,"1",
"900000",44000,"2",2879682,"1",
"900000",44000,"3",2879682,"1",
"900000",44000,"4",2879682,"1",
"900000",44000,"5",2879682,"1",
"980000",44000,"1",2879682,"1",
"980000",44000,"2",2879682,"1",
"980000",44000,"3",2879682,"1",
"980000",44000,"4",2879682,"1",
"980000",44000,"5",2879682,"1",
"980070",47200,"1",2879682,"1",
"980070",47200,"2",2879682,"1",
"980070",47200,"3",2879682,"1",
"980070",47200,"4",2879682,"1",
"980070",47200,"5",2879682,"1",
"900000",1996,"1",2879691,"1",
"900000",1515,"2",2879691,"1",
"900000",2109,"3",2879691,"1",
"900000",2378,"4",2879691,"1",
"900000",2005,"5",2879691,"1",
"900150",7200,"1",2879691,"1",
"900150",7200,"2",2879691,"1",
"900150",7200,"3",2879691,"1",
"900150",7200,"4",2879691,"1",
"900150",7200,"5",2879691,"1",
"980000",9196,"1",2879691,"1",
"980000",8715,"2",2879691,"1",
"980000",9309,"3",2879691,"1",
"980000",9578,"4",2879691,"1",
"980000",9205,"5",2879691,"1",
"980070",9196,"1",2879691,"1",
"980070",8715,"2",2879691,"1",
"980070",9309,"3",2879691,"1",
"980070",9578,"4",2879691,"1",
"980070",9205,"5",2879691,"1",
"900000",1540,"1",2879692,"1",
"900000",2013,"2",2879692,"1",
"900000",1842,"3",2879692,"1",
"900000",4574,"4",2879692,"1",
"900000",1283,"5",2879692,"1",
"900150",7200,"1",2879692,"1",
"900150",7200,"2",2879692,"1",
"900150",7200,"3",2879692,"1",
"900150",7200,"4",2879692,"1",
"900150",7200,"5",2879692,"1",
"980000",8740,"1",2879692,"1",
"980000",9213,"2",2879692,"1",
"980000",9042,"3",2879692,"1",
"980000",11774,"4",2879692,"1",
"980000",8483,"5",2879692,"1",
"980070",8740,"1",2879692,"1",
"980070",9213,"2",2879692,"1",
"980070",9042,"3",2879692,"1",
"980070",11774,"4",2879692,"1",
"980070",8483,"5",2879692,"1",
"900000",1080,"1",2879711,"1",
"900000",1080,"2",2879711,"1",
"900000",1080,"3",2879711,"1",
"900000",1080,"4",2879711,"1",
"900000",1080,"5",2879711,"1",
"980000",1080,"1",2879711,"1",
"980000",1080,"2",2879711,"1",
"980000",1080,"3",2879711,"1",
"980000",1080,"4",2879711,"1",
"980000",1080,"5",2879711,"1",
"980070",1080,"1",2879711,"1",
"980070",1080,"2",2879711,"1",
"980070",1080,"3",2879711,"1",
"980070",1080,"4",2879711,"1",
"980070",1080,"5",2879711,"1",
"900000",1080,"1",2879712,"1",
"900000",1080,"2",2879712,"1",
"900000",1080,"3",2879712,"1",
"900000",1080,"4",2879712,"1",
"900000",1080,"5",2879712,"1",
"980000",1080,"1",2879712,"1",
"980000",1080,"2",2879712,"1",
"980000",1080,"3",2879712,"1",
"980000",1080,"4",2879712,"1",
"980000",1080,"5",2879712,"1",
"980070",1080,"1",2879712,"1",
"980070",1080,"2",2879712,"1",
"980070",1080,"3",2879712,"1",
"980070",1080,"4",2879712,"1",
"980070",1080,"5",2879712,"1",
"900000",43000,"1",2879731,"1",
"900000",43000,"2",2879731,"1",
"900000",43000,"3",2879731,"1",
"900000",43000,"4",2879731,"1",
"900000",43000,"5",2879731,"1",
"980000",43000,"1",2879731,"1",
"980000",43000,"2",2879731,"1",
"980000",43000,"3",2879731,"1",
"980000",43000,"4",2879731,"1",
"980000",43000,"5",2879731,"1",
"980070",43000,"1",2879731,"1",
"980070",43000,"2",2879731,"1",
"980070",43000,"3",2879731,"1",
"980070",43000,"4",2879731,"1",
"980070",43000,"5",2879731,"1",
"900000",43000,"1",2879732,"1",
"900000",43000,"2",2879732,"1",
"900000",43000,"3",2879732,"1",
"900000",43000,"4",2879732,"1",
"900000",43000,"5",2879732,"1",
"980000",43000,"1",2879732,"1",
"980000",43000,"2",2879732,"1",
"980000",43000,"3",2879732,"1",
"980000",43000,"4",2879732,"1",
"980000",43000,"5",2879732,"1",
"980070",43000,"1",2879732,"1",
"980070",43000,"2",2879732,"1",
"980070",43000,"3",2879732,"1",
"980070",43000,"4",2879732,"1",
"980070",43000,"5",2879732,"1",
"900090",1200,"1",2879741,"1",
"900090",1200,"2",2879741,"1",
"900090",1200,"3",2879741,"1",
"900090",1200,"4",2879741,"1",
"900090",1200,"5",2879741,"1",
"900150",1665,"1",2879741,"1",
"900150",1665,"2",2879741,"1",
"900150",1665,"3",2879741,"1",
"900150",1665,"4",2879741,"1",
"900150",1665,"5",2879741,"1",
"900180",34,"1",2879741,"1",
"900180",94,"2",2879741,"1",
"900180",66,"3",2879741,"1",
"900180",126,"4",2879741,"1",
"900180",120,"5",2879741,"1",
"900210",2618,"1",2879741,"1",
"900210",2079,"2",2879741,"1",
"900210",2301,"3",2879741,"1",
"900210",2309,"4",2879741,"1",
"900210",2994,"5",2879741,"1",
"980000",5517,"1",2879741,"1",
"980000",5038,"2",2879741,"1",
"980000",5232,"3",2879741,"1",
"980000",5300,"4",2879741,"1",
"980000",5979,"5",2879741,"1",
"980070",6192,"1",2879741,"1",
"980070",5713,"2",2879741,"1",
"980070",5907,"3",2879741,"1",
"980070",5975,"4",2879741,"1",
"980070",6654,"5",2879741,"1",
"900090",1200,"1",2879742,"1",
"900090",1200,"2",2879742,"1",
"900090",1200,"3",2879742,"1",
"900090",1200,"4",2879742,"1",
"900090",1200,"5",2879742,"1",
"900150",1665,"1",2879742,"1",
"900150",1665,"2",2879742,"1",
"900150",1665,"3",2879742,"1",
"900150",1665,"4",2879742,"1",
"900150",1665,"5",2879742,"1",
"900180",11,"1",2879742,"1",
"900180",78,"2",2879742,"1",
"900180",126,"3",2879742,"1",
"900180",14,"4",2879742,"1",
"900180",20,"5",2879742,"1",
"900210",2004,"1",2879742,"1",
"900210",2119,"2",2879742,"1",
"900210",2006,"3",2879742,"1",
"900210",2985,"4",2879742,"1",
"900210",2438,"5",2879742,"1",
"980000",4880,"1",2879742,"1",
"980000",5062,"2",2879742,"1",
"980000",4997,"3",2879742,"1",
"980000",5864,"4",2879742,"1",
"980000",5323,"5",2879742,"1",
"980070",5555,"1",2879742,"1",
"980070",5737,"2",2879742,"1",
"980070",5672,"3",2879742,"1",
"980070",6539,"4",2879742,"1",
"980070",5998,"5",2879742,"1",
"900000",6097,"1",2879751,"1",
"900000",9855,"2",2879751,"1",
"900000",6684,"3",2879751,"1",
"900000",5060,"4",2879751,"1",
"900000",5704,"5",2879751,"1",
"900120",250,"1",2879751,"1",
"900120",250,"2",2879751,"1",
"900120",250,"3",2879751,"1",
"900120",250,"4",2879751,"1",
"900120",250,"5",2879751,"1",
"900150",6000,"1",2879751,"1",
"900150",6000,"2",2879751,"1",
"900150",6000,"3",2879751,"1",
"900150",6000,"4",2879751,"1",
"900150",6000,"5",2879751,"1",
"980000",12347,"1",2879751,"1",
"980000",16105,"2",2879751,"1",
"980000",12934,"3",2879751,"1",
"980000",11310,"4",2879751,"1",
"980000",11954,"5",2879751,"1",
"980070",14347,"1",2879751,"1",
"980070",18105,"2",2879751,"1",
"980070",14934,"3",2879751,"1",
"980070",13310,"4",2879751,"1",
"980070",13954,"5",2879751,"1",
"900000",7675,"1",2879752,"1",
"900000",5352,"2",2879752,"1",
"900000",6244,"3",2879752,"1",
"900000",8272,"4",2879752,"1",
"900000",9512,"5",2879752,"1",
"900120",250,"1",2879752,"1",
"900120",250,"2",2879752,"1",
"900120",250,"3",2879752,"1",
"900120",250,"4",2879752,"1",
"900120",250,"5",2879752,"1",
"900150",6000,"1",2879752,"1",
"900150",6000,"2",2879752,"1",
"900150",6000,"3",2879752,"1",
"900150",6000,"4",2879752,"1",
"900150",6000,"5",2879752,"1",
"980000",13925,"1",2879752,"1",
"980000",11602,"2",2879752,"1",
"980000",12494,"3",2879752,"1",
"980000",14522,"4",2879752,"1",
"980000",15762,"5",2879752,"1",
"980070",15925,"1",2879752,"1",
"980070",13602,"2",2879752,"1",
"980070",14494,"3",2879752,"1",
"980070",16522,"4",2879752,"1",
"980070",17762,"5",2879752,"1",
"900000",5556,"1",2879761,"1",
"900000",6952,"2",2879761,"1",
"900000",8967,"3",2879761,"1",
"900000",7276,"4",2879761,"1",
"900000",8599,"5",2879761,"1",
"900180",737,"1",2879761,"1",
"900180",55,"2",2879761,"1",
"900180",72,"3",2879761,"1",
"900180",107,"4",2879761,"1",
"900180",121,"5",2879761,"1",
"900200",5819,"1",2879761,"1",
"900200",6969,"2",2879761,"1",
"900200",6149,"3",2879761,"1",
"900200",7109,"4",2879761,"1",
"900200",8007,"5",2879761,"1",
"980000",12112,"1",2879761,"1",
"980000",13976,"2",2879761,"1",
"980000",15188,"3",2879761,"1",
"980000",14492,"4",2879761,"1",
"980000",16727,"5",2879761,"1",
"980070",14712,"1",2879761,"1",
"980070",16576,"2",2879761,"1",
"980070",17788,"3",2879761,"1",
"980070",17092,"4",2879761,"1",
"980070",19327,"5",2879761,"1",
"900000",5346,"1",2879762,"1",
"900000",6378,"2",2879762,"1",
"900000",7894,"3",2879762,"1",
"900000",6795,"4",2879762,"1",
"900000",5668,"5",2879762,"1",
"900180",139,"1",2879762,"1",
"900180",114,"2",2879762,"1",
"900180",828,"3",2879762,"1",
"900180",96,"4",2879762,"1",
"900180",34,"5",2879762,"1",
"900200",6056,"1",2879762,"1",
"900200",5461,"2",2879762,"1",
"900200",6526,"3",2879762,"1",
"900200",6152,"4",2879762,"1",
"900200",8753,"5",2879762,"1",
"980000",11541,"1",2879762,"1",
"980000",11953,"2",2879762,"1",
"980000",15248,"3",2879762,"1",
"980000",13043,"4",2879762,"1",
"980000",14455,"5",2879762,"1",
"980070",14141,"1",2879762,"1",
"980070",14553,"2",2879762,"1",
"980070",17848,"3",2879762,"1",
"980070",15643,"4",2879762,"1",
"980070",17055,"5",2879762,"1",
"900000",2500,"1",2879781,"1",
"900000",2500,"2",2879781,"1",
"900000",2500,"3",2879781,"1",
"900000",2500,"4",2879781,"1",
"900000",2500,"5",2879781,"1",
"900030",33718,"1",2879781,"1",
"900030",33718,"2",2879781,"1",
"900030",33718,"3",2879781,"1",
"900030",33718,"4",2879781,"1",
"900030",33718,"5",2879781,"1",
"900170",36000,"1",2879781,"1",
"900170",36000,"2",2879781,"1",
"900170",36000,"3",2879781,"1",
"900170",36000,"4",2879781,"1",
"900170",36000,"5",2879781,"1",
"980000",72218,"1",2879781,"1",
"980000",72218,"2",2879781,"1",
"980000",72218,"3",2879781,"1",
"980000",72218,"4",2879781,"1",
"980000",72218,"5",2879781,"1",
"980070",72008,"1",2879781,"1",
"980070",72008,"2",2879781,"1",
"980070",72008,"3",2879781,"1",
"980070",72008,"4",2879781,"1",
"980070",72008,"5",2879781,"1",
"900000",2500,"1",2879782,"1",
"900000",2500,"2",2879782,"1",
"900000",2500,"3",2879782,"1",
"900000",2500,"4",2879782,"1",
"900000",2500,"5",2879782,"1",
"900030",33718,"1",2879782,"1",
"900030",33718,"2",2879782,"1",
"900030",33718,"3",2879782,"1",
"900030",33718,"4",2879782,"1",
"900030",33718,"5",2879782,"1",
"900170",36000,"1",2879782,"1",
"900170",36000,"2",2879782,"1",
"900170",36000,"3",2879782,"1",
"900170",36000,"4",2879782,"1",
"900170",36000,"5",2879782,"1",
"980000",72218,"1",2879782,"1",
"980000",72218,"2",2879782,"1",
"980000",72218,"3",2879782,"1",
"980000",72218,"4",2879782,"1",
"980000",72218,"5",2879782,"1",
"980070",72008,"1",2879782,"1",
"980070",72008,"2",2879782,"1",
"980070",72008,"3",2879782,"1",
"980070",72008,"4",2879782,"1",
"980070",72008,"5",2879782,"1",
"900000",204000,"1",2879791,"1",
"900000",204000,"2",2879791,"1",
"900000",204000,"3",2879791,"1",
"900000",204000,"4",2879791,"1",
"900000",204000,"5",2879791,"1",
"900180",47,"1",2879791,"1",
"900180",111,"2",2879791,"1",
"900180",29,"3",2879791,"1",
"900180",88,"4",2879791,"1",
"900180",46,"5",2879791,"1",
"900200",932,"1",2879791,"1",
"900200",66,"2",2879791,"1",
"900200",372,"3",2879791,"1",
"900200",119,"4",2879791,"1",
"900200",380,"5",2879791,"1",
"950002",14668,"1",2879791,"1",
"950002",14668,"2",2879791,"1",
"950002",14668,"3",2879791,"1",
"950002",14668,"4",2879791,"1",
"950002",14668,"5",2879791,"1",
"950012",6327,"1",2879791,"1",
"950012",6327,"2",2879791,"1",
"950012",6327,"3",2879791,"1",
"950012",6327,"4",2879791,"1",
"950012",6327,"5",2879791,"1",
"980000",204979,"1",2879791,"1",
"980000",204177,"2",2879791,"1",
"980000",204401,"3",2879791,"1",
"980000",204207,"4",2879791,"1",
"980000",204426,"5",2879791,"1",
"980070",180899,"1",2879791,"1",
"980070",180097,"2",2879791,"1",
"980070",180321,"3",2879791,"1",
"980070",180127,"4",2879791,"1",
"980070",180346,"5",2879791,"1",
"900000",204000,"1",2879792,"1",
"900000",204000,"2",2879792,"1",
"900000",204000,"3",2879792,"1",
"900000",204000,"4",2879792,"1",
"900000",204000,"5",2879792,"1",
"900180",62,"1",2879792,"1",
"900180",115,"2",2879792,"1",
"900180",34,"3",2879792,"1",
"900180",62,"4",2879792,"1",
"900180",55,"5",2879792,"1",
"900200",12,"1",2879792,"1",
"900200",995,"2",2879792,"1",
"900200",107,"3",2879792,"1",
"900200",30,"4",2879792,"1",
"900200",155,"5",2879792,"1",
"950002",14668,"1",2879792,"1",
"950002",14668,"2",2879792,"1",
"950002",14668,"3",2879792,"1",
"950002",14668,"4",2879792,"1",
"950002",14668,"5",2879792,"1",
"950012",6327,"1",2879792,"1",
"950012",6327,"2",2879792,"1",
"950012",6327,"3",2879792,"1",
"950012",6327,"4",2879792,"1",
"950012",6327,"5",2879792,"1",
"980000",204074,"1",2879792,"1",
"980000",205110,"2",2879792,"1",
"980000",204141,"3",2879792,"1",
"980000",204092,"4",2879792,"1",
"980000",204210,"5",2879792,"1",
"980070",179994,"1",2879792,"1",
"980070",181030,"2",2879792,"1",
"980070",180061,"3",2879792,"1",
"980070",180012,"4",2879792,"1",
"980070",180130,"5",2879792,"1",
"800940",10967,"1",2879801,"1","T"
"800940",10967,"2",2879801,"1","T"
"800940",10967,"3",2879801,"1","T"
"800940",10967,"4",2879801,"1","T"
"800940",10967,"5",2879801,"1","T"
"900000",113494,"1",2879801,"1",
"900000",96727,"2",2879801,"1",
"900000",99861,"3",2879801,"1",
"900000",96839,"4",2879801,"1",
"900000",98429,"5",2879801,"1",
"900160",32887,"1",2879801,"1",
"900160",40966,"2",2879801,"1",
"900160",51658,"3",2879801,"1",
"900160",155064,"4",2879801,"1",
"900160",2677,"5",2879801,"1",
"980000",146381,"1",2879801,"1",
"980000",137693,"2",2879801,"1",
"980000",151519,"3",2879801,"1",
"980000",251903,"4",2879801,"1",
"980000",101106,"5",2879801,"1",
"980070",146381,"1",2879801,"1",
"980070",137693,"2",2879801,"1",
"980070",151519,"3",2879801,"1",
"980070",251903,"4",2879801,"1",
"980070",101106,"5",2879801,"1",
"800940",10967,"1",2879802,"1","T"
"800940",10967,"2",2879802,"1","T"
"800940",10967,"3",2879802,"1","T"
"800940",10967,"4",2879802,"1","T"
"800940",10967,"5",2879802,"1","T"
"900000",129462,"1",2879802,"1",
"900000",106879,"2",2879802,"1",
"900000",102317,"3",2879802,"1",
"900000",87741,"4",2879802,"1",
"900000",96488,"5",2879802,"1",
"900160",78928,"1",2879802,"1",
"900160",50791,"2",2879802,"1",
"900160",75366,"3",2879802,"1",
"900160",16969,"4",2879802,"1",
"900160",35000,"5",2879802,"1",
"980000",208390,"1",2879802,"1",
"980000",157670,"2",2879802,"1",
"980000",177683,"3",2879802,"1",
"980000",104710,"4",2879802,"1",
"980000",131488,"5",2879802,"1",
"980070",208390,"1",2879802,"1",
"980070",157670,"2",2879802,"1",
"980070",177683,"3",2879802,"1",
"980070",104710,"4",2879802,"1",
"980070",131488,"5",2879802,"1",
"900000",15000,"1",2879851,"1",
"900000",15000,"2",2879851,"1",
"900000",15000,"3",2879851,"1",
"900000",15000,"4",2879851,"1",
"900000",15000,"5",2879851,"1",
"980000",15000,"1",2879851,"1",
"980000",15000,"2",2879851,"1",
"980000",15000,"3",2879851,"1",
"980000",15000,"4",2879851,"1",
"980000",15000,"5",2879851,"1",
"980070",15000,"1",2879851,"1",
"980070",15000,"2",2879851,"1",
"980070",15000,"3",2879851,"1",
"980070",15000,"4",2879851,"1",
"980070",15000,"5",2879851,"1",
"900000",15000,"1",2879852,"1",
"900000",15000,"2",2879852,"1",
"900000",15000,"3",2879852,"1",
"900000",15000,"4",2879852,"1",
"900000",15000,"5",2879852,"1",
"980000",15000,"1",2879852,"1",
"980000",15000,"2",2879852,"1",
"980000",15000,"3",2879852,"1",
"980000",15000,"4",2879852,"1",
"980000",15000,"5",2879852,"1",
"980070",15000,"1",2879852,"1",
"980070",15000,"2",2879852,"1",
"980070",15000,"3",2879852,"1",
"980070",15000,"4",2879852,"1",
"980070",15000,"5",2879852,"1",
"900000",56000,"1",2879861,"1",
"900000",56000,"2",2879861,"1",
"900000",56000,"3",2879861,"1",
"900000",56000,"4",2879861,"1",
"900000",56000,"5",2879861,"1",
"980000",56000,"1",2879861,"1",
"980000",56000,"2",2879861,"1",
"980000",56000,"3",2879861,"1",
"980000",56000,"4",2879861,"1",
"980000",56000,"5",2879861,"1",
"980070",58120,"1",2879861,"1",
"980070",58120,"2",2879861,"1",
"980070",58120,"3",2879861,"1",
"980070",58120,"4",2879861,"1",
"980070",58120,"5",2879861,"1",
"900000",56000,"1",2879862,"1",
"900000",56000,"2",2879862,"1",
"900000",56000,"3",2879862,"1",
"900000",56000,"4",2879862,"1",
"900000",56000,"5",2879862,"1",
"980000",56000,"1",2879862,"1",
"980000",56000,"2",2879862,"1",
"980000",56000,"3",2879862,"1",
"980000",56000,"4",2879862,"1",
"980000",56000,"5",2879862,"1",
"980070",58120,"1",2879862,"1",
"980070",58120,"2",2879862,"1",
"980070",58120,"3",2879862,"1",
"980070",58120,"4",2879862,"1",
"980070",58120,"5",2879862,"1",
"900000",34090,"1",2879871,"1",
"900000",32053,"2",2879871,"1",
"900000",31941,"3",2879871,"1",
"900000",38634,"4",2879871,"1",
"900000",31050,"5",2879871,"1",
"980000",34090,"1",2879871,"1",
"980000",32053,"2",2879871,"1",
"980000",31941,"3",2879871,"1",
"980000",38634,"4",2879871,"1",
"980000",31050,"5",2879871,"1",
"980070",34090,"1",2879871,"1",
"980070",32053,"2",2879871,"1",
"980070",31941,"3",2879871,"1",
"980070",38634,"4",2879871,"1",
"980070",31050,"5",2879871,"1",
"900000",31048,"1",2879872,"1",
"900000",34609,"2",2879872,"1",
"900000",38769,"3",2879872,"1",
"900000",32249,"4",2879872,"1",
"900000",33440,"5",2879872,"1",
"980000",31048,"1",2879872,"1",
"980000",34609,"2",2879872,"1",
"980000",38769,"3",2879872,"1",
"980000",32249,"4",2879872,"1",
"980000",33440,"5",2879872,"1",
"980070",31048,"1",2879872,"1",
"980070",34609,"2",2879872,"1",
"980070",38769,"3",2879872,"1",
"980070",32249,"4",2879872,"1",
"980070",33440,"5",2879872,"1",
"900000",227487,"1",2879881,"1","T"
"900000",227487,"2",2879881,"1","T"
"900000",227487,"3",2879881,"1","T"
"900000",227487,"4",2879881,"1","T"
"900000",227487,"5",2879881,"1","T"
"980000",227487,"1",2879881,"1","T"
"980000",227487,"2",2879881,"1","T"
"980000",227487,"3",2879881,"1","T"
"980000",227487,"4",2879881,"1","T"
"980000",227487,"5",2879881,"1","T"
"980070",226387,"1",2879881,"1","T"
"980070",226387,"2",2879881,"1","T"
"980070",226387,"3",2879881,"1","T"
"980070",226387,"4",2879881,"1","T"
"980070",226387,"5",2879881,"1","T"
"900000",227487,"1",2879882,"1","T"
"900000",227487,"2",2879882,"1","T"
"900000",227487,"3",2879882,"1","T"
"900000",227487,"4",2879882,"1","T"
"900000",227487,"5",2879882,"1","T"
"980000",227487,"1",2879882,"1","T"
"980000",227487,"2",2879882,"1","T"
"980000",227487,"3",2879882,"1","T"
"980000",227487,"4",2879882,"1","T"
"980000",227487,"5",2879882,"1","T"
"980070",226387,"1",2879882,"1","T"
"980070",226387,"2",2879882,"1","T"
"980070",226387,"3",2879882,"1","T"
"980070",226387,"4",2879882,"1","T"
"980070",226387,"5",2879882,"1","T"
"900000",5400,"1",2879891,"1",
"900000",5400,"2",2879891,"1",
"900000",5400,"3",2879891,"1",
"900000",5400,"4",2879891,"1",
"900000",5400,"5",2879891,"1",
"900030",16008,"1",2879891,"1",
"900030",16008,"2",2879891,"1",
"900030",16008,"3",2879891,"1",
"900030",16008,"4",2879891,"1",
"900030",16008,"5",2879891,"1",
"900170",36000,"1",2879891,"1",
"900170",36000,"2",2879891,"1",
"900170",36000,"3",2879891,"1",
"900170",36000,"4",2879891,"1",
"900170",36000,"5",2879891,"1",
"980000",57408,"1",2879891,"1",
"980000",57408,"2",2879891,"1",
"980000",57408,"3",2879891,"1",
"980000",57408,"4",2879891,"1",
"980000",57408,"5",2879891,"1",
"980070",56864,"1",2879891,"1",
"980070",56864,"2",2879891,"1",
"980070",56864,"3",2879891,"1",
"980070",56864,"4",2879891,"1",
"980070",56864,"5",2879891,"1",
"900000",5400,"1",2879892,"1",
"900000",5400,"2",2879892,"1",
"900000",5400,"3",2879892,"1",
"900000",5400,"4",2879892,"1",
"900000",5400,"5",2879892,"1",
"900030",16008,"1",2879892,"1",
"900030",16008,"2",2879892,"1",
"900030",16008,"3",2879892,"1",
"900030",16008,"4",2879892,"1",
"900030",16008,"5",2879892,"1",
"900170",36000,"1",2879892,"1",
"900170",36000,"2",2879892,"1",
"900170",36000,"3",2879892,"1",
"900170",36000,"4",2879892,"1",
"900170",36000,"5",2879892,"1",
"980000",57408,"1",2879892,"1",
"980000",57408,"2",2879892,"1",
"980000",57408,"3",2879892,"1",
"980000",57408,"4",2879892,"1",
"980000",57408,"5",2879892,"1",
"980070",56864,"1",2879892,"1",
"980070",56864,"2",2879892,"1",
"980070",56864,"3",2879892,"1",
"980070",56864,"4",2879892,"1",
"980070",56864,"5",2879892,"1",
"900000",80500,"1",2879901,"1",
"900000",80500,"2",2879901,"1",
"900000",80500,"3",2879901,"1",
"900000",80500,"4",2879901,"1",
"900000",80500,"5",2879901,"1",
"900180",50,"1",2879901,"1",
"900180",50,"2",2879901,"1",
"900180",50,"3",2879901,"1",
"900180",50,"4",2879901,"1",
"900180",50,"5",2879901,"1",
"900210",4800,"1",2879901,"1",
"900210",4800,"2",2879901,"1",
"900210",4800,"3",2879901,"1",
"900210",4800,"4",2879901,"1",
"900210",4800,"5",2879901,"1",
"950002",3426,"1",2879901,"1",
"950002",3426,"2",2879901,"1",
"950002",3426,"3",2879901,"1",
"950002",3426,"4",2879901,"1",
"950002",3426,"5",2879901,"1",
"950012",1792,"1",2879901,"1",
"950012",1792,"2",2879901,"1",
"950012",1792,"3",2879901,"1",
"950012",1792,"4",2879901,"1",
"950012",1792,"5",2879901,"1",
"980000",85350,"1",2879901,"1",
"980000",85350,"2",2879901,"1",
"980000",85350,"3",2879901,"1",
"980000",85350,"4",2879901,"1",
"980000",85350,"5",2879901,"1",
"980070",92669,"1",2879901,"1","T"
"980070",92669,"2",2879901,"1","T"
"980070",92669,"3",2879901,"1","T"
"980070",92669,"4",2879901,"1","T"
"980070",92669,"5",2879901,"1","T"
"900000",80500,"1",2879902,"1",
"900000",80500,"2",2879902,"1",
"900000",80500,"3",2879902,"1",
"900000",80500,"4",2879902,"1",
"900000",80500,"5",2879902,"1",
"900180",50,"1",2879902,"1",
"900180",50,"2",2879902,"1",
"900180",50,"3",2879902,"1",
"900180",50,"4",2879902,"1",
"900180",50,"5",2879902,"1",
"900210",4800,"1",2879902,"1",
"900210",4800,"2",2879902,"1",
"900210",4800,"3",2879902,"1",
"900210",4800,"4",2879902,"1",
"900210",4800,"5",2879902,"1",
"950002",3426,"1",2879902,"1",
"950002",3426,"2",2879902,"1",
"950002",3426,"3",2879902,"1",
"950002",3426,"4",2879902,"1",
"950002",3426,"5",2879902,"1",
"950012",1792,"1",2879902,"1",
"950012",1792,"2",2879902,"1",
"950012",1792,"3",2879902,"1",
"950012",1792,"4",2879902,"1",
"950012",1792,"5",2879902,"1",
"980000",85350,"1",2879902,"1",
"980000",85350,"2",2879902,"1",
"980000",85350,"3",2879902,"1",
"980000",85350,"4",2879902,"1",
"980000",85350,"5",2879902,"1",
"980070",92669,"1",2879902,"1","T"
"980070",92669,"2",2879902,"1","T"
"980070",92669,"3",2879902,"1","T"
"980070",92669,"4",2879902,"1","T"
"980070",92669,"5",2879902,"1","T"
"800940",2341,"1",2879911,"1",
"800940",4377,"2",2879911,"1",
"800940",3102,"3",2879911,"1",
"800940",1296,"4",2879911,"1",
"800940",1165,"5",2879911,"1",
"900000",22366,"1",2879911,"1",
"900000",51784,"2",2879911,"1",
"900000",31084,"3",2879911,"1",
"900000",15188,"4",2879911,"1",
"900000",12401,"5",2879911,"1",
"900150",1800,"1",2879911,"1",
"900150",1800,"2",2879911,"1",
"900150",1800,"3",2879911,"1",
"900150",1800,"4",2879911,"1",
"900150",1800,"5",2879911,"1",
"900160",4115,"1",2879911,"1",
"900160",2717,"2",2879911,"1",
"900160",4733,"3",2879911,"1",
"900160",875,"4",2879911,"1",
"900160",1413,"5",2879911,"1",
"900210",12000,"1",2879911,"1",
"900210",12000,"2",2879911,"1",
"900210",12000,"3",2879911,"1",
"900210",12000,"4",2879911,"1",
"900210",12000,"5",2879911,"1",
"980000",40281,"1",2879911,"1",
"980000",68301,"2",2879911,"1",
"980000",49617,"3",2879911,"1",
"980000",29863,"4",2879911,"1",
"980000",27614,"5",2879911,"1",
"980070",40281,"1",2879911,"1",
"980070",68301,"2",2879911,"1",
"980070",49617,"3",2879911,"1",
"980070",29863,"4",2879911,"1",
"980070",27614,"5",2879911,"1",
"800940",3537,"1",2879912,"1",
"800940",1737,"2",2879912,"1",
"800940",3551,"3",2879912,"1",
"800940",3452,"4",2879912,"1",
"800940",6806,"5",2879912,"1",
"900000",44907,"1",2879912,"1",
"900000",21689,"2",2879912,"1",
"900000",45663,"3",2879912,"1",
"900000",44246,"4",2879912,"1",
"900000",79636,"5",2879912,"1",
"900150",1800,"1",2879912,"1",
"900150",1800,"2",2879912,"1",
"900150",1800,"3",2879912,"1",
"900150",1800,"4",2879912,"1",
"900150",1800,"5",2879912,"1",
"900160",665,"1",2879912,"1",
"900160",507,"2",2879912,"1",
"900160",375,"3",2879912,"1",
"900160",439,"4",2879912,"1",
"900160",4663,"5",2879912,"1",
"900210",12000,"1",2879912,"1",
"900210",12000,"2",2879912,"1",
"900210",12000,"3",2879912,"1",
"900210",12000,"4",2879912,"1",
"900210",12000,"5",2879912,"1",
"980000",59372,"1",2879912,"1",
"980000",35996,"2",2879912,"1",
"980000",59838,"3",2879912,"1",
"980000",58485,"4",2879912,"1",
"980000",98099,"5",2879912,"1",
"980070",59372,"1",2879912,"1",
"980070",35996,"2",2879912,"1",
"980070",59838,"3",2879912,"1",
"980070",58485,"4",2879912,"1",
"980070",98099,"5",2879912,"1",
"900000",91000,"1",2879922,"1",
"900000",91000,"2",2879922,"1",
"900000",91000,"3",2879922,"1",
"900000",91000,"4",2879922,"1",
"900000",91000,"5",2879922,"1",
"980000",91000,"1",2879922,"1",
"980000",91000,"2",2879922,"1",
"980000",91000,"3",2879922,"1",
"980000",91000,"4",2879922,"1",
"980000",91000,"5",2879922,"1",
"980070",93700,"1",2879922,"1",
"980070",93700,"2",2879922,"1",
"980070",93700,"3",2879922,"1",
"980070",93700,"4",2879922,"1",
"980070",93700,"5",2879922,"1",
"900000",33600,"1",2879952,"1",
"900000",33600,"2",2879952,"1",
"900000",33600,"3",2879952,"1",
"900000",33600,"4",2879952,"1",
"900000",33600,"5",2879952,"1",
"980000",33600,"1",2879952,"1",
"980000",33600,"2",2879952,"1",
"980000",33600,"3",2879952,"1",
"980000",33600,"4",2879952,"1",
"980000",33600,"5",2879952,"1",
"980070",33600,"1",2879952,"1",
"980070",33600,"2",2879952,"1",
"980070",33600,"3",2879952,"1",
"980070",33600,"4",2879952,"1",
"980070",33600,"5",2879952,"1",
"900000",10000,"1",2879961,"1",
"900000",10000,"2",2879961,"1",
"900000",10000,"3",2879961,"1",
"900000",10000,"4",2879961,"1",
"900000",10000,"5",2879961,"1",
"900150",840,"1",2879961,"1",
"900150",840,"2",2879961,"1",
"900150",840,"3",2879961,"1",
"900150",840,"4",2879961,"1",
"900150",840,"5",2879961,"1",
"980000",10840,"1",2879961,"1",
"980000",10840,"2",2879961,"1",
"980000",10840,"3",2879961,"1",
"980000",10840,"4",2879961,"1",
"980000",10840,"5",2879961,"1",
"980070",11940,"1",2879961,"1",
"980070",11940,"2",2879961,"1",
"980070",11940,"3",2879961,"1",
"980070",11940,"4",2879961,"1",
"980070",11940,"5",2879961,"1",
"900000",10000,"1",2879962,"1",
"900000",10000,"2",2879962,"1",
"900000",10000,"3",2879962,"1",
"900000",10000,"4",2879962,"1",
"900000",10000,"5",2879962,"1",
"900150",840,"1",2879962,"1",
"900150",840,"2",2879962,"1",
"900150",840,"3",2879962,"1",
"900150",840,"4",2879962,"1",
"900150",840,"5",2879962,"1",
"980000",10840,"1",2879962,"1",
"980000",10840,"2",2879962,"1",
"980000",10840,"3",2879962,"1",
"980000",10840,"4",2879962,"1",
"980000",10840,"5",2879962,"1",
"980070",11940,"1",2879962,"1",
"980070",11940,"2",2879962,"1",
"980070",11940,"3",2879962,"1",
"980070",11940,"4",2879962,"1",
"980070",11940,"5",2879962,"1",
"900000",95000,"1",2879972,"1",
"900000",95000,"2",2879972,"1",
"900000",95000,"3",2879972,"1",
"900000",95000,"4",2879972,"1",
"900000",95000,"5",2879972,"1",
"980000",95000,"1",2879972,"1",
"980000",95000,"2",2879972,"1",
"980000",95000,"3",2879972,"1",
"980000",95000,"4",2879972,"1",
"980000",95000,"5",2879972,"1",
"980070",97000,"1",2879972,"1",
"980070",97000,"2",2879972,"1",
"980070",97000,"3",2879972,"1",
"980070",97000,"4",2879972,"1",
"980070",97000,"5",2879972,"1",
"900000",24859,"1",2879991,"1",
"900000",24819,"2",2879991,"1",
"900000",12258,"3",2879991,"1",
"900000",39205,"4",2879991,"1",
"900000",17033,"5",2879991,"1",
"980000",24859,"1",2879991,"1",
"980000",24819,"2",2879991,"1",
"980000",12258,"3",2879991,"1",
"980000",39205,"4",2879991,"1",
"980000",17033,"5",2879991,"1",
"980070",24859,"1",2879991,"1",
"980070",24819,"2",2879991,"1",
"980070",12258,"3",2879991,"1",
"980070",39205,"4",2879991,"1",
"980070",17033,"5",2879991,"1",
"900030",18600,"1",2880011,"1",
"900030",18600,"2",2880011,"1",
"900030",18600,"3",2880011,"1",
"900030",18600,"4",2880011,"1",
"900030",18600,"5",2880011,"1",
"900090",1200,"1",2880011,"1",
"900090",1200,"2",2880011,"1",
"900090",1200,"3",2880011,"1",
"900090",1200,"4",2880011,"1",
"900090",1200,"5",2880011,"1",
"900150",960,"1",2880011,"1",
"900150",960,"2",2880011,"1",
"900150",960,"3",2880011,"1",
"900150",960,"4",2880011,"1",
"900150",960,"5",2880011,"1",
"980000",20760,"1",2880011,"1",
"980000",20760,"2",2880011,"1",
"980000",20760,"3",2880011,"1",
"980000",20760,"4",2880011,"1",
"980000",20760,"5",2880011,"1",
"980070",23260,"1",2880011,"1",
"980070",23260,"2",2880011,"1",
"980070",23260,"3",2880011,"1",
"980070",23260,"4",2880011,"1",
"980070",23260,"5",2880011,"1",
"900030",18600,"1",2880012,"1",
"900030",18600,"2",2880012,"1",
"900030",18600,"3",2880012,"1",
"900030",18600,"4",2880012,"1",
"900030",18600,"5",2880012,"1",
"900090",1200,"1",2880012,"1",
"900090",1200,"2",2880012,"1",
"900090",1200,"3",2880012,"1",
"900090",1200,"4",2880012,"1",
"900090",1200,"5",2880012,"1",
"900150",960,"1",2880012,"1",
"900150",960,"2",2880012,"1",
"900150",960,"3",2880012,"1",
"900150",960,"4",2880012,"1",
"900150",960,"5",2880012,"1",
"980000",20760,"1",2880012,"1",
"980000",20760,"2",2880012,"1",
"980000",20760,"3",2880012,"1",
"980000",20760,"4",2880012,"1",
"980000",20760,"5",2880012,"1",
"980070",23260,"1",2880012,"1",
"980070",23260,"2",2880012,"1",
"980070",23260,"3",2880012,"1",
"980070",23260,"4",2880012,"1",
"980070",23260,"5",2880012,"1",
"900030",15419,"1",2880021,"1",
"900030",15419,"2",2880021,"1",
"900030",15419,"3",2880021,"1",
"900030",15419,"4",2880021,"1",
"900030",15419,"5",2880021,"1",
"980000",15419,"1",2880021,"1",
"980000",15419,"2",2880021,"1",
"980000",15419,"3",2880021,"1",
"980000",15419,"4",2880021,"1",
"980000",15419,"5",2880021,"1",
"980070",15419,"1",2880021,"1",
"980070",15419,"2",2880021,"1",
"980070",15419,"3",2880021,"1",
"980070",15419,"4",2880021,"1",
"980070",15419,"5",2880021,"1",
"900030",15419,"1",2880022,"1",
"900030",15419,"2",2880022,"1",
"900030",15419,"3",2880022,"1",
"900030",15419,"4",2880022,"1",
"900030",15419,"5",2880022,"1",
"980000",15419,"1",2880022,"1",
"980000",15419,"2",2880022,"1",
"980000",15419,"3",2880022,"1",
"980000",15419,"4",2880022,"1",
"980000",15419,"5",2880022,"1",
"980070",15419,"1",2880022,"1",
"980070",15419,"2",2880022,"1",
"980070",15419,"3",2880022,"1",
"980070",15419,"4",2880022,"1",
"980070",15419,"5",2880022,"1",
"900000",31531,"1",2880031,"1",
"900000",77645,"2",2880031,"1",
"900000",30768,"3",2880031,"1",
"900000",42005,"4",2880031,"1",
"900000",16690,"5",2880031,"1",
"980000",31531,"1",2880031,"1",
"980000",77645,"2",2880031,"1",
"980000",30768,"3",2880031,"1",
"980000",42005,"4",2880031,"1",
"980000",16690,"5",2880031,"1",
"980070",31531,"1",2880031,"1",
"980070",77645,"2",2880031,"1",
"980070",30768,"3",2880031,"1",
"980070",42005,"4",2880031,"1",
"980070",16690,"5",2880031,"1",
"900000",100000,"1",2880032,"1",
"900000",38469,"2",2880032,"1",
"900000",24781,"3",2880032,"1",
"900000",64359,"4",2880032,"1",
"900000",31716,"5",2880032,"1",
"980000",100000,"1",2880032,"1",
"980000",38469,"2",2880032,"1",
"980000",24781,"3",2880032,"1",
"980000",64359,"4",2880032,"1",
"980000",31716,"5",2880032,"1",
"980070",100000,"1",2880032,"1",
"980070",38469,"2",2880032,"1",
"980070",24781,"3",2880032,"1",
"980070",64359,"4",2880032,"1",
"980070",31716,"5",2880032,"1",
"900000",40000,"1",2880041,"1",
"900000",40000,"2",2880041,"1",
"900000",40000,"3",2880041,"1",
"900000",40000,"4",2880041,"1",
"900000",40000,"5",2880041,"1",
"900030",7200,"1",2880041,"1",
"900030",7200,"2",2880041,"1",
"900030",7200,"3",2880041,"1",
"900030",7200,"4",2880041,"1",
"900030",7200,"5",2880041,"1",
"980000",47200,"1",2880041,"1",
"980000",47200,"2",2880041,"1",
"980000",47200,"3",2880041,"1",
"980000",47200,"4",2880041,"1",
"980000",47200,"5",2880041,"1",
"980070",51500,"1",2880041,"1",
"980070",51500,"2",2880041,"1",
"980070",51500,"3",2880041,"1",
"980070",51500,"4",2880041,"1",
"980070",51500,"5",2880041,"1",
"900000",40000,"1",2880042,"1",
"900000",40000,"2",2880042,"1",
"900000",40000,"3",2880042,"1",
"900000",40000,"4",2880042,"1",
"900000",40000,"5",2880042,"1",
"900030",7200,"1",2880042,"1",
"900030",7200,"2",2880042,"1",
"900030",7200,"3",2880042,"1",
"900030",7200,"4",2880042,"1",
"900030",7200,"5",2880042,"1",
"980000",47200,"1",2880042,"1",
"980000",47200,"2",2880042,"1",
"980000",47200,"3",2880042,"1",
"980000",47200,"4",2880042,"1",
"980000",47200,"5",2880042,"1",
"980070",51500,"1",2880042,"1",
"980070",51500,"2",2880042,"1",
"980070",51500,"3",2880042,"1",
"980070",51500,"4",2880042,"1",
"980070",51500,"5",2880042,"1",
"900030",24948,"1",2880061,"1",
"900030",24948,"2",2880061,"1",
"900030",24948,"3",2880061,"1",
"900030",24948,"4",2880061,"1",
"900030",24948,"5",2880061,"1",
"900170",37000,"1",2880061,"1",
"900170",37000,"2",2880061,"1",
"900170",37000,"3",2880061,"1",
"900170",37000,"4",2880061,"1",
"900170",37000,"5",2880061,"1",
"900190",10000,"1",2880061,"1",
"900190",10000,"2",2880061,"1",
"900190",10000,"3",2880061,"1",
"900190",10000,"4",2880061,"1",
"900190",10000,"5",2880061,"1",
"900200",1049,"1",2880061,"1",
"900200",1253,"2",2880061,"1",
"900200",1098,"3",2880061,"1",
"900200",1698,"4",2880061,"1",
"900200",1138,"5",2880061,"1",
"980000",72997,"1",2880061,"1",
"980000",73201,"2",2880061,"1",
"980000",73046,"3",2880061,"1",
"980000",73646,"4",2880061,"1",
"980000",73086,"5",2880061,"1",
"980070",72997,"1",2880061,"1",
"980070",73201,"2",2880061,"1",
"980070",73046,"3",2880061,"1",
"980070",73646,"4",2880061,"1",
"980070",73086,"5",2880061,"1",
"900030",24948,"1",2880062,"1",
"900030",24948,"2",2880062,"1",
"900030",24948,"3",2880062,"1",
"900030",24948,"4",2880062,"1",
"900030",24948,"5",2880062,"1",
"900170",37000,"1",2880062,"1",
"900170",37000,"2",2880062,"1",
"900170",37000,"3",2880062,"1",
"900170",37000,"4",2880062,"1",
"900170",37000,"5",2880062,"1",
"900190",10000,"1",2880062,"1",
"900190",10000,"2",2880062,"1",
"900190",10000,"3",2880062,"1",
"900190",10000,"4",2880062,"1",
"900190",10000,"5",2880062,"1",
"900200",1519,"1",2880062,"1",
"900200",1114,"2",2880062,"1",
"900200",1190,"3",2880062,"1",
"900200",1914,"4",2880062,"1",
"900200",1125,"5",2880062,"1",
"980000",73467,"1",2880062,"1",
"980000",73062,"2",2880062,"1",
"980000",73138,"3",2880062,"1",
"980000",73862,"4",2880062,"1",
"980000",73073,"5",2880062,"1",
"980070",73467,"1",2880062,"1",
"980070",73062,"2",2880062,"1",
"980070",73138,"3",2880062,"1",
"980070",73862,"4",2880062,"1",
"980070",73073,"5",2880062,"1",
"900030",30730,"1",2880092,"1",
"900030",31186,"2",2880092,"1",
"900030",32242,"3",2880092,"1",
"900030",31954,"4",2880092,"1",
"900030",29938,"5",2880092,"1",
"900170",17300,"1",2880092,"1",
"900170",16195,"2",2880092,"1",
"900170",15602,"3",2880092,"1",
"900170",16321,"4",2880092,"1",
"900170",18476,"5",2880092,"1",
"900180",6115,"1",2880092,"1",
"900180",306,"2",2880092,"1",
"900180",30000,"3",2880092,"1",
"900180",20,"4",2880092,"1",
"900180",10,"5",2880092,"1",
"900210",4464,"1",2880092,"1",
"900210",8700,"2",2880092,"1",
"900210",352,"3",2880092,"1",
"900210",736,"4",2880092,"1",
"900210",33,"5",2880092,"1",
"980000",58609,"1",2880092,"1",
"980000",56387,"2",2880092,"1",
"980000",78196,"3",2880092,"1",
"980000",49031,"4",2880092,"1",
"980000",48457,"5",2880092,"1",
"980070",58254,"1",2880092,"1",
"980070",56032,"2",2880092,"1",
"980070",77841,"3",2880092,"1",
"980070",48676,"4",2880092,"1",
"980070",48102,"5",2880092,"1",
"900000",23685,"1",2880111,"1",
"900000",23685,"2",2880111,"1",
"900000",23685,"3",2880111,"1",
"900000",23685,"4",2880111,"1",
"900000",23685,"5",2880111,"1",
"950002",2471,"1",2880111,"1",
"950002",2471,"2",2880111,"1",
"950002",2471,"3",2880111,"1",
"950002",2471,"4",2880111,"1",
"950002",2471,"5",2880111,"1",
"950012",1056,"1",2880111,"1",
"950012",1056,"2",2880111,"1",
"950012",1056,"3",2880111,"1",
"950012",1056,"4",2880111,"1",
"950012",1056,"5",2880111,"1",
"980000",23685,"1",2880111,"1",
"980000",23685,"2",2880111,"1",
"980000",23685,"3",2880111,"1",
"980000",23685,"4",2880111,"1",
"980000",23685,"5",2880111,"1",
"980070",21158,"1",2880111,"1",
"980070",21158,"2",2880111,"1",
"980070",21158,"3",2880111,"1",
"980070",21158,"4",2880111,"1",
"980070",21158,"5",2880111,"1",
"900000",23685,"1",2880112,"1",
"900000",23685,"2",2880112,"1",
"900000",23685,"3",2880112,"1",
"900000",23685,"4",2880112,"1",
"900000",23685,"5",2880112,"1",
"950002",2471,"1",2880112,"1",
"950002",2471,"2",2880112,"1",
"950002",2471,"3",2880112,"1",
"950002",2471,"4",2880112,"1",
"950002",2471,"5",2880112,"1",
"950012",1056,"1",2880112,"1",
"950012",1056,"2",2880112,"1",
"950012",1056,"3",2880112,"1",
"950012",1056,"4",2880112,"1",
"950012",1056,"5",2880112,"1",
"980000",23685,"1",2880112,"1",
"980000",23685,"2",2880112,"1",
"980000",23685,"3",2880112,"1",
"980000",23685,"4",2880112,"1",
"980000",23685,"5",2880112,"1",
"980070",21158,"1",2880112,"1",
"980070",21158,"2",2880112,"1",
"980070",21158,"3",2880112,"1",
"980070",21158,"4",2880112,"1",
"980070",21158,"5",2880112,"1",
"900000",600,"1",2880131,"1",
"900000",600,"2",2880131,"1",
"900000",600,"3",2880131,"1",
"900000",600,"4",2880131,"1",
"900000",600,"5",2880131,"1",
"900030",17459,"1",2880131,"1",
"900030",17459,"2",2880131,"1",
"900030",17459,"3",2880131,"1",
"900030",17459,"4",2880131,"1",
"900030",17459,"5",2880131,"1",
"900170",1500,"1",2880131,"1",
"900170",1500,"2",2880131,"1",
"900170",1500,"3",2880131,"1",
"900170",1500,"4",2880131,"1",
"900170",1500,"5",2880131,"1",
"900180",50,"1",2880131,"1",
"900180",50,"2",2880131,"1",
"900180",50,"3",2880131,"1",
"900180",50,"4",2880131,"1",
"900180",50,"5",2880131,"1",
"980000",19609,"1",2880131,"1",
"980000",19609,"2",2880131,"1",
"980000",19609,"3",2880131,"1",
"980000",19609,"4",2880131,"1",
"980000",19609,"5",2880131,"1",
"980070",19109,"1",2880131,"1",
"980070",19109,"2",2880131,"1",
"980070",19109,"3",2880131,"1",
"980070",19109,"4",2880131,"1",
"980070",19109,"5",2880131,"1",
"900000",600,"1",2880132,"1",
"900000",600,"2",2880132,"1",
"900000",600,"3",2880132,"1",
"900000",600,"4",2880132,"1",
"900000",600,"5",2880132,"1",
"900030",17459,"1",2880132,"1",
"900030",17459,"2",2880132,"1",
"900030",17459,"3",2880132,"1",
"900030",17459,"4",2880132,"1",
"900030",17459,"5",2880132,"1",
"900170",1500,"1",2880132,"1",
"900170",1500,"2",2880132,"1",
"900170",1500,"3",2880132,"1",
"900170",1500,"4",2880132,"1",
"900170",1500,"5",2880132,"1",
"900180",50,"1",2880132,"1",
"900180",50,"2",2880132,"1",
"900180",50,"3",2880132,"1",
"900180",50,"4",2880132,"1",
"900180",50,"5",2880132,"1",
"980000",19609,"1",2880132,"1",
"980000",19609,"2",2880132,"1",
"980000",19609,"3",2880132,"1",
"980000",19609,"4",2880132,"1",
"980000",19609,"5",2880132,"1",
"980070",19109,"1",2880132,"1",
"980070",19109,"2",2880132,"1",
"980070",19109,"3",2880132,"1",
"980070",19109,"4",2880132,"1",
"980070",19109,"5",2880132,"1",
"900000",35000,"1",2880151,"1",
"900000",35000,"2",2880151,"1",
"900000",35000,"3",2880151,"1",
"900000",35000,"4",2880151,"1",
"900000",35000,"5",2880151,"1",
"900150",2330,"1",2880151,"1",
"900150",2330,"2",2880151,"1",
"900150",2330,"3",2880151,"1",
"900150",2330,"4",2880151,"1",
"900150",2330,"5",2880151,"1",
"900170",4800,"1",2880151,"1",
"900170",4800,"2",2880151,"1",
"900170",4800,"3",2880151,"1",
"900170",4800,"4",2880151,"1",
"900170",4800,"5",2880151,"1",
"980000",42130,"1",2880151,"1",
"980000",42130,"2",2880151,"1",
"980000",42130,"3",2880151,"1",
"980000",42130,"4",2880151,"1",
"980000",42130,"5",2880151,"1",
"980070",42130,"1",2880151,"1",
"980070",42130,"2",2880151,"1",
"980070",42130,"3",2880151,"1",
"980070",42130,"4",2880151,"1",
"980070",42130,"5",2880151,"1",
"900000",35000,"1",2880152,"1",
"900000",35000,"2",2880152,"1",
"900000",35000,"3",2880152,"1",
"900000",35000,"4",2880152,"1",
"900000",35000,"5",2880152,"1",
"900150",2330,"1",2880152,"1",
"900150",2330,"2",2880152,"1",
"900150",2330,"3",2880152,"1",
"900150",2330,"4",2880152,"1",
"900150",2330,"5",2880152,"1",
"900170",4800,"1",2880152,"1",
"900170",4800,"2",2880152,"1",
"900170",4800,"3",2880152,"1",
"900170",4800,"4",2880152,"1",
"900170",4800,"5",2880152,"1",
"980000",42130,"1",2880152,"1",
"980000",42130,"2",2880152,"1",
"980000",42130,"3",2880152,"1",
"980000",42130,"4",2880152,"1",
"980000",42130,"5",2880152,"1",
"980070",42130,"1",2880152,"1",
"980070",42130,"2",2880152,"1",
"980070",42130,"3",2880152,"1",
"980070",42130,"4",2880152,"1",
"980070",42130,"5",2880152,"1",
"900030",28211,"1",2880171,"1",
"900030",28211,"2",2880171,"1",
"900030",28211,"3",2880171,"1",
"900030",28211,"4",2880171,"1",
"900030",28211,"5",2880171,"1",
"980000",28211,"1",2880171,"1",
"980000",28211,"2",2880171,"1",
"980000",28211,"3",2880171,"1",
"980000",28211,"4",2880171,"1",
"980000",28211,"5",2880171,"1",
"980070",28211,"1",2880171,"1",
"980070",28211,"2",2880171,"1",
"980070",28211,"3",2880171,"1",
"980070",28211,"4",2880171,"1",
"980070",28211,"5",2880171,"1",
"900030",28211,"1",2880172,"1",
"900030",28211,"2",2880172,"1",
"900030",28211,"3",2880172,"1",
"900030",28211,"4",2880172,"1",
"900030",28211,"5",2880172,"1",
"980000",28211,"1",2880172,"1",
"980000",28211,"2",2880172,"1",
"980000",28211,"3",2880172,"1",
"980000",28211,"4",2880172,"1",
"980000",28211,"5",2880172,"1",
"980070",28211,"1",2880172,"1",
"980070",28211,"2",2880172,"1",
"980070",28211,"3",2880172,"1",
"980070",28211,"4",2880172,"1",
"980070",28211,"5",2880172,"1",
"900000",3258,"1",2880181,"1",
"900000",8280,"2",2880181,"1",
"900000",5640,"3",2880181,"1",
"900000",4134,"4",2880181,"1",
"900000",828,"5",2880181,"1",
"980000",3258,"1",2880181,"1",
"980000",8280,"2",2880181,"1",
"980000",5640,"3",2880181,"1",
"980000",4134,"4",2880181,"1",
"980000",828,"5",2880181,"1",
"980070",3258,"1",2880181,"1",
"980070",8280,"2",2880181,"1",
"980070",5640,"3",2880181,"1",
"980070",4134,"4",2880181,"1",
"980070",828,"5",2880181,"1",
"900000",2491,"1",2880182,"1",
"900000",10488,"2",2880182,"1",
"900000",3720,"3",2880182,"1",
"900000",11484,"4",2880182,"1",
"900000",1022,"5",2880182,"1",
"980000",2491,"1",2880182,"1",
"980000",10488,"2",2880182,"1",
"980000",3720,"3",2880182,"1",
"980000",11484,"4",2880182,"1",
"980000",1022,"5",2880182,"1",
"980070",2491,"1",2880182,"1",
"980070",10488,"2",2880182,"1",
"980070",3720,"3",2880182,"1",
"980070",11484,"4",2880182,"1",
"980070",1022,"5",2880182,"1",
"900000",2500,"1",2880201,"1",
"900000",2500,"2",2880201,"1",
"900000",2500,"3",2880201,"1",
"900000",2500,"4",2880201,"1",
"900000",2500,"5",2880201,"1",
"980000",2500,"1",2880201,"1",
"980000",2500,"2",2880201,"1",
"980000",2500,"3",2880201,"1",
"980000",2500,"4",2880201,"1",
"980000",2500,"5",2880201,"1",
"980070",2500,"1",2880201,"1",
"980070",2500,"2",2880201,"1",
"980070",2500,"3",2880201,"1",
"980070",2500,"4",2880201,"1",
"980070",2500,"5",2880201,"1",
"900000",2500,"1",2880202,"1",
"900000",2500,"2",2880202,"1",
"900000",2500,"3",2880202,"1",
"900000",2500,"4",2880202,"1",
"900000",2500,"5",2880202,"1",
"980000",2500,"1",2880202,"1",
"980000",2500,"2",2880202,"1",
"980000",2500,"3",2880202,"1",
"980000",2500,"4",2880202,"1",
"980000",2500,"5",2880202,"1",
"980070",2500,"1",2880202,"1",
"980070",2500,"2",2880202,"1",
"980070",2500,"3",2880202,"1",
"980070",2500,"4",2880202,"1",
"980070",2500,"5",2880202,"1",
"800940",2245,"1",2880221,"1",
"800940",2774,"2",2880221,"1",
"800940",2546,"3",2880221,"1",
"800940",2083,"4",2880221,"1",
"800940",2478,"5",2880221,"1",
"900000",62823,"1",2880221,"1",
"900000",61391,"2",2880221,"1",
"900000",20944,"3",2880221,"1",
"900000",59311,"4",2880221,"1",
"900000",109912,"5",2880221,"1",
"900160",6243,"1",2880221,"1",
"900160",9997,"2",2880221,"1",
"900160",9070,"3",2880221,"1",
"900160",5411,"4",2880221,"1",
"900160",6389,"5",2880221,"1",
"980000",69066,"1",2880221,"1",
"980000",71388,"2",2880221,"1",
"980000",30014,"3",2880221,"1",
"980000",64722,"4",2880221,"1",
"980000",116301,"5",2880221,"1",
"980070",70046,"1",2880221,"1",
"980070",72368,"2",2880221,"1",
"980070",30994,"3",2880221,"1",
"980070",65702,"4",2880221,"1",
"980070",117281,"5",2880221,"1",
"800940",2337,"1",2880222,"1",
"800940",2394,"2",2880222,"1",
"800940",2748,"3",2880222,"1",
"800940",2226,"4",2880222,"1",
"800940",2052,"5",2880222,"1",
"900000",72488,"1",2880222,"1",
"900000",105423,"2",2880222,"1",
"900000",37657,"3",2880222,"1",
"900000",52446,"4",2880222,"1",
"900000",125824,"5",2880222,"1",
"900160",6300,"1",2880222,"1",
"900160",6520,"2",2880222,"1",
"900160",9496,"3",2880222,"1",
"900160",5182,"4",2880222,"1",
"900160",5488,"5",2880222,"1",
"980000",78788,"1",2880222,"1",
"980000",111943,"2",2880222,"1",
"980000",47153,"3",2880222,"1",
"980000",57628,"4",2880222,"1",
"980000",131312,"5",2880222,"1",
"980070",79768,"1",2880222,"1",
"980070",112923,"2",2880222,"1",
"980070",48133,"3",2880222,"1",
"980070",58608,"4",2880222,"1",
"980070",132292,"5",2880222,"1",
"900000",650,"1",2880232,"1",
"900000",650,"2",2880232,"1",
"900000",650,"3",2880232,"1",
"900000",650,"4",2880232,"1",
"900000",650,"5",2880232,"1",
"900030",2496,"1",2880232,"1",
"900030",2496,"2",2880232,"1",
"900030",2496,"3",2880232,"1",
"900030",2496,"4",2880232,"1",
"900030",2496,"5",2880232,"1",
"900140",48771,"1",2880232,"1","T"
"900140",48771,"2",2880232,"1","T"
"900140",48771,"3",2880232,"1","T"
"900140",48771,"4",2880232,"1","T"
"900140",48771,"5",2880232,"1","T"
"900180",250,"1",2880232,"1",
"900180",250,"2",2880232,"1",
"900180",250,"3",2880232,"1",
"900180",250,"4",2880232,"1",
"900180",250,"5",2880232,"1",
"900190",7200,"1",2880232,"1",
"900190",7200,"2",2880232,"1",
"900190",7200,"3",2880232,"1",
"900190",7200,"4",2880232,"1",
"900190",7200,"5",2880232,"1",
"900210",5000,"1",2880232,"1",
"900210",5000,"2",2880232,"1",
"900210",5000,"3",2880232,"1",
"900210",5000,"4",2880232,"1",
"900210",5000,"5",2880232,"1",
"980000",64367,"1",2880232,"1","T"
"980000",64367,"2",2880232,"1","T"
"980000",64367,"3",2880232,"1","T"
"980000",64367,"4",2880232,"1","T"
"980000",64367,"5",2880232,"1","T"
"980070",64367,"1",2880232,"1","T"
"980070",64367,"2",2880232,"1","T"
"980070",64367,"3",2880232,"1","T"
"980070",64367,"4",2880232,"1","T"
"980070",64367,"5",2880232,"1","T"
"900000",42000,"1",2880241,"1",
"900000",42000,"2",2880241,"1",
"900000",42000,"3",2880241,"1",
"900000",42000,"4",2880241,"1",
"900000",42000,"5",2880241,"1",
"980000",42000,"1",2880241,"1",
"980000",42000,"2",2880241,"1",
"980000",42000,"3",2880241,"1",
"980000",42000,"4",2880241,"1",
"980000",42000,"5",2880241,"1",
"980070",47000,"1",2880241,"1",
"980070",47000,"2",2880241,"1",
"980070",47000,"3",2880241,"1",
"980070",47000,"4",2880241,"1",
"980070",47000,"5",2880241,"1",
"900000",42000,"1",2880242,"1",
"900000",42000,"2",2880242,"1",
"900000",42000,"3",2880242,"1",
"900000",42000,"4",2880242,"1",
"900000",42000,"5",2880242,"1",
"980000",42000,"1",2880242,"1",
"980000",42000,"2",2880242,"1",
"980000",42000,"3",2880242,"1",
"980000",42000,"4",2880242,"1",
"980000",42000,"5",2880242,"1",
"980070",47000,"1",2880242,"1",
"980070",47000,"2",2880242,"1",
"980070",47000,"3",2880242,"1",
"980070",47000,"4",2880242,"1",
"980070",47000,"5",2880242,"1",
"900030",17796,"1",2880251,"1",
"900030",17796,"2",2880251,"1",
"900030",17796,"3",2880251,"1",
"900030",17796,"4",2880251,"1",
"900030",17796,"5",2880251,"1",
"900170",400,"1",2880251,"1",
"900170",400,"2",2880251,"1",
"900170",400,"3",2880251,"1",
"900170",400,"4",2880251,"1",
"900170",400,"5",2880251,"1",
"980000",18196,"1",2880251,"1",
"980000",18196,"2",2880251,"1",
"980000",18196,"3",2880251,"1",
"980000",18196,"4",2880251,"1",
"980000",18196,"5",2880251,"1",
"980070",18196,"1",2880251,"1",
"980070",18196,"2",2880251,"1",
"980070",18196,"3",2880251,"1",
"980070",18196,"4",2880251,"1",
"980070",18196,"5",2880251,"1",
"900030",17796,"1",2880252,"1",
"900030",17796,"2",2880252,"1",
"900030",17796,"3",2880252,"1",
"900030",17796,"4",2880252,"1",
"900030",17796,"5",2880252,"1",
"900170",400,"1",2880252,"1",
"900170",400,"2",2880252,"1",
"900170",400,"3",2880252,"1",
"900170",400,"4",2880252,"1",
"900170",400,"5",2880252,"1",
"980000",18196,"1",2880252,"1",
"980000",18196,"2",2880252,"1",
"980000",18196,"3",2880252,"1",
"980000",18196,"4",2880252,"1",
"980000",18196,"5",2880252,"1",
"980070",18196,"1",2880252,"1",
"980070",18196,"2",2880252,"1",
"980070",18196,"3",2880252,"1",
"980070",18196,"4",2880252,"1",
"980070",18196,"5",2880252,"1",
"900000",72706,"1",2880261,"1",
"900000",86640,"2",2880261,"1",
"900000",34724,"3",2880261,"1",
"900000",85133,"4",2880261,"1",
"900000",65152,"5",2880261,"1",
"980000",72706,"1",2880261,"1",
"980000",86640,"2",2880261,"1",
"980000",34724,"3",2880261,"1",
"980000",85133,"4",2880261,"1",
"980000",65152,"5",2880261,"1",
"980070",71808,"1",2880261,"1",
"980070",85742,"2",2880261,"1",
"980070",33826,"3",2880261,"1",
"980070",84235,"4",2880261,"1",
"980070",64254,"5",2880261,"1",
"900000",64670,"1",2880262,"1",
"900000",46223,"2",2880262,"1",
"900000",56236,"3",2880262,"1",
"900000",42607,"4",2880262,"1",
"900000",49033,"5",2880262,"1",
"980000",64670,"1",2880262,"1",
"980000",46223,"2",2880262,"1",
"980000",56236,"3",2880262,"1",
"980000",42607,"4",2880262,"1",
"980000",49033,"5",2880262,"1",
"980070",63772,"1",2880262,"1",
"980070",45325,"2",2880262,"1",
"980070",55338,"3",2880262,"1",
"980070",41709,"4",2880262,"1",
"980070",48135,"5",2880262,"1",
"900030",19259,"1",2880301,"1",
"900030",19259,"2",2880301,"1",
"900030",19259,"3",2880301,"1",
"900030",19259,"4",2880301,"1",
"900030",19259,"5",2880301,"1",
"900170",1424,"1",2880301,"1",
"900170",1424,"2",2880301,"1",
"900170",1424,"3",2880301,"1",
"900170",1424,"4",2880301,"1",
"900170",1424,"5",2880301,"1",
"980000",20683,"1",2880301,"1",
"980000",20683,"2",2880301,"1",
"980000",20683,"3",2880301,"1",
"980000",20683,"4",2880301,"1",
"980000",20683,"5",2880301,"1",
"980070",20683,"1",2880301,"1",
"980070",20683,"2",2880301,"1",
"980070",20683,"3",2880301,"1",
"980070",20683,"4",2880301,"1",
"980070",20683,"5",2880301,"1",
"900030",19259,"1",2880302,"1",
"900030",19259,"2",2880302,"1",
"900030",19259,"3",2880302,"1",
"900030",19259,"4",2880302,"1",
"900030",19259,"5",2880302,"1",
"900170",1424,"1",2880302,"1",
"900170",1424,"2",2880302,"1",
"900170",1424,"3",2880302,"1",
"900170",1424,"4",2880302,"1",
"900170",1424,"5",2880302,"1",
"980000",20683,"1",2880302,"1",
"980000",20683,"2",2880302,"1",
"980000",20683,"3",2880302,"1",
"980000",20683,"4",2880302,"1",
"980000",20683,"5",2880302,"1",
"980070",20683,"1",2880302,"1",
"980070",20683,"2",2880302,"1",
"980070",20683,"3",2880302,"1",
"980070",20683,"4",2880302,"1",
"980070",20683,"5",2880302,"1",
"900000",138000,"1",2880311,"1",
"900000",138000,"2",2880311,"1",
"900000",138000,"3",2880311,"1",
"900000",138000,"4",2880311,"1",
"900000",138000,"5",2880311,"1",
"900190",-900,"1",2880311,"1",
"900190",-900,"2",2880311,"1",
"900190",-900,"3",2880311,"1",
"900190",-900,"4",2880311,"1",
"900190",-900,"5",2880311,"1",
"980000",137100,"1",2880311,"1",
"980000",137100,"2",2880311,"1",
"980000",137100,"3",2880311,"1",
"980000",137100,"4",2880311,"1",
"980000",137100,"5",2880311,"1",
"980070",137100,"1",2880311,"1",
"980070",137100,"2",2880311,"1",
"980070",137100,"3",2880311,"1",
"980070",137100,"4",2880311,"1",
"980070",137100,"5",2880311,"1",
"900000",138000,"1",2880312,"1",
"900000",138000,"2",2880312,"1",
"900000",138000,"3",2880312,"1",
"900000",138000,"4",2880312,"1",
"900000",138000,"5",2880312,"1",
"900190",-900,"1",2880312,"1",
"900190",-900,"2",2880312,"1",
"900190",-900,"3",2880312,"1",
"900190",-900,"4",2880312,"1",
"900190",-900,"5",2880312,"1",
"980000",137100,"1",2880312,"1",
"980000",137100,"2",2880312,"1",
"980000",137100,"3",2880312,"1",
"980000",137100,"4",2880312,"1",
"980000",137100,"5",2880312,"1",
"980070",137100,"1",2880312,"1",
"980070",137100,"2",2880312,"1",
"980070",137100,"3",2880312,"1",
"980070",137100,"4",2880312,"1",
"980070",137100,"5",2880312,"1",
"900000",46000,"1",2880341,"1",
"900000",46000,"2",2880341,"1",
"900000",46000,"3",2880341,"1",
"900000",46000,"4",2880341,"1",
"900000",46000,"5",2880341,"1",
"900190",-2400,"1",2880341,"1",
"900190",-2400,"2",2880341,"1",
"900190",-2400,"3",2880341,"1",
"900190",-2400,"4",2880341,"1",
"900190",-2400,"5",2880341,"1",
"980000",43600,"1",2880341,"1",
"980000",43600,"2",2880341,"1",
"980000",43600,"3",2880341,"1",
"980000",43600,"4",2880341,"1",
"980000",43600,"5",2880341,"1",
"980070",47530,"1",2880341,"1",
"980070",47530,"2",2880341,"1",
"980070",47530,"3",2880341,"1",
"980070",47530,"4",2880341,"1",
"980070",47530,"5",2880341,"1",
"900000",46000,"1",2880342,"1",
"900000",46000,"2",2880342,"1",
"900000",46000,"3",2880342,"1",
"900000",46000,"4",2880342,"1",
"900000",46000,"5",2880342,"1",
"900190",-2400,"1",2880342,"1",
"900190",-2400,"2",2880342,"1",
"900190",-2400,"3",2880342,"1",
"900190",-2400,"4",2880342,"1",
"900190",-2400,"5",2880342,"1",
"980000",43600,"1",2880342,"1",
"980000",43600,"2",2880342,"1",
"980000",43600,"3",2880342,"1",
"980000",43600,"4",2880342,"1",
"980000",43600,"5",2880342,"1",
"980070",47530,"1",2880342,"1",
"980070",47530,"2",2880342,"1",
"980070",47530,"3",2880342,"1",
"980070",47530,"4",2880342,"1",
"980070",47530,"5",2880342,"1",
"900030",20518,"1",2880351,"1",
"900030",20518,"2",2880351,"1",
"900030",20518,"3",2880351,"1",
"900030",20518,"4",2880351,"1",
"900030",20518,"5",2880351,"1",
"980000",20518,"1",2880351,"1",
"980000",20518,"2",2880351,"1",
"980000",20518,"3",2880351,"1",
"980000",20518,"4",2880351,"1",
"980000",20518,"5",2880351,"1",
"980070",20518,"1",2880351,"1",
"980070",20518,"2",2880351,"1",
"980070",20518,"3",2880351,"1",
"980070",20518,"4",2880351,"1",
"980070",20518,"5",2880351,"1",
"900030",20518,"1",2880352,"1",
"900030",20518,"2",2880352,"1",
"900030",20518,"3",2880352,"1",
"900030",20518,"4",2880352,"1",
"900030",20518,"5",2880352,"1",
"980000",20518,"1",2880352,"1",
"980000",20518,"2",2880352,"1",
"980000",20518,"3",2880352,"1",
"980000",20518,"4",2880352,"1",
"980000",20518,"5",2880352,"1",
"980070",20518,"1",2880352,"1",
"980070",20518,"2",2880352,"1",
"980070",20518,"3",2880352,"1",
"980070",20518,"4",2880352,"1",
"980070",20518,"5",2880352,"1",
"900000",39000,"1",2880361,"1",
"900000",39000,"2",2880361,"1",
"900000",39000,"3",2880361,"1",
"900000",39000,"4",2880361,"1",
"900000",39000,"5",2880361,"1",
"900030",25558,"1",2880361,"1",
"900030",25558,"2",2880361,"1",
"900030",25558,"3",2880361,"1",
"900030",25558,"4",2880361,"1",
"900030",25558,"5",2880361,"1",
"980000",64558,"1",2880361,"1",
"980000",64558,"2",2880361,"1",
"980000",64558,"3",2880361,"1",
"980000",64558,"4",2880361,"1",
"980000",64558,"5",2880361,"1",
"980070",64558,"1",2880361,"1",
"980070",64558,"2",2880361,"1",
"980070",64558,"3",2880361,"1",
"980070",64558,"4",2880361,"1",
"980070",64558,"5",2880361,"1",
"900000",39000,"1",2880362,"1",
"900000",39000,"2",2880362,"1",
"900000",39000,"3",2880362,"1",
"900000",39000,"4",2880362,"1",
"900000",39000,"5",2880362,"1",
"900030",25558,"1",2880362,"1",
"900030",25558,"2",2880362,"1",
"900030",25558,"3",2880362,"1",
"900030",25558,"4",2880362,"1",
"900030",25558,"5",2880362,"1",
"980000",64558,"1",2880362,"1",
"980000",64558,"2",2880362,"1",
"980000",64558,"3",2880362,"1",
"980000",64558,"4",2880362,"1",
"980000",64558,"5",2880362,"1",
"980070",64558,"1",2880362,"1",
"980070",64558,"2",2880362,"1",
"980070",64558,"3",2880362,"1",
"980070",64558,"4",2880362,"1",
"980070",64558,"5",2880362,"1",
"900000",66136,"1",2880371,"1",
"900000",113378,"2",2880371,"1",
"900000",64293,"3",2880371,"1",
"900000",66383,"4",2880371,"1",
"900000",68748,"5",2880371,"1",
"980000",66136,"1",2880371,"1",
"980000",113378,"2",2880371,"1",
"980000",64293,"3",2880371,"1",
"980000",66383,"4",2880371,"1",
"980000",68748,"5",2880371,"1",
"980070",66136,"1",2880371,"1",
"980070",113378,"2",2880371,"1",
"980070",64293,"3",2880371,"1",
"980070",66383,"4",2880371,"1",
"980070",68748,"5",2880371,"1",
"900000",58088,"1",2880372,"1",
"900000",85748,"2",2880372,"1",
"900000",70215,"3",2880372,"1",
"900000",66946,"4",2880372,"1",
"900000",91517,"5",2880372,"1",
"980000",58088,"1",2880372,"1",
"980000",85748,"2",2880372,"1",
"980000",70215,"3",2880372,"1",
"980000",66946,"4",2880372,"1",
"980000",91517,"5",2880372,"1",
"980070",58088,"1",2880372,"1",
"980070",85748,"2",2880372,"1",
"980070",70215,"3",2880372,"1",
"980070",66946,"4",2880372,"1",
"980070",91517,"5",2880372,"1",
"900000",11700,"1",2880391,"1",
"900000",11700,"2",2880391,"1",
"900000",11700,"3",2880391,"1",
"900000",11700,"4",2880391,"1",
"900000",11700,"5",2880391,"1",
"900030",15718,"1",2880391,"1",
"900030",15718,"2",2880391,"1",
"900030",15718,"3",2880391,"1",
"900030",15718,"4",2880391,"1",
"900030",15718,"5",2880391,"1",
"900150",3468,"1",2880391,"1",
"900150",3468,"2",2880391,"1",
"900150",3468,"3",2880391,"1",
"900150",3468,"4",2880391,"1",
"900150",3468,"5",2880391,"1",
"980000",30886,"1",2880391,"1",
"980000",30886,"2",2880391,"1",
"980000",30886,"3",2880391,"1",
"980000",30886,"4",2880391,"1",
"980000",30886,"5",2880391,"1",
"980070",34886,"1",2880391,"1",
"980070",34886,"2",2880391,"1",
"980070",34886,"3",2880391,"1",
"980070",34886,"4",2880391,"1",
"980070",34886,"5",2880391,"1",
"900000",11700,"1",2880392,"1",
"900000",11700,"2",2880392,"1",
"900000",11700,"3",2880392,"1",
"900000",11700,"4",2880392,"1",
"900000",11700,"5",2880392,"1",
"900030",15718,"1",2880392,"1",
"900030",15718,"2",2880392,"1",
"900030",15718,"3",2880392,"1",
"900030",15718,"4",2880392,"1",
"900030",15718,"5",2880392,"1",
"900150",3468,"1",2880392,"1",
"900150",3468,"2",2880392,"1",
"900150",3468,"3",2880392,"1",
"900150",3468,"4",2880392,"1",
"900150",3468,"5",2880392,"1",
"980000",30886,"1",2880392,"1",
"980000",30886,"2",2880392,"1",
"980000",30886,"3",2880392,"1",
"980000",30886,"4",2880392,"1",
"980000",30886,"5",2880392,"1",
"980070",34886,"1",2880392,"1",
"980070",34886,"2",2880392,"1",
"980070",34886,"3",2880392,"1",
"980070",34886,"4",2880392,"1",
"980070",34886,"5",2880392,"1",
"900000",12000,"1",2880401,"1",
"900000",12000,"2",2880401,"1",
"900000",12000,"3",2880401,"1",
"900000",12000,"4",2880401,"1",
"900000",12000,"5",2880401,"1",
"900030",35002,"1",2880401,"1",
"900030",35002,"2",2880401,"1",
"900030",35002,"3",2880401,"1",
"900030",35002,"4",2880401,"1",
"900030",35002,"5",2880401,"1",
"900210",3019,"1",2880401,"1",
"900210",3019,"2",2880401,"1",
"900210",3019,"3",2880401,"1",
"900210",3019,"4",2880401,"1",
"900210",3019,"5",2880401,"1",
"950002",1560,"1",2880401,"1",
"950002",1560,"2",2880401,"1",
"950002",1560,"3",2880401,"1",
"950002",1560,"4",2880401,"1",
"950002",1560,"5",2880401,"1",
"980000",50021,"1",2880401,"1",
"980000",50021,"2",2880401,"1",
"980000",50021,"3",2880401,"1",
"980000",50021,"4",2880401,"1",
"980000",50021,"5",2880401,"1",
"980070",52161,"1",2880401,"1",
"980070",52161,"2",2880401,"1",
"980070",52161,"3",2880401,"1",
"980070",52161,"4",2880401,"1",
"980070",52161,"5",2880401,"1",
"900000",12000,"1",2880402,"1",
"900000",12000,"2",2880402,"1",
"900000",12000,"3",2880402,"1",
"900000",12000,"4",2880402,"1",
"900000",12000,"5",2880402,"1",
"900030",35002,"1",2880402,"1",
"900030",35002,"2",2880402,"1",
"900030",35002,"3",2880402,"1",
"900030",35002,"4",2880402,"1",
"900030",35002,"5",2880402,"1",
"900210",3019,"1",2880402,"1",
"900210",3019,"2",2880402,"1",
"900210",3019,"3",2880402,"1",
"900210",3019,"4",2880402,"1",
"900210",3019,"5",2880402,"1",
"950002",1560,"1",2880402,"1",
"950002",1560,"2",2880402,"1",
"950002",1560,"3",2880402,"1",
"950002",1560,"4",2880402,"1",
"950002",1560,"5",2880402,"1",
"980000",50021,"1",2880402,"1",
"980000",50021,"2",2880402,"1",
"980000",50021,"3",2880402,"1",
"980000",50021,"4",2880402,"1",
"980000",50021,"5",2880402,"1",
"980070",52161,"1",2880402,"1",
"980070",52161,"2",2880402,"1",
"980070",52161,"3",2880402,"1",
"980070",52161,"4",2880402,"1",
"980070",52161,"5",2880402,"1",
"900090",1262,"1",2880411,"1",
"900090",1262,"2",2880411,"1",
"900090",1262,"3",2880411,"1",
"900090",1262,"4",2880411,"1",
"900090",1262,"5",2880411,"1",
"900150",2160,"1",2880411,"1",
"900150",2160,"2",2880411,"1",
"900150",2160,"3",2880411,"1",
"900150",2160,"4",2880411,"1",
"900150",2160,"5",2880411,"1",
"980000",3422,"1",2880411,"1",
"980000",3422,"2",2880411,"1",
"980000",3422,"3",2880411,"1",
"980000",3422,"4",2880411,"1",
"980000",3422,"5",2880411,"1",
"980070",3422,"1",2880411,"1",
"980070",3422,"2",2880411,"1",
"980070",3422,"3",2880411,"1",
"980070",3422,"4",2880411,"1",
"980070",3422,"5",2880411,"1",
"900090",1262,"1",2880412,"1",
"900090",1262,"2",2880412,"1",
"900090",1262,"3",2880412,"1",
"900090",1262,"4",2880412,"1",
"900090",1262,"5",2880412,"1",
"900150",2160,"1",2880412,"1",
"900150",2160,"2",2880412,"1",
"900150",2160,"3",2880412,"1",
"900150",2160,"4",2880412,"1",
"900150",2160,"5",2880412,"1",
"980000",3422,"1",2880412,"1",
"980000",3422,"2",2880412,"1",
"980000",3422,"3",2880412,"1",
"980000",3422,"4",2880412,"1",
"980000",3422,"5",2880412,"1",
"980070",3422,"1",2880412,"1",
"980070",3422,"2",2880412,"1",
"980070",3422,"3",2880412,"1",
"980070",3422,"4",2880412,"1",
"980070",3422,"5",2880412,"1",
"900140",9718,"1",2880431,"1",
"900140",902,"2",2880431,"1",
"900140",1231,"3",2880431,"1",
"900140",1356,"4",2880431,"1",
"900140",3355,"5",2880431,"1",
"980000",9718,"1",2880431,"1",
"980000",902,"2",2880431,"1",
"980000",1231,"3",2880431,"1",
"980000",1356,"4",2880431,"1",
"980000",3355,"5",2880431,"1",
"980070",9718,"1",2880431,"1",
"980070",902,"2",2880431,"1",
"980070",1231,"3",2880431,"1",
"980070",1356,"4",2880431,"1",
"980070",3355,"5",2880431,"1",
"900090",7639,"1",2880432,"1",
"900090",748,"2",2880432,"1",
"900090",22739,"3",2880432,"1",
"900090",7349,"4",2880432,"1",
"900090",9893,"5",2880432,"1",
"980000",7639,"1",2880432,"1",
"980000",748,"2",2880432,"1",
"980000",22739,"3",2880432,"1",
"980000",7349,"4",2880432,"1",
"980000",9893,"5",2880432,"1",
"980070",7639,"1",2880432,"1",
"980070",748,"2",2880432,"1",
"980070",22739,"3",2880432,"1",
"980070",7349,"4",2880432,"1",
"980070",9893,"5",2880432,"1",
"900000",45800,"1",2880451,"1",
"900000",45800,"2",2880451,"1",
"900000",45800,"3",2880451,"1",
"900000",45800,"4",2880451,"1",
"900000",45800,"5",2880451,"1",
"980000",45800,"1",2880451,"1",
"980000",45800,"2",2880451,"1",
"980000",45800,"3",2880451,"1",
"980000",45800,"4",2880451,"1",
"980000",45800,"5",2880451,"1",
"980070",47240,"1",2880451,"1",
"980070",47240,"2",2880451,"1",
"980070",47240,"3",2880451,"1",
"980070",47240,"4",2880451,"1",
"980070",47240,"5",2880451,"1",
"900000",45800,"1",2880452,"1",
"900000",45800,"2",2880452,"1",
"900000",45800,"3",2880452,"1",
"900000",45800,"4",2880452,"1",
"900000",45800,"5",2880452,"1",
"980000",45800,"1",2880452,"1",
"980000",45800,"2",2880452,"1",
"980000",45800,"3",2880452,"1",
"980000",45800,"4",2880452,"1",
"980000",45800,"5",2880452,"1",
"980070",47240,"1",2880452,"1",
"980070",47240,"2",2880452,"1",
"980070",47240,"3",2880452,"1",
"980070",47240,"4",2880452,"1",
"980070",47240,"5",2880452,"1",
"900030",18587,"1",2880461,"1",
"900030",18587,"2",2880461,"1",
"900030",18587,"3",2880461,"1",
"900030",18587,"4",2880461,"1",
"900030",18587,"5",2880461,"1",
"900180",2000,"1",2880461,"1",
"900180",2000,"2",2880461,"1",
"900180",2000,"3",2880461,"1",
"900180",2000,"4",2880461,"1",
"900180",2000,"5",2880461,"1",
"980000",20587,"1",2880461,"1",
"980000",20587,"2",2880461,"1",
"980000",20587,"3",2880461,"1",
"980000",20587,"4",2880461,"1",
"980000",20587,"5",2880461,"1",
"980070",20587,"1",2880461,"1",
"980070",20587,"2",2880461,"1",
"980070",20587,"3",2880461,"1",
"980070",20587,"4",2880461,"1",
"980070",20587,"5",2880461,"1",
"900030",18587,"1",2880462,"1",
"900030",18587,"2",2880462,"1",
"900030",18587,"3",2880462,"1",
"900030",18587,"4",2880462,"1",
"900030",18587,"5",2880462,"1",
"900180",2000,"1",2880462,"1",
"900180",2000,"2",2880462,"1",
"900180",2000,"3",2880462,"1",
"900180",2000,"4",2880462,"1",
"900180",2000,"5",2880462,"1",
"980000",20587,"1",2880462,"1",
"980000",20587,"2",2880462,"1",
"980000",20587,"3",2880462,"1",
"980000",20587,"4",2880462,"1",
"980000",20587,"5",2880462,"1",
"980070",20587,"1",2880462,"1",
"980070",20587,"2",2880462,"1",
"980070",20587,"3",2880462,"1",
"980070",20587,"4",2880462,"1",
"980070",20587,"5",2880462,"1",
"800940",10967,"1",2880481,"1","T"
"800940",10967,"2",2880481,"1","T"
"800940",10967,"3",2880481,"1","T"
"800940",10967,"4",2880481,"1","T"
"800940",10967,"5",2880481,"1","T"
"900000",74758,"1",2880481,"1",
"900000",91816,"2",2880481,"1",
"900000",43589,"3",2880481,"1",
"900000",37922,"4",2880481,"1",
"900000",56332,"5",2880481,"1",
"900160",16332,"1",2880481,"1",
"900160",50000,"2",2880481,"1",
"900160",59743,"3",2880481,"1",
"900160",-4354,"4",2880481,"1",
"900160",41187,"5",2880481,"1",
"980000",91090,"1",2880481,"1",
"980000",141816,"2",2880481,"1",
"980000",103332,"3",2880481,"1",
"980000",33568,"4",2880481,"1",
"980000",97519,"5",2880481,"1",
"980070",91090,"1",2880481,"1",
"980070",141816,"2",2880481,"1",
"980070",103332,"3",2880481,"1",
"980070",33568,"4",2880481,"1",
"980070",97519,"5",2880481,"1",
"800940",8186,"1",2880482,"1",
"800940",9151,"2",2880482,"1",
"800940",8055,"3",2880482,"1",
"800940",9479,"4",2880482,"1",
"800940",4773,"5",2880482,"1",
"900000",56398,"1",2880482,"1",
"900000",102072,"2",2880482,"1",
"900000",43451,"3",2880482,"1",
"900000",114922,"4",2880482,"1",
"900000",40368,"5",2880482,"1",
"900160",25303,"1",2880482,"1",
"900160",8775,"2",2880482,"1",
"900160",30923,"3",2880482,"1",
"900160",4493,"4",2880482,"1",
"900160",11009,"5",2880482,"1",
"980000",81701,"1",2880482,"1",
"980000",110847,"2",2880482,"1",
"980000",74374,"3",2880482,"1",
"980000",119415,"4",2880482,"1",
"980000",51377,"5",2880482,"1",
"980070",81701,"1",2880482,"1",
"980070",110847,"2",2880482,"1",
"980070",74374,"3",2880482,"1",
"980070",119415,"4",2880482,"1",
"980070",51377,"5",2880482,"1",
"900030",15336,"1",2880501,"1",
"900030",8268,"2",2880501,"1",
"900030",14928,"3",2880501,"1",
"900030",12012,"4",2880501,"1",
"900030",16956,"5",2880501,"1",
"980000",15336,"1",2880501,"1",
"980000",8268,"2",2880501,"1",
"980000",14928,"3",2880501,"1",
"980000",12012,"4",2880501,"1",
"980000",16956,"5",2880501,"1",
"980070",15336,"1",2880501,"1",
"980070",8268,"2",2880501,"1",
"980070",14928,"3",2880501,"1",
"980070",12012,"4",2880501,"1",
"980070",16956,"5",2880501,"1",
"900030",7620,"1",2880502,"1",
"900030",20724,"2",2880502,"1",
"900030",9780,"3",2880502,"1",
"900030",30000,"4",2880502,"1",
"900030",15600,"5",2880502,"1",
"980000",7620,"1",2880502,"1",
"980000",20724,"2",2880502,"1",
"980000",9780,"3",2880502,"1",
"980000",30000,"4",2880502,"1",
"980000",15600,"5",2880502,"1",
"980070",7620,"1",2880502,"1",
"980070",20724,"2",2880502,"1",
"980070",9780,"3",2880502,"1",
"980070",30000,"4",2880502,"1",
"980070",15600,"5",2880502,"1",
"900000",32000,"1",2880511,"1",
"900000",32000,"2",2880511,"1",
"900000",32000,"3",2880511,"1",
"900000",32000,"4",2880511,"1",
"900000",32000,"5",2880511,"1",
"980000",32000,"1",2880511,"1",
"980000",32000,"2",2880511,"1",
"980000",32000,"3",2880511,"1",
"980000",32000,"4",2880511,"1",
"980000",32000,"5",2880511,"1",
"980070",33200,"1",2880511,"1",
"980070",33200,"2",2880511,"1",
"980070",33200,"3",2880511,"1",
"980070",33200,"4",2880511,"1",
"980070",33200,"5",2880511,"1",
"900000",32000,"1",2880512,"1",
"900000",32000,"2",2880512,"1",
"900000",32000,"3",2880512,"1",
"900000",32000,"4",2880512,"1",
"900000",32000,"5",2880512,"1",
"980000",32000,"1",2880512,"1",
"980000",32000,"2",2880512,"1",
"980000",32000,"3",2880512,"1",
"980000",32000,"4",2880512,"1",
"980000",32000,"5",2880512,"1",
"980070",33200,"1",2880512,"1",
"980070",33200,"2",2880512,"1",
"980070",33200,"3",2880512,"1",
"980070",33200,"4",2880512,"1",
"980070",33200,"5",2880512,"1",
"900000",20000,"1",2880521,"1",
"900000",20000,"2",2880521,"1",
"900000",20000,"3",2880521,"1",
"900000",20000,"4",2880521,"1",
"900000",20000,"5",2880521,"1",
"980000",20000,"1",2880521,"1",
"980000",20000,"2",2880521,"1",
"980000",20000,"3",2880521,"1",
"980000",20000,"4",2880521,"1",
"980000",20000,"5",2880521,"1",
"980070",20000,"1",2880521,"1",
"980070",20000,"2",2880521,"1",
"980070",20000,"3",2880521,"1",
"980070",20000,"4",2880521,"1",
"980070",20000,"5",2880521,"1",
"900030",17195,"1",2880531,"1",
"900030",17195,"2",2880531,"1",
"900030",17195,"3",2880531,"1",
"900030",17195,"4",2880531,"1",
"900030",17195,"5",2880531,"1",
"980000",17195,"1",2880531,"1",
"980000",17195,"2",2880531,"1",
"980000",17195,"3",2880531,"1",
"980000",17195,"4",2880531,"1",
"980000",17195,"5",2880531,"1",
"980070",17195,"1",2880531,"1",
"980070",17195,"2",2880531,"1",
"980070",17195,"3",2880531,"1",
"980070",17195,"4",2880531,"1",
"980070",17195,"5",2880531,"1",
"900030",17195,"1",2880532,"1",
"900030",17195,"2",2880532,"1",
"900030",17195,"3",2880532,"1",
"900030",17195,"4",2880532,"1",
"900030",17195,"5",2880532,"1",
"980000",17195,"1",2880532,"1",
"980000",17195,"2",2880532,"1",
"980000",17195,"3",2880532,"1",
"980000",17195,"4",2880532,"1",
"980000",17195,"5",2880532,"1",
"980070",17195,"1",2880532,"1",
"980070",17195,"2",2880532,"1",
"980070",17195,"3",2880532,"1",
"980070",17195,"4",2880532,"1",
"980070",17195,"5",2880532,"1",
"900000",2000,"1",2880541,"1",
"900000",2000,"2",2880541,"1",
"900000",2000,"3",2880541,"1",
"900000",2000,"4",2880541,"1",
"900000",2000,"5",2880541,"1",
"980000",2000,"1",2880541,"1",
"980000",2000,"2",2880541,"1",
"980000",2000,"3",2880541,"1",
"980000",2000,"4",2880541,"1",
"980000",2000,"5",2880541,"1",
"980070",2000,"1",2880541,"1",
"980070",2000,"2",2880541,"1",
"980070",2000,"3",2880541,"1",
"980070",2000,"4",2880541,"1",
"980070",2000,"5",2880541,"1",
"900000",2000,"1",2880542,"1",
"900000",2000,"2",2880542,"1",
"900000",2000,"3",2880542,"1",
"900000",2000,"4",2880542,"1",
"900000",2000,"5",2880542,"1",
"980000",2000,"1",2880542,"1",
"980000",2000,"2",2880542,"1",
"980000",2000,"3",2880542,"1",
"980000",2000,"4",2880542,"1",
"980000",2000,"5",2880542,"1",
"980070",2000,"1",2880542,"1",
"980070",2000,"2",2880542,"1",
"980070",2000,"3",2880542,"1",
"980070",2000,"4",2880542,"1",
"980070",2000,"5",2880542,"1",
"800940",21935,"1",2880561,"1","T"
"800940",21935,"2",2880561,"1","T"
"800940",21935,"3",2880561,"1","T"
"800940",21935,"4",2880561,"1","T"
"800940",21935,"5",2880561,"1","T"
"900000",125741,"1",2880561,"1",
"900000",101166,"2",2880561,"1",
"900000",117822,"3",2880561,"1",
"900000",123589,"4",2880561,"1",
"900000",111815,"5",2880561,"1",
"900160",190233,"1",2880561,"1",
"900160",93915,"2",2880561,"1",
"900160",62804,"3",2880561,"1",
"900160",3588,"4",2880561,"1",
"900160",76180,"5",2880561,"1",
"980000",315974,"1",2880561,"1",
"980000",195081,"2",2880561,"1",
"980000",180626,"3",2880561,"1",
"980000",127177,"4",2880561,"1",
"980000",187995,"5",2880561,"1",
"980070",280974,"1",2880561,"1",
"980070",160081,"2",2880561,"1",
"980070",145626,"3",2880561,"1",
"980070",92177,"4",2880561,"1",
"980070",152995,"5",2880561,"1",
"800940",21935,"1",2880562,"1","T"
"800940",21935,"2",2880562,"1","T"
"800940",21935,"3",2880562,"1","T"
"800940",21935,"4",2880562,"1","T"
"800940",21935,"5",2880562,"1","T"
"900000",120847,"1",2880562,"1",
"900000",117940,"2",2880562,"1",
"900000",116878,"3",2880562,"1",
"900000",108082,"4",2880562,"1",
"900000",109109,"5",2880562,"1",
"900160",91635,"1",2880562,"1",
"900160",36503,"2",2880562,"1",
"900160",37390,"3",2880562,"1",
"900160",120059,"4",2880562,"1",
"900160",52582,"5",2880562,"1",
"980000",212482,"1",2880562,"1",
"980000",154443,"2",2880562,"1",
"980000",154268,"3",2880562,"1",
"980000",228141,"4",2880562,"1",
"980000",161691,"5",2880562,"1",
"980070",177482,"1",2880562,"1",
"980070",119443,"2",2880562,"1",
"980070",119268,"3",2880562,"1",
"980070",193141,"4",2880562,"1",
"980070",126691,"5",2880562,"1",
"900000",139803,"1",2880581,"1",
"900000",172570,"2",2880581,"1",
"900000",191274,"3",2880581,"1",
"900000",73692,"4",2880581,"1",
"900000",83963,"5",2880581,"1",
"900190",15207,"1",2880581,"1",
"900190",1,"2",2880581,"1",
"900190",3075,"3",2880581,"1",
"900190",23647,"4",2880581,"1",
"900190",921,"5",2880581,"1",
"980000",155010,"1",2880581,"1",
"980000",172571,"2",2880581,"1",
"980000",194349,"3",2880581,"1",
"980000",97339,"4",2880581,"1",
"980000",84884,"5",2880581,"1",
"980070",155010,"1",2880581,"1",
"980070",172571,"2",2880581,"1",
"980070",194349,"3",2880581,"1",
"980070",97339,"4",2880581,"1",
"980070",84884,"5",2880581,"1",
"900000",98227,"1",2880582,"1",
"900000",207910,"2",2880582,"1",
"900000",205188,"3",2880582,"1",
"900000",176844,"4",2880582,"1",
"900000",128612,"5",2880582,"1",
"900190",20864,"1",2880582,"1",
"900190",5206,"2",2880582,"1",
"900190",19927,"3",2880582,"1",
"900190",35847,"4",2880582,"1",
"900190",18664,"5",2880582,"1",
"980000",119091,"1",2880582,"1",
"980000",213116,"2",2880582,"1",
"980000",225115,"3",2880582,"1",
"980000",212691,"4",2880582,"1",
"980000",147276,"5",2880582,"1",
"980070",119091,"1",2880582,"1",
"980070",213116,"2",2880582,"1",
"980070",225115,"3",2880582,"1",
"980070",212691,"4",2880582,"1",
"980070",147276,"5",2880582,"1",
"900000",21579,"1",2880591,"1",
"900000",16247,"2",2880591,"1",
"900000",55795,"3",2880591,"1",
"900000",54317,"4",2880591,"1",
"900000",30265,"5",2880591,"1",
"980000",21579,"1",2880591,"1",
"980000",16247,"2",2880591,"1",
"980000",55795,"3",2880591,"1",
"980000",54317,"4",2880591,"1",
"980000",30265,"5",2880591,"1",
"980070",21579,"1",2880591,"1",
"980070",16247,"2",2880591,"1",
"980070",55795,"3",2880591,"1",
"980070",54317,"4",2880591,"1",
"980070",30265,"5",2880591,"1",
"900030",19908,"1",2880601,"1",
"900030",13164,"2",2880601,"1",
"900030",13212,"3",2880601,"1",
"900030",10644,"4",2880601,"1",
"900030",18552,"5",2880601,"1",
"980000",19908,"1",2880601,"1",
"980000",13164,"2",2880601,"1",
"980000",13212,"3",2880601,"1",
"980000",10644,"4",2880601,"1",
"980000",18552,"5",2880601,"1",
"980070",19908,"1",2880601,"1",
"980070",13164,"2",2880601,"1",
"980070",13212,"3",2880601,"1",
"980070",10644,"4",2880601,"1",
"980070",18552,"5",2880601,"1",
"900170",77950,"1",2880602,"1",
"900170",32984,"2",2880602,"1",
"900170",8959,"3",2880602,"1",
"900170",55086,"4",2880602,"1",
"900170",74659,"5",2880602,"1",
"900180",38657,"1",2880602,"1","T"
"900180",38657,"2",2880602,"1","T"
"900180",38657,"3",2880602,"1","T"
"900180",38657,"4",2880602,"1","T"
"900180",38657,"5",2880602,"1","T"
"980000",88585,"1",2880602,"1","T"
"980000",88585,"2",2880602,"1","T"
"980000",88585,"3",2880602,"1","T"
"980000",88585,"4",2880602,"1","T"
"980000",88585,"5",2880602,"1","T"
"980070",88585,"1",2880602,"1","T"
"980070",88585,"2",2880602,"1","T"
"980070",88585,"3",2880602,"1","T"
"980070",88585,"4",2880602,"1","T"
"980070",88585,"5",2880602,"1","T"
"900030",39718,"1",2880631,"1",
"900030",39718,"2",2880631,"1",
"900030",39718,"3",2880631,"1",
"900030",39718,"4",2880631,"1",
"900030",39718,"5",2880631,"1",
"900170",27376,"1",2880631,"1",
"900170",26616,"2",2880631,"1",
"900170",25238,"3",2880631,"1",
"900170",24406,"4",2880631,"1",
"900170",22663,"5",2880631,"1",
"980000",67094,"1",2880631,"1",
"980000",66334,"2",2880631,"1",
"980000",64956,"3",2880631,"1",
"980000",64124,"4",2880631,"1",
"980000",62381,"5",2880631,"1",
"980070",73194,"1",2880631,"1",
"980070",72434,"2",2880631,"1",
"980070",71056,"3",2880631,"1",
"980070",70224,"4",2880631,"1",
"980070",68481,"5",2880631,"1",
"900030",39718,"1",2880632,"1",
"900030",39718,"2",2880632,"1",
"900030",39718,"3",2880632,"1",
"900030",39718,"4",2880632,"1",
"900030",39718,"5",2880632,"1",
"900170",26131,"1",2880632,"1",
"900170",27861,"2",2880632,"1",
"900170",25894,"3",2880632,"1",
"900170",24849,"4",2880632,"1",
"900170",24821,"5",2880632,"1",
"980000",65849,"1",2880632,"1",
"980000",67579,"2",2880632,"1",
"980000",65612,"3",2880632,"1",
"980000",64567,"4",2880632,"1",
"980000",64539,"5",2880632,"1",
"980070",71949,"1",2880632,"1",
"980070",73679,"2",2880632,"1",
"980070",71712,"3",2880632,"1",
"980070",70667,"4",2880632,"1",
"980070",70639,"5",2880632,"1",
"900000",144205,"1",2880641,"1",
"900000",146249,"2",2880641,"1",
"900000",84358,"3",2880641,"1",
"900000",160208,"4",2880641,"1",
"900000",93987,"5",2880641,"1",
"980000",144205,"1",2880641,"1",
"980000",146249,"2",2880641,"1",
"980000",84358,"3",2880641,"1",
"980000",160208,"4",2880641,"1",
"980000",93987,"5",2880641,"1",
"980070",144205,"1",2880641,"1",
"980070",146249,"2",2880641,"1",
"980070",84358,"3",2880641,"1",
"980070",160208,"4",2880641,"1",
"980070",93987,"5",2880641,"1",
"900000",82133,"1",2880642,"1",
"900000",105359,"2",2880642,"1",
"900000",71728,"3",2880642,"1",
"900000",167112,"4",2880642,"1",
"900000",85573,"5",2880642,"1",
"980000",82133,"1",2880642,"1",
"980000",105359,"2",2880642,"1",
"980000",71728,"3",2880642,"1",
"980000",167112,"4",2880642,"1",
"980000",85573,"5",2880642,"1",
"980070",82133,"1",2880642,"1",
"980070",105359,"2",2880642,"1",
"980070",71728,"3",2880642,"1",
"980070",167112,"4",2880642,"1",
"980070",85573,"5",2880642,"1",
"900030",27875,"1",2880661,"1",
"900030",27875,"2",2880661,"1",
"900030",27875,"3",2880661,"1",
"900030",27875,"4",2880661,"1",
"900030",27875,"5",2880661,"1",
"900170",2163,"1",2880661,"1",
"900170",2163,"2",2880661,"1",
"900170",2163,"3",2880661,"1",
"900170",2163,"4",2880661,"1",
"900170",2163,"5",2880661,"1",
"980000",30038,"1",2880661,"1",
"980000",30038,"2",2880661,"1",
"980000",30038,"3",2880661,"1",
"980000",30038,"4",2880661,"1",
"980000",30038,"5",2880661,"1",
"980070",33338,"1",2880661,"1",
"980070",33338,"2",2880661,"1",
"980070",33338,"3",2880661,"1",
"980070",33338,"4",2880661,"1",
"980070",33338,"5",2880661,"1",
"900030",27875,"1",2880662,"1",
"900030",27875,"2",2880662,"1",
"900030",27875,"3",2880662,"1",
"900030",27875,"4",2880662,"1",
"900030",27875,"5",2880662,"1",
"900170",2163,"1",2880662,"1",
"900170",2163,"2",2880662,"1",
"900170",2163,"3",2880662,"1",
"900170",2163,"4",2880662,"1",
"900170",2163,"5",2880662,"1",
"980000",30038,"1",2880662,"1",
"980000",30038,"2",2880662,"1",
"980000",30038,"3",2880662,"1",
"980000",30038,"4",2880662,"1",
"980000",30038,"5",2880662,"1",
"980070",33338,"1",2880662,"1",
"980070",33338,"2",2880662,"1",
"980070",33338,"3",2880662,"1",
"980070",33338,"4",2880662,"1",
"980070",33338,"5",2880662,"1",
"800940",10967,"1",2880671,"1","T"
"800940",10967,"2",2880671,"1","T"
"800940",10967,"3",2880671,"1","T"
"800940",10967,"4",2880671,"1","T"
"800940",10967,"5",2880671,"1","T"
"900000",238420,"1",2880671,"1","T"
"900000",238420,"2",2880671,"1","T"
"900000",238420,"3",2880671,"1","T"
"900000",238420,"4",2880671,"1","T"
"900000",238420,"5",2880671,"1","T"
"900160",161770,"1",2880671,"1",
"900160",2039,"2",2880671,"1",
"900160",43886,"3",2880671,"1",
"900160",37984,"4",2880671,"1",
"900160",20558,"5",2880671,"1",
"980000",291668,"1",2880671,"1","T"
"980000",291668,"2",2880671,"1","T"
"980000",291668,"3",2880671,"1","T"
"980000",291668,"4",2880671,"1","T"
"980000",291668,"5",2880671,"1","T"
"980070",291668,"1",2880671,"1","T"
"980070",291668,"2",2880671,"1","T"
"980070",291668,"3",2880671,"1","T"
"980070",291668,"4",2880671,"1","T"
"980070",291668,"5",2880671,"1","T"
"800940",5886,"1",2880672,"1",
"800940",6234,"2",2880672,"1",
"800940",4719,"3",2880672,"1",
"800940",6399,"4",2880672,"1",
"800940",8646,"5",2880672,"1",
"900000",239364,"1",2880672,"1","T"
"900000",239364,"2",2880672,"1","T"
"900000",239364,"3",2880672,"1","T"
"900000",239364,"4",2880672,"1","T"
"900000",239364,"5",2880672,"1","T"
"900160",20979,"1",2880672,"1",
"900160",21796,"2",2880672,"1",
"900160",15376,"3",2880672,"1",
"900160",24452,"4",2880672,"1",
"900160",41092,"5",2880672,"1",
"980000",264103,"1",2880672,"1","T"
"980000",264103,"2",2880672,"1","T"
"980000",264103,"3",2880672,"1","T"
"980000",264103,"4",2880672,"1","T"
"980000",264103,"5",2880672,"1","T"
"980070",264103,"1",2880672,"1","T"
"980070",264103,"2",2880672,"1","T"
"980070",264103,"3",2880672,"1","T"
"980070",264103,"4",2880672,"1","T"
"980070",264103,"5",2880672,"1","T"
"900000",10328,"1",2880692,"1",
"900000",39713,"2",2880692,"1",
"900000",46862,"3",2880692,"1",
"900000",54771,"4",2880692,"1",
"900000",44042,"5",2880692,"1",
"980000",10328,"1",2880692,"1",
"980000",39713,"2",2880692,"1",
"980000",46862,"3",2880692,"1",
"980000",54771,"4",2880692,"1",
"980000",44042,"5",2880692,"1",
"980070",10328,"1",2880692,"1",
"980070",39713,"2",2880692,"1",
"980070",46862,"3",2880692,"1",
"980070",54771,"4",2880692,"1",
"980070",44042,"5",2880692,"1",
"900140",888,"1",2880711,"1",
"900140",2185,"2",2880711,"1",
"900140",669,"3",2880711,"1",
"900140",1231,"4",2880711,"1",
"900140",1687,"5",2880711,"1",
"980000",888,"1",2880711,"1",
"980000",2185,"2",2880711,"1",
"980000",669,"3",2880711,"1",
"980000",1231,"4",2880711,"1",
"980000",1687,"5",2880711,"1",
"980070",888,"1",2880711,"1",
"980070",2185,"2",2880711,"1",
"980070",669,"3",2880711,"1",
"980070",1231,"4",2880711,"1",
"980070",1687,"5",2880711,"1",
"900140",873,"1",2880712,"1",
"900140",405,"2",2880712,"1",
"900140",545,"3",2880712,"1",
"900140",3835,"4",2880712,"1",
"900140",580,"5",2880712,"1",
"980000",873,"1",2880712,"1",
"980000",405,"2",2880712,"1",
"980000",545,"3",2880712,"1",
"980000",3835,"4",2880712,"1",
"980000",580,"5",2880712,"1",
"980070",873,"1",2880712,"1",
"980070",405,"2",2880712,"1",
"980070",545,"3",2880712,"1",
"980070",3835,"4",2880712,"1",
"980070",580,"5",2880712,"1",
"900000",78000,"1",2880731,"1",
"900000",78000,"2",2880731,"1",
"900000",78000,"3",2880731,"1",
"900000",78000,"4",2880731,"1",
"900000",78000,"5",2880731,"1",
"980000",78000,"1",2880731,"1",
"980000",78000,"2",2880731,"1",
"980000",78000,"3",2880731,"1",
"980000",78000,"4",2880731,"1",
"980000",78000,"5",2880731,"1",
"980070",80400,"1",2880731,"1",
"980070",80400,"2",2880731,"1",
"980070",80400,"3",2880731,"1",
"980070",80400,"4",2880731,"1",
"980070",80400,"5",2880731,"1",
"900000",78000,"1",2880732,"1",
"900000",78000,"2",2880732,"1",
"900000",78000,"3",2880732,"1",
"900000",78000,"4",2880732,"1",
"900000",78000,"5",2880732,"1",
"980000",78000,"1",2880732,"1",
"980000",78000,"2",2880732,"1",
"980000",78000,"3",2880732,"1",
"980000",78000,"4",2880732,"1",
"980000",78000,"5",2880732,"1",
"980070",80400,"1",2880732,"1",
"980070",80400,"2",2880732,"1",
"980070",80400,"3",2880732,"1",
"980070",80400,"4",2880732,"1",
"980070",80400,"5",2880732,"1",
"900000",120000,"1",2880741,"1",
"900000",120000,"2",2880741,"1",
"900000",120000,"3",2880741,"1",
"900000",120000,"4",2880741,"1",
"900000",120000,"5",2880741,"1",
"900170",38400,"1",2880741,"1",
"900170",38400,"2",2880741,"1",
"900170",38400,"3",2880741,"1",
"900170",38400,"4",2880741,"1",
"900170",38400,"5",2880741,"1",
"900180",138,"1",2880741,"1",
"900180",129,"2",2880741,"1",
"900180",138,"3",2880741,"1",
"900180",68,"4",2880741,"1",
"900180",130,"5",2880741,"1",
"980000",158538,"1",2880741,"1",
"980000",158529,"2",2880741,"1",
"980000",158538,"3",2880741,"1",
"980000",158468,"4",2880741,"1",
"980000",158530,"5",2880741,"1",
"980070",151038,"1",2880741,"1",
"980070",151029,"2",2880741,"1",
"980070",151038,"3",2880741,"1",
"980070",150968,"4",2880741,"1",
"980070",151030,"5",2880741,"1",
"900000",120000,"1",2880742,"1",
"900000",120000,"2",2880742,"1",
"900000",120000,"3",2880742,"1",
"900000",120000,"4",2880742,"1",
"900000",120000,"5",2880742,"1",
"900170",38400,"1",2880742,"1",
"900170",38400,"2",2880742,"1",
"900170",38400,"3",2880742,"1",
"900170",38400,"4",2880742,"1",
"900170",38400,"5",2880742,"1",
"900180",992,"1",2880742,"1",
"900180",63,"2",2880742,"1",
"900180",116,"3",2880742,"1",
"900180",988,"4",2880742,"1",
"900180",58,"5",2880742,"1",
"980000",159392,"1",2880742,"1",
"980000",158463,"2",2880742,"1",
"980000",158516,"3",2880742,"1",
"980000",159388,"4",2880742,"1",
"980000",158458,"5",2880742,"1",
"980070",151892,"1",2880742,"1",
"980070",150963,"2",2880742,"1",
"980070",151016,"3",2880742,"1",
"980070",151888,"4",2880742,"1",
"980070",150958,"5",2880742,"1",
"900000",61591,"1",2880751,"1",
"900000",42911,"2",2880751,"1",
"900000",37799,"3",2880751,"1",
"900000",45114,"4",2880751,"1",
"900000",26665,"5",2880751,"1",
"980000",61591,"1",2880751,"1",
"980000",42911,"2",2880751,"1",
"980000",37799,"3",2880751,"1",
"980000",45114,"4",2880751,"1",
"980000",26665,"5",2880751,"1",
"980070",61591,"1",2880751,"1",
"980070",42911,"2",2880751,"1",
"980070",37799,"3",2880751,"1",
"980070",45114,"4",2880751,"1",
"980070",26665,"5",2880751,"1",
"900000",57895,"1",2880752,"1",
"900000",35577,"2",2880752,"1",
"900000",34721,"3",2880752,"1",
"900000",67109,"4",2880752,"1",
"900000",73913,"5",2880752,"1",
"980000",57895,"1",2880752,"1",
"980000",35577,"2",2880752,"1",
"980000",34721,"3",2880752,"1",
"980000",67109,"4",2880752,"1",
"980000",73913,"5",2880752,"1",
"980070",57895,"1",2880752,"1",
"980070",35577,"2",2880752,"1",
"980070",34721,"3",2880752,"1",
"980070",67109,"4",2880752,"1",
"980070",73913,"5",2880752,"1",
"900000",24000,"1",2880762,"1",
"900000",24000,"2",2880762,"1",
"900000",24000,"3",2880762,"1",
"900000",24000,"4",2880762,"1",
"900000",24000,"5",2880762,"1",
"900160",24000,"1",2880762,"1",
"900160",24000,"2",2880762,"1",
"900160",24000,"3",2880762,"1",
"900160",24000,"4",2880762,"1",
"900160",24000,"5",2880762,"1",
"980000",48000,"1",2880762,"1",
"980000",48000,"2",2880762,"1",
"980000",48000,"3",2880762,"1",
"980000",48000,"4",2880762,"1",
"980000",48000,"5",2880762,"1",
"980070",49320,"1",2880762,"1",
"980070",49320,"2",2880762,"1",
"980070",49320,"3",2880762,"1",
"980070",49320,"4",2880762,"1",
"980070",49320,"5",2880762,"1",
"800940",10967,"1",2880771,"1","T"
"800940",10967,"2",2880771,"1","T"
"800940",10967,"3",2880771,"1","T"
"800940",10967,"4",2880771,"1","T"
"800940",10967,"5",2880771,"1","T"
"900000",56073,"1",2880771,"1",
"900000",57854,"2",2880771,"1",
"900000",55872,"3",2880771,"1",
"900000",55259,"4",2880771,"1",
"900000",59055,"5",2880771,"1",
"900160",32802,"1",2880771,"1",
"900160",26423,"2",2880771,"1",
"900160",1085,"3",2880771,"1",
"900160",3925,"4",2880771,"1",
"900160",70885,"5",2880771,"1",
"980000",88875,"1",2880771,"1",
"980000",84277,"2",2880771,"1",
"980000",56957,"3",2880771,"1",
"980000",59184,"4",2880771,"1",
"980000",129940,"5",2880771,"1",
"980070",88875,"1",2880771,"1",
"980070",84277,"2",2880771,"1",
"980070",56957,"3",2880771,"1",
"980070",59184,"4",2880771,"1",
"980070",129940,"5",2880771,"1",
"800940",10967,"1",2880772,"1","T"
"800940",10967,"2",2880772,"1","T"
"800940",10967,"3",2880772,"1","T"
"800940",10967,"4",2880772,"1","T"
"800940",10967,"5",2880772,"1","T"
"900000",57848,"1",2880772,"1",
"900000",56520,"2",2880772,"1",
"900000",59018,"3",2880772,"1",
"900000",55544,"4",2880772,"1",
"900000",57029,"5",2880772,"1",
"900160",11164,"1",2880772,"1",
"900160",35198,"2",2880772,"1",
"900160",107439,"3",2880772,"1",
"900160",14286,"4",2880772,"1",
"900160",59868,"5",2880772,"1",
"980000",69012,"1",2880772,"1",
"980000",91718,"2",2880772,"1",
"980000",166457,"3",2880772,"1",
"980000",69830,"4",2880772,"1",
"980000",116897,"5",2880772,"1",
"980070",69012,"1",2880772,"1",
"980070",91718,"2",2880772,"1",
"980070",166457,"3",2880772,"1",
"980070",69830,"4",2880772,"1",
"980070",116897,"5",2880772,"1",
"900000",9000,"1",2880781,"1",
"900000",9000,"2",2880781,"1",
"900000",9000,"3",2880781,"1",
"900000",9000,"4",2880781,"1",
"900000",9000,"5",2880781,"1",
"900150",2880,"1",2880781,"1",
"900150",2880,"2",2880781,"1",
"900150",2880,"3",2880781,"1",
"900150",2880,"4",2880781,"1",
"900150",2880,"5",2880781,"1",
"900210",1500,"1",2880781,"1",
"900210",1500,"2",2880781,"1",
"900210",1500,"3",2880781,"1",
"900210",1500,"4",2880781,"1",
"900210",1500,"5",2880781,"1",
"980000",13380,"1",2880781,"1",
"980000",13380,"2",2880781,"1",
"980000",13380,"3",2880781,"1",
"980000",13380,"4",2880781,"1",
"980000",13380,"5",2880781,"1",
"980070",14530,"1",2880781,"1",
"980070",14530,"2",2880781,"1",
"980070",14530,"3",2880781,"1",
"980070",14530,"4",2880781,"1",
"980070",14530,"5",2880781,"1",
"900000",9000,"1",2880782,"1",
"900000",9000,"2",2880782,"1",
"900000",9000,"3",2880782,"1",
"900000",9000,"4",2880782,"1",
"900000",9000,"5",2880782,"1",
"900150",2880,"1",2880782,"1",
"900150",2880,"2",2880782,"1",
"900150",2880,"3",2880782,"1",
"900150",2880,"4",2880782,"1",
"900150",2880,"5",2880782,"1",
"900210",1500,"1",2880782,"1",
"900210",1500,"2",2880782,"1",
"900210",1500,"3",2880782,"1",
"900210",1500,"4",2880782,"1",
"900210",1500,"5",2880782,"1",
"980000",13380,"1",2880782,"1",
"980000",13380,"2",2880782,"1",
"980000",13380,"3",2880782,"1",
"980000",13380,"4",2880782,"1",
"980000",13380,"5",2880782,"1",
"980070",14530,"1",2880782,"1",
"980070",14530,"2",2880782,"1",
"980070",14530,"3",2880782,"1",
"980070",14530,"4",2880782,"1",
"980070",14530,"5",2880782,"1",
"900000",54600,"1",2880792,"1",
"900000",54600,"2",2880792,"1",
"900000",54600,"3",2880792,"1",
"900000",54600,"4",2880792,"1",
"900000",54600,"5",2880792,"1",
"980000",54600,"1",2880792,"1",
"980000",54600,"2",2880792,"1",
"980000",54600,"3",2880792,"1",
"980000",54600,"4",2880792,"1",
"980000",54600,"5",2880792,"1",
"980070",59605,"1",2880792,"1",
"980070",59605,"2",2880792,"1",
"980070",59605,"3",2880792,"1",
"980070",59605,"4",2880792,"1",
"980070",59605,"5",2880792,"1",
"900030",32122,"1",2880831,"1",
"900030",32122,"2",2880831,"1",
"900030",32122,"3",2880831,"1",
"900030",32122,"4",2880831,"1",
"900030",32122,"5",2880831,"1",
"900160",2620,"1",2880831,"1",
"900160",1538,"2",2880831,"1",
"900160",1135,"3",2880831,"1",
"900160",2903,"4",2880831,"1",
"900160",441,"5",2880831,"1",
"900170",15788,"1",2880831,"1",
"900170",15891,"2",2880831,"1",
"900170",17243,"3",2880831,"1",
"900170",17644,"4",2880831,"1",
"900170",19840,"5",2880831,"1",
"900180",13434,"1",2880831,"1",
"900180",12651,"2",2880831,"1",
"900180",10626,"3",2880831,"1",
"900180",10930,"4",2880831,"1",
"900180",11166,"5",2880831,"1",
"900190",68016,"1",2880831,"1","T"
"900190",68016,"2",2880831,"1","T"
"900190",68016,"3",2880831,"1","T"
"900190",68016,"4",2880831,"1","T"
"900190",68016,"5",2880831,"1","T"
"980000",130908,"1",2880831,"1","T"
"980000",130908,"2",2880831,"1","T"
"980000",130908,"3",2880831,"1","T"
"980000",130908,"4",2880831,"1","T"
"980000",130908,"5",2880831,"1","T"
"980070",132408,"1",2880831,"1","T"
"980070",132408,"2",2880831,"1","T"
"980070",132408,"3",2880831,"1","T"
"980070",132408,"4",2880831,"1","T"
"980070",132408,"5",2880831,"1","T"
"900030",32122,"1",2880832,"1",
"900030",32122,"2",2880832,"1",
"900030",32122,"3",2880832,"1",
"900030",32122,"4",2880832,"1",
"900030",32122,"5",2880832,"1",
"900160",1282,"1",2880832,"1",
"900160",2705,"2",2880832,"1",
"900160",1082,"3",2880832,"1",
"900160",4474,"4",2880832,"1",
"900160",1447,"5",2880832,"1",
"900170",19802,"1",2880832,"1",
"900170",15487,"2",2880832,"1",
"900170",15550,"3",2880832,"1",
"900170",16309,"4",2880832,"1",
"900170",19620,"5",2880832,"1",
"900180",10451,"1",2880832,"1",
"900180",10327,"2",2880832,"1",
"900180",11058,"3",2880832,"1",
"900180",10562,"4",2880832,"1",
"900180",11222,"5",2880832,"1",
"900190",68016,"1",2880832,"1","T"
"900190",68016,"2",2880832,"1","T"
"900190",68016,"3",2880832,"1","T"
"900190",68016,"4",2880832,"1","T"
"900190",68016,"5",2880832,"1","T"
"980000",130414,"1",2880832,"1","T"
"980000",130414,"2",2880832,"1","T"
"980000",130414,"3",2880832,"1","T"
"980000",130414,"4",2880832,"1","T"
"980000",130414,"5",2880832,"1","T"
"980070",131914,"1",2880832,"1","T"
"980070",131914,"2",2880832,"1","T"
"980070",131914,"3",2880832,"1","T"
"980070",131914,"4",2880832,"1","T"
"980070",131914,"5",2880832,"1","T"
"900000",2900,"1",2880841,"1",
"900000",2900,"2",2880841,"1",
"900000",2900,"3",2880841,"1",
"900000",2900,"4",2880841,"1",
"900000",2900,"5",2880841,"1",
"900030",16199,"1",2880841,"1",
"900030",16199,"2",2880841,"1",
"900030",16199,"3",2880841,"1",
"900030",16199,"4",2880841,"1",
"900030",16199,"5",2880841,"1",
"900090",7524,"1",2880841,"1",
"900090",7524,"2",2880841,"1",
"900090",7524,"3",2880841,"1",
"900090",7524,"4",2880841,"1",
"900090",7524,"5",2880841,"1",
"900150",3408,"1",2880841,"1",
"900150",3408,"2",2880841,"1",
"900150",3408,"3",2880841,"1",
"900150",3408,"4",2880841,"1",
"900150",3408,"5",2880841,"1",
"980000",30031,"1",2880841,"1",
"980000",30031,"2",2880841,"1",
"980000",30031,"3",2880841,"1",
"980000",30031,"4",2880841,"1",
"980000",30031,"5",2880841,"1",
"980070",30031,"1",2880841,"1",
"980070",30031,"2",2880841,"1",
"980070",30031,"3",2880841,"1",
"980070",30031,"4",2880841,"1",
"980070",30031,"5",2880841,"1",
"900000",2900,"1",2880842,"1",
"900000",2900,"2",2880842,"1",
"900000",2900,"3",2880842,"1",
"900000",2900,"4",2880842,"1",
"900000",2900,"5",2880842,"1",
"900030",16199,"1",2880842,"1",
"900030",16199,"2",2880842,"1",
"900030",16199,"3",2880842,"1",
"900030",16199,"4",2880842,"1",
"900030",16199,"5",2880842,"1",
"900090",7524,"1",2880842,"1",
"900090",7524,"2",2880842,"1",
"900090",7524,"3",2880842,"1",
"900090",7524,"4",2880842,"1",
"900090",7524,"5",2880842,"1",
"900150",3408,"1",2880842,"1",
"900150",3408,"2",2880842,"1",
"900150",3408,"3",2880842,"1",
"900150",3408,"4",2880842,"1",
"900150",3408,"5",2880842,"1",
"980000",30031,"1",2880842,"1",
"980000",30031,"2",2880842,"1",
"980000",30031,"3",2880842,"1",
"980000",30031,"4",2880842,"1",
"980000",30031,"5",2880842,"1",
"980070",30031,"1",2880842,"1",
"980070",30031,"2",2880842,"1",
"980070",30031,"3",2880842,"1",
"980070",30031,"4",2880842,"1",
"980070",30031,"5",2880842,"1",
"900000",96472,"1",2880851,"1",
"900000",107542,"2",2880851,"1",
"900000",103547,"3",2880851,"1",
"900000",110187,"4",2880851,"1",
"900000",104697,"5",2880851,"1",
"900180",128,"1",2880851,"1",
"900180",88,"2",2880851,"1",
"900180",3,"3",2880851,"1",
"900180",72,"4",2880851,"1",
"900180",90,"5",2880851,"1",
"900190",5340,"1",2880851,"1",
"900190",6049,"2",2880851,"1",
"900190",8792,"3",2880851,"1",
"900190",6887,"4",2880851,"1",
"900190",5954,"5",2880851,"1",
"900200",9045,"1",2880851,"1",
"900200",5153,"2",2880851,"1",
"900200",5132,"3",2880851,"1",
"900200",5065,"4",2880851,"1",
"900200",5044,"5",2880851,"1",
"980000",110985,"1",2880851,"1",
"980000",118832,"2",2880851,"1",
"980000",117474,"3",2880851,"1",
"980000",122211,"4",2880851,"1",
"980000",115785,"5",2880851,"1",
"980070",110985,"1",2880851,"1",
"980070",118832,"2",2880851,"1",
"980070",117474,"3",2880851,"1",
"980070",122211,"4",2880851,"1",
"980070",115785,"5",2880851,"1",
"900000",107418,"1",2880852,"1",
"900000",100638,"2",2880852,"1",
"900000",112521,"3",2880852,"1",
"900000",115107,"4",2880852,"1",
"900000",97410,"5",2880852,"1",
"900180",321,"1",2880852,"1",
"900180",9,"2",2880852,"1",
"900180",20,"3",2880852,"1",
"900180",120,"4",2880852,"1",
"900180",128,"5",2880852,"1",
"900190",5557,"1",2880852,"1",
"900190",5845,"2",2880852,"1",
"900190",8610,"3",2880852,"1",
"900190",8142,"4",2880852,"1",
"900190",6669,"5",2880852,"1",
"900200",5085,"1",2880852,"1",
"900200",5174,"2",2880852,"1",
"900200",5151,"3",2880852,"1",
"900200",5101,"4",2880852,"1",
"900200",5258,"5",2880852,"1",
"980000",118381,"1",2880852,"1",
"980000",111666,"2",2880852,"1",
"980000",126302,"3",2880852,"1",
"980000",128470,"4",2880852,"1",
"980000",109465,"5",2880852,"1",
"980070",118381,"1",2880852,"1",
"980070",111666,"2",2880852,"1",
"980070",126302,"3",2880852,"1",
"980070",128470,"4",2880852,"1",
"980070",109465,"5",2880852,"1",
"900030",21600,"1",2880861,"1",
"900030",21600,"2",2880861,"1",
"900030",21600,"3",2880861,"1",
"900030",21600,"4",2880861,"1",
"900030",21600,"5",2880861,"1",
"900170",4200,"1",2880861,"1",
"900170",4200,"2",2880861,"1",
"900170",4200,"3",2880861,"1",
"900170",4200,"4",2880861,"1",
"900170",4200,"5",2880861,"1",
"900180",200,"1",2880861,"1",
"900180",6458,"2",2880861,"1",
"900180",408,"3",2880861,"1",
"900180",5,"4",2880861,"1",
"900180",18,"5",2880861,"1",
"980000",26000,"1",2880861,"1",
"980000",32258,"2",2880861,"1",
"980000",26208,"3",2880861,"1",
"980000",25805,"4",2880861,"1",
"980000",25818,"5",2880861,"1",
"980070",23960,"1",2880861,"1",
"980070",30218,"2",2880861,"1",
"980070",24168,"3",2880861,"1",
"980070",23765,"4",2880861,"1",
"980070",23778,"5",2880861,"1",
"900000",65718,"1",2880871,"1",
"900000",65892,"2",2880871,"1",
"900000",68396,"3",2880871,"1",
"900000",67911,"4",2880871,"1",
"900000",67308,"5",2880871,"1",
"980000",65718,"1",2880871,"1",
"980000",65892,"2",2880871,"1",
"980000",68396,"3",2880871,"1",
"980000",67911,"4",2880871,"1",
"980000",67308,"5",2880871,"1",
"980070",67118,"1",2880871,"1",
"980070",67292,"2",2880871,"1",
"980070",69796,"3",2880871,"1",
"980070",69311,"4",2880871,"1",
"980070",68708,"5",2880871,"1",
"900000",69407,"1",2880872,"1",
"900000",73048,"2",2880872,"1",
"900000",73991,"3",2880872,"1",
"900000",66829,"4",2880872,"1",
"900000",71931,"5",2880872,"1",
"980000",69407,"1",2880872,"1",
"980000",73048,"2",2880872,"1",
"980000",73991,"3",2880872,"1",
"980000",66829,"4",2880872,"1",
"980000",71931,"5",2880872,"1",
"980070",70807,"1",2880872,"1",
"980070",74448,"2",2880872,"1",
"980070",75391,"3",2880872,"1",
"980070",68229,"4",2880872,"1",
"980070",73331,"5",2880872,"1",
"900030",8640,"1",2880881,"1",
"900030",8640,"2",2880881,"1",
"900030",8640,"3",2880881,"1",
"900030",8640,"4",2880881,"1",
"900030",8640,"5",2880881,"1",
"900150",144,"1",2880881,"1",
"900150",144,"2",2880881,"1",
"900150",144,"3",2880881,"1",
"900150",144,"4",2880881,"1",
"900150",144,"5",2880881,"1",
"980000",8784,"1",2880881,"1",
"980000",8784,"2",2880881,"1",
"980000",8784,"3",2880881,"1",
"980000",8784,"4",2880881,"1",
"980000",8784,"5",2880881,"1",
"980070",8784,"1",2880881,"1",
"980070",8784,"2",2880881,"1",
"980070",8784,"3",2880881,"1",
"980070",8784,"4",2880881,"1",
"980070",8784,"5",2880881,"1",
"900030",8640,"1",2880882,"1",
"900030",8640,"2",2880882,"1",
"900030",8640,"3",2880882,"1",
"900030",8640,"4",2880882,"1",
"900030",8640,"5",2880882,"1",
"900150",144,"1",2880882,"1",
"900150",144,"2",2880882,"1",
"900150",144,"3",2880882,"1",
"900150",144,"4",2880882,"1",
"900150",144,"5",2880882,"1",
"980000",8784,"1",2880882,"1",
"980000",8784,"2",2880882,"1",
"980000",8784,"3",2880882,"1",
"980000",8784,"4",2880882,"1",
"980000",8784,"5",2880882,"1",
"980070",8784,"1",2880882,"1",
"980070",8784,"2",2880882,"1",
"980070",8784,"3",2880882,"1",
"980070",8784,"4",2880882,"1",
"980070",8784,"5",2880882,"1",
"900000",40000,"1",2880891,"1",
"900000",40000,"2",2880891,"1",
"900000",40000,"3",2880891,"1",
"900000",40000,"4",2880891,"1",
"900000",40000,"5",2880891,"1",
"900150",4500,"1",2880891,"1",
"900150",4500,"2",2880891,"1",
"900150",4500,"3",2880891,"1",
"900150",4500,"4",2880891,"1",
"900150",4500,"5",2880891,"1",
"980000",44500,"1",2880891,"1",
"980000",44500,"2",2880891,"1",
"980000",44500,"3",2880891,"1",
"980000",44500,"4",2880891,"1",
"980000",44500,"5",2880891,"1",
"980070",48500,"1",2880891,"1",
"980070",48500,"2",2880891,"1",
"980070",48500,"3",2880891,"1",
"980070",48500,"4",2880891,"1",
"980070",48500,"5",2880891,"1",
"900000",40000,"1",2880892,"1",
"900000",40000,"2",2880892,"1",
"900000",40000,"3",2880892,"1",
"900000",40000,"4",2880892,"1",
"900000",40000,"5",2880892,"1",
"900150",4500,"1",2880892,"1",
"900150",4500,"2",2880892,"1",
"900150",4500,"3",2880892,"1",
"900150",4500,"4",2880892,"1",
"900150",4500,"5",2880892,"1",
"980000",44500,"1",2880892,"1",
"980000",44500,"2",2880892,"1",
"980000",44500,"3",2880892,"1",
"980000",44500,"4",2880892,"1",
"980000",44500,"5",2880892,"1",
"980070",48500,"1",2880892,"1",
"980070",48500,"2",2880892,"1",
"980070",48500,"3",2880892,"1",
"980070",48500,"4",2880892,"1",
"980070",48500,"5",2880892,"1",
"900030",1080,"1",2880901,"1",
"900030",1080,"2",2880901,"1",
"900030",1080,"3",2880901,"1",
"900030",1080,"4",2880901,"1",
"900030",1080,"5",2880901,"1",
"900150",552,"1",2880901,"1",
"900150",552,"2",2880901,"1",
"900150",552,"3",2880901,"1",
"900150",552,"4",2880901,"1",
"900150",552,"5",2880901,"1",
"980000",1632,"1",2880901,"1",
"980000",1632,"2",2880901,"1",
"980000",1632,"3",2880901,"1",
"980000",1632,"4",2880901,"1",
"980000",1632,"5",2880901,"1",
"980070",1632,"1",2880901,"1",
"980070",1632,"2",2880901,"1",
"980070",1632,"3",2880901,"1",
"980070",1632,"4",2880901,"1",
"980070",1632,"5",2880901,"1",
"900030",1080,"1",2880902,"1",
"900030",1080,"2",2880902,"1",
"900030",1080,"3",2880902,"1",
"900030",1080,"4",2880902,"1",
"900030",1080,"5",2880902,"1",
"900150",552,"1",2880902,"1",
"900150",552,"2",2880902,"1",
"900150",552,"3",2880902,"1",
"900150",552,"4",2880902,"1",
"900150",552,"5",2880902,"1",
"980000",1632,"1",2880902,"1",
"980000",1632,"2",2880902,"1",
"980000",1632,"3",2880902,"1",
"980000",1632,"4",2880902,"1",
"980000",1632,"5",2880902,"1",
"980070",1632,"1",2880902,"1",
"980070",1632,"2",2880902,"1",
"980070",1632,"3",2880902,"1",
"980070",1632,"4",2880902,"1",
"980070",1632,"5",2880902,"1",
"900000",80059,"1",2880921,"1",
"900000",80685,"2",2880921,"1",
"900000",94697,"3",2880921,"1",
"900000",87692,"4",2880921,"1",
"900000",168593,"5",2880921,"1",
"900030",20543,"1",2880921,"1",
"900030",7151,"2",2880921,"1",
"900030",21959,"3",2880921,"1",
"900030",16859,"4",2880921,"1",
"900030",29279,"5",2880921,"1",
"900170",6534,"1",2880921,"1",
"900170",19874,"2",2880921,"1",
"900170",6218,"3",2880921,"1",
"900170",18302,"4",2880921,"1",
"900170",31551,"5",2880921,"1",
"980000",107136,"1",2880921,"1",
"980000",107710,"2",2880921,"1",
"980000",122874,"3",2880921,"1",
"980000",122853,"4",2880921,"1",
"980000",229423,"5",2880921,"1",
"980070",107136,"1",2880921,"1",
"980070",107710,"2",2880921,"1",
"980070",122874,"3",2880921,"1",
"980070",122853,"4",2880921,"1",
"980070",229423,"5",2880921,"1",
"900000",124485,"1",2880922,"1",
"900000",93285,"2",2880922,"1",
"900000",95685,"3",2880922,"1",
"900000",123647,"4",2880922,"1",
"900000",151749,"5",2880922,"1",
"900030",26795,"1",2880922,"1",
"900030",17651,"2",2880922,"1",
"900030",17147,"3",2880922,"1",
"900030",8651,"4",2880922,"1",
"900030",17051,"5",2880922,"1",
"900170",14485,"1",2880922,"1",
"900170",9995,"2",2880922,"1",
"900170",31363,"3",2880922,"1",
"900170",20260,"4",2880922,"1",
"900170",19666,"5",2880922,"1",
"980000",165765,"1",2880922,"1",
"980000",120931,"2",2880922,"1",
"980000",144195,"3",2880922,"1",
"980000",152558,"4",2880922,"1",
"980000",188466,"5",2880922,"1",
"980070",165765,"1",2880922,"1",
"980070",120931,"2",2880922,"1",
"980070",144195,"3",2880922,"1",
"980070",152558,"4",2880922,"1",
"980070",188466,"5",2880922,"1",
"900000",65715,"1",2880941,"1",
"900000",69733,"2",2880941,"1",
"900000",65494,"3",2880941,"1",
"900000",67862,"4",2880941,"1",
"900000",67929,"5",2880941,"1",
"900210",2080,"1",2880941,"1",
"900210",2080,"2",2880941,"1",
"900210",2080,"3",2880941,"1",
"900210",2080,"4",2880941,"1",
"900210",2080,"5",2880941,"1",
"980000",67795,"1",2880941,"1",
"980000",71813,"2",2880941,"1",
"980000",67574,"3",2880941,"1",
"980000",69942,"4",2880941,"1",
"980000",70009,"5",2880941,"1",
"980070",71095,"1",2880941,"1",
"980070",75113,"2",2880941,"1",
"980070",70874,"3",2880941,"1",
"980070",73242,"4",2880941,"1",
"980070",73309,"5",2880941,"1",
"900000",68789,"1",2880942,"1",
"900000",66846,"2",2880942,"1",
"900000",68619,"3",2880942,"1",
"900000",67972,"4",2880942,"1",
"900000",65018,"5",2880942,"1",
"900210",2080,"1",2880942,"1",
"900210",2080,"2",2880942,"1",
"900210",2080,"3",2880942,"1",
"900210",2080,"4",2880942,"1",
"900210",2080,"5",2880942,"1",
"980000",70869,"1",2880942,"1",
"980000",68926,"2",2880942,"1",
"980000",70699,"3",2880942,"1",
"980000",70052,"4",2880942,"1",
"980000",67098,"5",2880942,"1",
"980070",74169,"1",2880942,"1",
"980070",72226,"2",2880942,"1",
"980070",73999,"3",2880942,"1",
"980070",73352,"4",2880942,"1",
"980070",70398,"5",2880942,"1",
"900000",90000,"1",2880981,"1",
"900000",90000,"2",2880981,"1",
"900000",90000,"3",2880981,"1",
"900000",90000,"4",2880981,"1",
"900000",90000,"5",2880981,"1",
"980000",90000,"1",2880981,"1",
"980000",90000,"2",2880981,"1",
"980000",90000,"3",2880981,"1",
"980000",90000,"4",2880981,"1",
"980000",90000,"5",2880981,"1",
"980070",90000,"1",2880981,"1",
"980070",90000,"2",2880981,"1",
"980070",90000,"3",2880981,"1",
"980070",90000,"4",2880981,"1",
"980070",90000,"5",2880981,"1",
"900000",90000,"1",2880982,"1",
"900000",90000,"2",2880982,"1",
"900000",90000,"3",2880982,"1",
"900000",90000,"4",2880982,"1",
"900000",90000,"5",2880982,"1",
"980000",90000,"1",2880982,"1",
"980000",90000,"2",2880982,"1",
"980000",90000,"3",2880982,"1",
"980000",90000,"4",2880982,"1",
"980000",90000,"5",2880982,"1",
"980070",90000,"1",2880982,"1",
"980070",90000,"2",2880982,"1",
"980070",90000,"3",2880982,"1",
"980070",90000,"4",2880982,"1",
"980070",90000,"5",2880982,"1",
"900160",80191,"1",2881011,"1",
"900160",30034,"2",2881011,"1",
"900160",25546,"3",2881011,"1",
"900160",13195,"4",2881011,"1",
"900160",8128,"5",2881011,"1",
"900180",3015,"1",2881011,"1",
"900180",102,"2",2881011,"1",
"900180",7563,"3",2881011,"1",
"900180",306,"4",2881011,"1",
"900180",35,"5",2881011,"1",
"980000",83206,"1",2881011,"1",
"980000",30136,"2",2881011,"1",
"980000",33109,"3",2881011,"1",
"980000",13501,"4",2881011,"1",
"980000",8163,"5",2881011,"1",
"980070",83206,"1",2881011,"1",
"980070",30136,"2",2881011,"1",
"980070",33109,"3",2881011,"1",
"980070",13501,"4",2881011,"1",
"980070",8163,"5",2881011,"1",
"900160",17136,"1",2881012,"1",
"900160",61769,"2",2881012,"1",
"900160",113252,"3",2881012,"1",
"900160",71921,"4",2881012,"1",
"900160",87779,"5",2881012,"1",
"900180",7052,"1",2881012,"1",
"900180",2033,"2",2881012,"1",
"900180",50,"3",2881012,"1",
"900180",28,"4",2881012,"1",
"900180",626,"5",2881012,"1",
"980000",24188,"1",2881012,"1",
"980000",63802,"2",2881012,"1",
"980000",113302,"3",2881012,"1",
"980000",71949,"4",2881012,"1",
"980000",88405,"5",2881012,"1",
"980070",24188,"1",2881012,"1",
"980070",63802,"2",2881012,"1",
"980070",113302,"3",2881012,"1",
"980070",71949,"4",2881012,"1",
"980070",88405,"5",2881012,"1",
"800940",10967,"1",2881021,"1","T"
"800940",10967,"2",2881021,"1","T"
"800940",10967,"3",2881021,"1","T"
"800940",10967,"4",2881021,"1","T"
"800940",10967,"5",2881021,"1","T"
"900000",122375,"1",2881021,"1",
"900000",113740,"2",2881021,"1",
"900000",139435,"3",2881021,"1",
"900000",127816,"4",2881021,"1",
"900000",70474,"5",2881021,"1",
"900160",3293,"1",2881021,"1",
"900160",-2611,"2",2881021,"1",
"900160",55115,"3",2881021,"1",
"900160",44041,"4",2881021,"1",
"900160",1556,"5",2881021,"1",
"900180",15,"1",2881021,"1",
"900180",15,"2",2881021,"1",
"900180",15,"3",2881021,"1",
"900180",15,"4",2881021,"1",
"900180",15,"5",2881021,"1",
"980000",125683,"1",2881021,"1",
"980000",111144,"2",2881021,"1",
"980000",194565,"3",2881021,"1",
"980000",171872,"4",2881021,"1",
"980000",72045,"5",2881021,"1",
"980070",125683,"1",2881021,"1",
"980070",111144,"2",2881021,"1",
"980070",194565,"3",2881021,"1",
"980070",171872,"4",2881021,"1",
"980070",72045,"5",2881021,"1",
"800940",10967,"1",2881022,"1","T"
"800940",10967,"2",2881022,"1","T"
"800940",10967,"3",2881022,"1","T"
"800940",10967,"4",2881022,"1","T"
"800940",10967,"5",2881022,"1","T"
"900000",79468,"1",2881022,"1",
"900000",97265,"2",2881022,"1",
"900000",139407,"3",2881022,"1",
"900000",103812,"4",2881022,"1",
"900000",93937,"5",2881022,"1",
"900160",450,"1",2881022,"1",
"900160",10131,"2",2881022,"1",
"900160",21791,"3",2881022,"1",
"900160",26466,"4",2881022,"1",
"900160",43853,"5",2881022,"1",
"900180",15,"1",2881022,"1",
"900180",15,"2",2881022,"1",
"900180",15,"3",2881022,"1",
"900180",15,"4",2881022,"1",
"900180",15,"5",2881022,"1",
"980000",79933,"1",2881022,"1",
"980000",107411,"2",2881022,"1",
"980000",161213,"3",2881022,"1",
"980000",130293,"4",2881022,"1",
"980000",137805,"5",2881022,"1",
"980070",79933,"1",2881022,"1",
"980070",107411,"2",2881022,"1",
"980070",161213,"3",2881022,"1",
"980070",130293,"4",2881022,"1",
"980070",137805,"5",2881022,"1",
"800940",5831,"1",2881031,"1",
"800940",6536,"2",2881031,"1",
"800940",3539,"3",2881031,"1",
"800940",4335,"4",2881031,"1",
"800940",2780,"5",2881031,"1",
"900000",52220,"1",2881031,"1",
"900000",61434,"2",2881031,"1",
"900000",22255,"3",2881031,"1",
"900000",32662,"4",2881031,"1",
"900000",12335,"5",2881031,"1",
"900030",33480,"1",2881031,"1",
"900030",33480,"2",2881031,"1",
"900030",33480,"3",2881031,"1",
"900030",33480,"4",2881031,"1",
"900030",33480,"5",2881031,"1",
"900160",12000,"1",2881031,"1",
"900160",12000,"2",2881031,"1",
"900160",12000,"3",2881031,"1",
"900160",12000,"4",2881031,"1",
"900160",12000,"5",2881031,"1",
"900170",5000,"1",2881031,"1",
"900170",5000,"2",2881031,"1",
"900170",5000,"3",2881031,"1",
"900170",5000,"4",2881031,"1",
"900170",5000,"5",2881031,"1",
"900180",16500,"1",2881031,"1",
"900180",16500,"2",2881031,"1",
"900180",16500,"3",2881031,"1",
"900180",16500,"4",2881031,"1",
"900180",16500,"5",2881031,"1",
"980000",119200,"1",2881031,"1",
"980000",128414,"2",2881031,"1",
"980000",89235,"3",2881031,"1",
"980000",99642,"4",2881031,"1",
"980000",79315,"5",2881031,"1",
"980070",117320,"1",2881031,"1",
"980070",126534,"2",2881031,"1",
"980070",87355,"3",2881031,"1",
"980070",97762,"4",2881031,"1",
"980070",77435,"5",2881031,"1",
"800940",6051,"1",2881032,"1",
"800940",5825,"2",2881032,"1",
"800940",2001,"3",2881032,"1",
"800940",8475,"4",2881032,"1",
"800940",3331,"5",2881032,"1",
"900000",55094,"1",2881032,"1",
"900000",52146,"2",2881032,"1",
"900000",2159,"3",2881032,"1",
"900000",86786,"4",2881032,"1",
"900000",19543,"5",2881032,"1",
"900030",33480,"1",2881032,"1",
"900030",33480,"2",2881032,"1",
"900030",33480,"3",2881032,"1",
"900030",33480,"4",2881032,"1",
"900030",33480,"5",2881032,"1",
"900160",12000,"1",2881032,"1",
"900160",12000,"2",2881032,"1",
"900160",12000,"3",2881032,"1",
"900160",12000,"4",2881032,"1",
"900160",12000,"5",2881032,"1",
"900170",5000,"1",2881032,"1",
"900170",5000,"2",2881032,"1",
"900170",5000,"3",2881032,"1",
"900170",5000,"4",2881032,"1",
"900170",5000,"5",2881032,"1",
"900180",16500,"1",2881032,"1",
"900180",16500,"2",2881032,"1",
"900180",16500,"3",2881032,"1",
"900180",16500,"4",2881032,"1",
"900180",16500,"5",2881032,"1",
"980000",122074,"1",2881032,"1",
"980000",119126,"2",2881032,"1",
"980000",69139,"3",2881032,"1",
"980000",153766,"4",2881032,"1",
"980000",86523,"5",2881032,"1",
"980070",120194,"1",2881032,"1",
"980070",117246,"2",2881032,"1",
"980070",67259,"3",2881032,"1",
"980070",151886,"4",2881032,"1",
"980070",84643,"5",2881032,"1",
"800940",4952,"1",2881051,"1",
"800940",4471,"2",2881051,"1",
"800940",4295,"3",2881051,"1",
"800940",4523,"4",2881051,"1",
"800940",4433,"5",2881051,"1",
"900000",55000,"1",2881051,"1",
"900000",55000,"2",2881051,"1",
"900000",55000,"3",2881051,"1",
"900000",55000,"4",2881051,"1",
"900000",55000,"5",2881051,"1",
"900160",84867,"1",2881051,"1",
"900160",81724,"2",2881051,"1",
"900160",80569,"3",2881051,"1",
"900160",82063,"4",2881051,"1",
"900160",81472,"5",2881051,"1",
"980000",139867,"1",2881051,"1",
"980000",136724,"2",2881051,"1",
"980000",135569,"3",2881051,"1",
"980000",137063,"4",2881051,"1",
"980000",136472,"5",2881051,"1",
"980070",126867,"1",2881051,"1",
"980070",123724,"2",2881051,"1",
"980070",122569,"3",2881051,"1",
"980070",124063,"4",2881051,"1",
"980070",123472,"5",2881051,"1",
"800940",4459,"1",2881052,"1",
"800940",4398,"2",2881052,"1",
"800940",4319,"3",2881052,"1",
"800940",4298,"4",2881052,"1",
"800940",4701,"5",2881052,"1",
"900000",55000,"1",2881052,"1",
"900000",55000,"2",2881052,"1",
"900000",55000,"3",2881052,"1",
"900000",55000,"4",2881052,"1",
"900000",55000,"5",2881052,"1",
"900160",81641,"1",2881052,"1",
"900160",81244,"2",2881052,"1",
"900160",80732,"3",2881052,"1",
"900160",80593,"4",2881052,"1",
"900160",83225,"5",2881052,"1",
"980000",136641,"1",2881052,"1",
"980000",136244,"2",2881052,"1",
"980000",135732,"3",2881052,"1",
"980000",135593,"4",2881052,"1",
"980000",138225,"5",2881052,"1",
"980070",123641,"1",2881052,"1",
"980070",123244,"2",2881052,"1",
"980070",122732,"3",2881052,"1",
"980070",122593,"4",2881052,"1",
"980070",125225,"5",2881052,"1",
"900000",71702,"1",2881061,"1",
"900000",105459,"2",2881061,"1",
"900000",65459,"3",2881061,"1",
"900000",109429,"4",2881061,"1",
"900000",84374,"5",2881061,"1",
"980000",71702,"1",2881061,"1",
"980000",105459,"2",2881061,"1",
"980000",65459,"3",2881061,"1",
"980000",109429,"4",2881061,"1",
"980000",84374,"5",2881061,"1",
"980070",71702,"1",2881061,"1",
"980070",105459,"2",2881061,"1",
"980070",65459,"3",2881061,"1",
"980070",109429,"4",2881061,"1",
"980070",84374,"5",2881061,"1",
"900000",85877,"1",2881062,"1",
"900000",95138,"2",2881062,"1",
"900000",59513,"3",2881062,"1",
"900000",69837,"4",2881062,"1",
"900000",45113,"5",2881062,"1",
"980000",85877,"1",2881062,"1",
"980000",95138,"2",2881062,"1",
"980000",59513,"3",2881062,"1",
"980000",69837,"4",2881062,"1",
"980000",45113,"5",2881062,"1",
"980070",85877,"1",2881062,"1",
"980070",95138,"2",2881062,"1",
"980070",59513,"3",2881062,"1",
"980070",69837,"4",2881062,"1",
"980070",45113,"5",2881062,"1",
"900000",106000,"1",2881071,"1",
"900000",106000,"2",2881071,"1",
"900000",106000,"3",2881071,"1",
"900000",106000,"4",2881071,"1",
"900000",106000,"5",2881071,"1",
"980000",106000,"1",2881071,"1",
"980000",106000,"2",2881071,"1",
"980000",106000,"3",2881071,"1",
"980000",106000,"4",2881071,"1",
"980000",106000,"5",2881071,"1",
"980070",107700,"1",2881071,"1",
"980070",107700,"2",2881071,"1",
"980070",107700,"3",2881071,"1",
"980070",107700,"4",2881071,"1",
"980070",107700,"5",2881071,"1",
"900000",106000,"1",2881072,"1",
"900000",106000,"2",2881072,"1",
"900000",106000,"3",2881072,"1",
"900000",106000,"4",2881072,"1",
"900000",106000,"5",2881072,"1",
"980000",106000,"1",2881072,"1",
"980000",106000,"2",2881072,"1",
"980000",106000,"3",2881072,"1",
"980000",106000,"4",2881072,"1",
"980000",106000,"5",2881072,"1",
"980070",107700,"1",2881072,"1",
"980070",107700,"2",2881072,"1",
"980070",107700,"3",2881072,"1",
"980070",107700,"4",2881072,"1",
"980070",107700,"5",2881072,"1",
"900030",16127,"1",2881081,"1",
"900030",7307,"2",2881081,"1",
"900030",22199,"3",2881081,"1",
"900030",16259,"4",2881081,"1",
"900030",17531,"5",2881081,"1",
"980000",16127,"1",2881081,"1",
"980000",7307,"2",2881081,"1",
"980000",22199,"3",2881081,"1",
"980000",16259,"4",2881081,"1",
"980000",17531,"5",2881081,"1",
"980070",16127,"1",2881081,"1",
"980070",7307,"2",2881081,"1",
"980070",22199,"3",2881081,"1",
"980070",16259,"4",2881081,"1",
"980070",17531,"5",2881081,"1",
"900030",5915,"1",2881082,"1",
"900030",12359,"2",2881082,"1",
"900030",16379,"3",2881082,"1",
"900030",14735,"4",2881082,"1",
"900030",18887,"5",2881082,"1",
"980000",5915,"1",2881082,"1",
"980000",12359,"2",2881082,"1",
"980000",16379,"3",2881082,"1",
"980000",14735,"4",2881082,"1",
"980000",18887,"5",2881082,"1",
"980070",5915,"1",2881082,"1",
"980070",12359,"2",2881082,"1",
"980070",16379,"3",2881082,"1",
"980070",14735,"4",2881082,"1",
"980070",18887,"5",2881082,"1",
"900000",32000,"1",2881091,"1",
"900000",32000,"2",2881091,"1",
"900000",32000,"3",2881091,"1",
"900000",32000,"4",2881091,"1",
"900000",32000,"5",2881091,"1",
"980000",32000,"1",2881091,"1",
"980000",32000,"2",2881091,"1",
"980000",32000,"3",2881091,"1",
"980000",32000,"4",2881091,"1",
"980000",32000,"5",2881091,"1",
"980070",32000,"1",2881091,"1",
"980070",32000,"2",2881091,"1",
"980070",32000,"3",2881091,"1",
"980070",32000,"4",2881091,"1",
"980070",32000,"5",2881091,"1",
"900000",32000,"1",2881092,"1",
"900000",32000,"2",2881092,"1",
"900000",32000,"3",2881092,"1",
"900000",32000,"4",2881092,"1",
"900000",32000,"5",2881092,"1",
"980000",32000,"1",2881092,"1",
"980000",32000,"2",2881092,"1",
"980000",32000,"3",2881092,"1",
"980000",32000,"4",2881092,"1",
"980000",32000,"5",2881092,"1",
"980070",32000,"1",2881092,"1",
"980070",32000,"2",2881092,"1",
"980070",32000,"3",2881092,"1",
"980070",32000,"4",2881092,"1",
"980070",32000,"5",2881092,"1",
"900000",121145,"1",2881121,"1",
"900000",111852,"2",2881121,"1",
"900000",121391,"3",2881121,"1",
"900000",110058,"4",2881121,"1",
"900000",124927,"5",2881121,"1",
"900180",500,"1",2881121,"1",
"900180",500,"2",2881121,"1",
"900180",500,"3",2881121,"1",
"900180",500,"4",2881121,"1",
"900180",500,"5",2881121,"1",
"980000",121645,"1",2881121,"1",
"980000",112352,"2",2881121,"1",
"980000",121891,"3",2881121,"1",
"980000",110558,"4",2881121,"1",
"980000",125427,"5",2881121,"1",
"980070",47614,"1",2881121,"1","T"
"980070",47614,"2",2881121,"1","T"
"980070",47614,"3",2881121,"1","T"
"980070",47614,"4",2881121,"1","T"
"980070",47614,"5",2881121,"1","T"
"900000",118283,"1",2881122,"1",
"900000",105079,"2",2881122,"1",
"900000",122208,"3",2881122,"1",
"900000",127286,"4",2881122,"1",
"900000",125748,"5",2881122,"1",
"900180",500,"1",2881122,"1",
"900180",500,"2",2881122,"1",
"900180",500,"3",2881122,"1",
"900180",500,"4",2881122,"1",
"900180",500,"5",2881122,"1",
"980000",118783,"1",2881122,"1",
"980000",105579,"2",2881122,"1",
"980000",122708,"3",2881122,"1",
"980000",127786,"4",2881122,"1",
"980000",126248,"5",2881122,"1",
"980070",49460,"1",2881122,"1","T"
"980070",49460,"2",2881122,"1","T"
"980070",49460,"3",2881122,"1","T"
"980070",49460,"4",2881122,"1","T"
"980070",49460,"5",2881122,"1","T"
"900000",116878,"1",2881141,"1",
"900000",118067,"2",2881141,"1",
"900000",118358,"3",2881141,"1",
"900000",119871,"4",2881141,"1",
"900000",115973,"5",2881141,"1",
"900030",8507,"1",2881141,"1",
"900030",9347,"2",2881141,"1",
"900030",8915,"3",2881141,"1",
"900030",8591,"4",2881141,"1",
"900030",9119,"5",2881141,"1",
"900170",44948,"1",2881141,"1",
"900170",42157,"2",2881141,"1",
"900170",41834,"3",2881141,"1",
"900170",40983,"4",2881141,"1",
"900170",41069,"5",2881141,"1",
"900180",68,"1",2881141,"1",
"900180",53,"2",2881141,"1",
"900180",229,"3",2881141,"1",
"900180",155,"4",2881141,"1",
"900180",61,"5",2881141,"1",
"900210",16640,"1",2881141,"1",
"900210",16640,"2",2881141,"1",
"900210",16640,"3",2881141,"1",
"900210",16640,"4",2881141,"1",
"900210",16640,"5",2881141,"1",
"980000",187041,"1",2881141,"1",
"980000",186264,"2",2881141,"1",
"980000",185976,"3",2881141,"1",
"980000",186240,"4",2881141,"1",
"980000",182862,"5",2881141,"1",
"980070",190941,"1",2881141,"1",
"980070",190164,"2",2881141,"1",
"980070",189876,"3",2881141,"1",
"980070",190140,"4",2881141,"1",
"980070",186762,"5",2881141,"1",
"900000",116723,"1",2881142,"1",
"900000",116532,"2",2881142,"1",
"900000",115232,"3",2881142,"1",
"900000",115326,"4",2881142,"1",
"900000",118176,"5",2881142,"1",
"900030",8939,"1",2881142,"1",
"900030",8123,"2",2881142,"1",
"900030",9143,"3",2881142,"1",
"900030",9083,"4",2881142,"1",
"900030",9299,"5",2881142,"1",
"900170",47353,"1",2881142,"1",
"900170",46675,"2",2881142,"1",
"900170",40749,"3",2881142,"1",
"900170",41986,"4",2881142,"1",
"900170",40655,"5",2881142,"1",
"900180",613,"1",2881142,"1",
"900180",103,"2",2881142,"1",
"900180",76,"3",2881142,"1",
"900180",144,"4",2881142,"1",
"900180",111,"5",2881142,"1",
"900210",16640,"1",2881142,"1",
"900210",16640,"2",2881142,"1",
"900210",16640,"3",2881142,"1",
"900210",16640,"4",2881142,"1",
"900210",16640,"5",2881142,"1",
"980000",190268,"1",2881142,"1",
"980000",188073,"2",2881142,"1",
"980000",181840,"3",2881142,"1",
"980000",183179,"4",2881142,"1",
"980000",184881,"5",2881142,"1",
"980070",194168,"1",2881142,"1",
"980070",191973,"2",2881142,"1",
"980070",185740,"3",2881142,"1",
"980070",187079,"4",2881142,"1",
"980070",188781,"5",2881142,"1",
"900000",131,"1",2881161,"1",
"900000",46703,"2",2881161,"1",
"900000",30984,"3",2881161,"1",
"900000",20932,"4",2881161,"1",
"900000",18166,"5",2881161,"1",
"980000",131,"1",2881161,"1",
"980000",46703,"2",2881161,"1",
"980000",30984,"3",2881161,"1",
"980000",20932,"4",2881161,"1",
"980000",18166,"5",2881161,"1",
"980070",131,"1",2881161,"1",
"980070",46703,"2",2881161,"1",
"980070",30984,"3",2881161,"1",
"980070",20932,"4",2881161,"1",
"980070",18166,"5",2881161,"1",
"900000",47574,"1",2881162,"1",
"900000",41776,"2",2881162,"1",
"900000",12438,"3",2881162,"1",
"900000",17816,"4",2881162,"1",
"900000",5920,"5",2881162,"1",
"980000",47574,"1",2881162,"1",
"980000",41776,"2",2881162,"1",
"980000",12438,"3",2881162,"1",
"980000",17816,"4",2881162,"1",
"980000",5920,"5",2881162,"1",
"980070",47574,"1",2881162,"1",
"980070",41776,"2",2881162,"1",
"980070",12438,"3",2881162,"1",
"980070",17816,"4",2881162,"1",
"980070",5920,"5",2881162,"1",
"900030",31150,"1",2881182,"1",
"900030",31150,"2",2881182,"1",
"900030",31150,"3",2881182,"1",
"900030",31150,"4",2881182,"1",
"900030",31150,"5",2881182,"1",
"900170",7000,"1",2881182,"1",
"900170",7000,"2",2881182,"1",
"900170",7000,"3",2881182,"1",
"900170",7000,"4",2881182,"1",
"900170",7000,"5",2881182,"1",
"900180",105,"1",2881182,"1",
"900180",126,"2",2881182,"1",
"900180",126,"3",2881182,"1",
"900180",908,"4",2881182,"1",
"900180",51,"5",2881182,"1",
"900200",24000,"1",2881182,"1",
"900200",24000,"2",2881182,"1",
"900200",24000,"3",2881182,"1",
"900200",24000,"4",2881182,"1",
"900200",24000,"5",2881182,"1",
"980000",62255,"1",2881182,"1",
"980000",62276,"2",2881182,"1",
"980000",62276,"3",2881182,"1",
"980000",63058,"4",2881182,"1",
"980000",62201,"5",2881182,"1",
"980070",56255,"1",2881182,"1",
"980070",56276,"2",2881182,"1",
"980070",56276,"3",2881182,"1",
"980070",57058,"4",2881182,"1",
"980070",56201,"5",2881182,"1",
"900160",21395,"1",2881201,"1",
"900160",10630,"2",2881201,"1",
"900160",62267,"3",2881201,"1",
"900160",60784,"4",2881201,"1",
"900160",78179,"5",2881201,"1",
"900180",1125,"1",2881201,"1",
"900180",1242,"2",2881201,"1",
"900180",1198,"3",2881201,"1",
"900180",1008,"4",2881201,"1",
"900180",1846,"5",2881201,"1",
"980000",22520,"1",2881201,"1",
"980000",11872,"2",2881201,"1",
"980000",63465,"3",2881201,"1",
"980000",61792,"4",2881201,"1",
"980000",80025,"5",2881201,"1",
"980070",22520,"1",2881201,"1",
"980070",11872,"2",2881201,"1",
"980070",63465,"3",2881201,"1",
"980070",61792,"4",2881201,"1",
"980070",80025,"5",2881201,"1",
"900160",86047,"1",2881202,"1",
"900160",43368,"2",2881202,"1",
"900160",-211,"3",2881202,"1",
"900160",79129,"4",2881202,"1",
"900160",200177,"5",2881202,"1",
"900180",1327,"1",2881202,"1",
"900180",1121,"2",2881202,"1",
"900180",1374,"3",2881202,"1",
"900180",1040,"4",2881202,"1",
"900180",1054,"5",2881202,"1",
"980000",87374,"1",2881202,"1",
"980000",44489,"2",2881202,"1",
"980000",1163,"3",2881202,"1",
"980000",80169,"4",2881202,"1",
"980000",201231,"5",2881202,"1",
"980070",87374,"1",2881202,"1",
"980070",44489,"2",2881202,"1",
"980070",1163,"3",2881202,"1",
"980070",80169,"4",2881202,"1",
"980070",201231,"5",2881202,"1",
"900000",72500,"1",2881211,"1",
"900000",72500,"2",2881211,"1",
"900000",72500,"3",2881211,"1",
"900000",72500,"4",2881211,"1",
"900000",72500,"5",2881211,"1",
"950002",2561,"1",2881211,"1",
"950002",2561,"2",2881211,"1",
"950002",2561,"3",2881211,"1",
"950002",2561,"4",2881211,"1",
"950002",2561,"5",2881211,"1",
"980000",72500,"1",2881211,"1",
"980000",72500,"2",2881211,"1",
"980000",72500,"3",2881211,"1",
"980000",72500,"4",2881211,"1",
"980000",72500,"5",2881211,"1",
"980070",69939,"1",2881211,"1",
"980070",69939,"2",2881211,"1",
"980070",69939,"3",2881211,"1",
"980070",69939,"4",2881211,"1",
"980070",69939,"5",2881211,"1",
"900000",72500,"1",2881212,"1",
"900000",72500,"2",2881212,"1",
"900000",72500,"3",2881212,"1",
"900000",72500,"4",2881212,"1",
"900000",72500,"5",2881212,"1",
"950002",2561,"1",2881212,"1",
"950002",2561,"2",2881212,"1",
"950002",2561,"3",2881212,"1",
"950002",2561,"4",2881212,"1",
"950002",2561,"5",2881212,"1",
"980000",72500,"1",2881212,"1",
"980000",72500,"2",2881212,"1",
"980000",72500,"3",2881212,"1",
"980000",72500,"4",2881212,"1",
"980000",72500,"5",2881212,"1",
"980070",69939,"1",2881212,"1",
"980070",69939,"2",2881212,"1",
"980070",69939,"3",2881212,"1",
"980070",69939,"4",2881212,"1",
"980070",69939,"5",2881212,"1",
"800940",3810,"1",2881241,"1",
"800940",3810,"2",2881241,"1",
"800940",3810,"3",2881241,"1",
"800940",3810,"4",2881241,"1",
"800940",3810,"5",2881241,"1",
"900000",42000,"1",2881241,"1",
"900000",42000,"2",2881241,"1",
"900000",42000,"3",2881241,"1",
"900000",42000,"4",2881241,"1",
"900000",42000,"5",2881241,"1",
"900160",3900,"1",2881241,"1",
"900160",3900,"2",2881241,"1",
"900160",3900,"3",2881241,"1",
"900160",3900,"4",2881241,"1",
"900160",3900,"5",2881241,"1",
"980000",45900,"1",2881241,"1",
"980000",45900,"2",2881241,"1",
"980000",45900,"3",2881241,"1",
"980000",45900,"4",2881241,"1",
"980000",45900,"5",2881241,"1",
"980070",46250,"1",2881241,"1",
"980070",46250,"2",2881241,"1",
"980070",46250,"3",2881241,"1",
"980070",46250,"4",2881241,"1",
"980070",46250,"5",2881241,"1",
"800940",3810,"1",2881242,"1",
"800940",3810,"2",2881242,"1",
"800940",3810,"3",2881242,"1",
"800940",3810,"4",2881242,"1",
"800940",3810,"5",2881242,"1",
"900000",42000,"1",2881242,"1",
"900000",42000,"2",2881242,"1",
"900000",42000,"3",2881242,"1",
"900000",42000,"4",2881242,"1",
"900000",42000,"5",2881242,"1",
"900160",3900,"1",2881242,"1",
"900160",3900,"2",2881242,"1",
"900160",3900,"3",2881242,"1",
"900160",3900,"4",2881242,"1",
"900160",3900,"5",2881242,"1",
"980000",45900,"1",2881242,"1",
"980000",45900,"2",2881242,"1",
"980000",45900,"3",2881242,"1",
"980000",45900,"4",2881242,"1",
"980000",45900,"5",2881242,"1",
"980070",46250,"1",2881242,"1",
"980070",46250,"2",2881242,"1",
"980070",46250,"3",2881242,"1",
"980070",46250,"4",2881242,"1",
"980070",46250,"5",2881242,"1",
"900160",-3848,"1",2881251,"1",
"900160",-3848,"2",2881251,"1",
"900160",-3848,"3",2881251,"1",
"900160",-3848,"4",2881251,"1",
"900160",-3848,"5",2881251,"1",
"980000",-3848,"1",2881251,"1",
"980000",-3848,"2",2881251,"1",
"980000",-3848,"3",2881251,"1",
"980000",-3848,"4",2881251,"1",
"980000",-3848,"5",2881251,"1",
"980070",-2960,"1",2881251,"1",
"980070",-2960,"2",2881251,"1",
"980070",-2960,"3",2881251,"1",
"980070",-2960,"4",2881251,"1",
"980070",-2960,"5",2881251,"1",
"900160",-3848,"1",2881252,"1",
"900160",-3848,"2",2881252,"1",
"900160",-3848,"3",2881252,"1",
"900160",-3848,"4",2881252,"1",
"900160",-3848,"5",2881252,"1",
"980000",-3848,"1",2881252,"1",
"980000",-3848,"2",2881252,"1",
"980000",-3848,"3",2881252,"1",
"980000",-3848,"4",2881252,"1",
"980000",-3848,"5",2881252,"1",
"980070",-2960,"1",2881252,"1",
"980070",-2960,"2",2881252,"1",
"980070",-2960,"3",2881252,"1",
"980070",-2960,"4",2881252,"1",
"980070",-2960,"5",2881252,"1",
"900030",11399,"1",2881271,"1",
"900030",11399,"2",2881271,"1",
"900030",11399,"3",2881271,"1",
"900030",11399,"4",2881271,"1",
"900030",11399,"5",2881271,"1",
"900150",1488,"1",2881271,"1",
"900150",1488,"2",2881271,"1",
"900150",1488,"3",2881271,"1",
"900150",1488,"4",2881271,"1",
"900150",1488,"5",2881271,"1",
"980000",12887,"1",2881271,"1",
"980000",12887,"2",2881271,"1",
"980000",12887,"3",2881271,"1",
"980000",12887,"4",2881271,"1",
"980000",12887,"5",2881271,"1",
"980070",12887,"1",2881271,"1",
"980070",12887,"2",2881271,"1",
"980070",12887,"3",2881271,"1",
"980070",12887,"4",2881271,"1",
"980070",12887,"5",2881271,"1",
"900030",11399,"1",2881272,"1",
"900030",11399,"2",2881272,"1",
"900030",11399,"3",2881272,"1",
"900030",11399,"4",2881272,"1",
"900030",11399,"5",2881272,"1",
"900150",1488,"1",2881272,"1",
"900150",1488,"2",2881272,"1",
"900150",1488,"3",2881272,"1",
"900150",1488,"4",2881272,"1",
"900150",1488,"5",2881272,"1",
"980000",12887,"1",2881272,"1",
"980000",12887,"2",2881272,"1",
"980000",12887,"3",2881272,"1",
"980000",12887,"4",2881272,"1",
"980000",12887,"5",2881272,"1",
"980070",12887,"1",2881272,"1",
"980070",12887,"2",2881272,"1",
"980070",12887,"3",2881272,"1",
"980070",12887,"4",2881272,"1",
"980070",12887,"5",2881272,"1",
"900000",166000,"1",2881291,"1",
"900000",166000,"2",2881291,"1",
"900000",166000,"3",2881291,"1",
"900000",166000,"4",2881291,"1",
"900000",166000,"5",2881291,"1",
"900180",1800,"1",2881291,"1",
"900180",1800,"2",2881291,"1",
"900180",1800,"3",2881291,"1",
"900180",1800,"4",2881291,"1",
"900180",1800,"5",2881291,"1",
"900190",21600,"1",2881291,"1",
"900190",21600,"2",2881291,"1",
"900190",21600,"3",2881291,"1",
"900190",21600,"4",2881291,"1",
"900190",21600,"5",2881291,"1",
"980000",189400,"1",2881291,"1",
"980000",189400,"2",2881291,"1",
"980000",189400,"3",2881291,"1",
"980000",189400,"4",2881291,"1",
"980000",189400,"5",2881291,"1",
"980070",189400,"1",2881291,"1",
"980070",189400,"2",2881291,"1",
"980070",189400,"3",2881291,"1",
"980070",189400,"4",2881291,"1",
"980070",189400,"5",2881291,"1",
"900000",166000,"1",2881292,"1",
"900000",166000,"2",2881292,"1",
"900000",166000,"3",2881292,"1",
"900000",166000,"4",2881292,"1",
"900000",166000,"5",2881292,"1",
"900180",1800,"1",2881292,"1",
"900180",1800,"2",2881292,"1",
"900180",1800,"3",2881292,"1",
"900180",1800,"4",2881292,"1",
"900180",1800,"5",2881292,"1",
"900190",21600,"1",2881292,"1",
"900190",21600,"2",2881292,"1",
"900190",21600,"3",2881292,"1",
"900190",21600,"4",2881292,"1",
"900190",21600,"5",2881292,"1",
"980000",189400,"1",2881292,"1",
"980000",189400,"2",2881292,"1",
"980000",189400,"3",2881292,"1",
"980000",189400,"4",2881292,"1",
"980000",189400,"5",2881292,"1",
"980070",189400,"1",2881292,"1",
"980070",189400,"2",2881292,"1",
"980070",189400,"3",2881292,"1",
"980070",189400,"4",2881292,"1",
"980070",189400,"5",2881292,"1",
"900030",32856,"1",2881311,"1",
"900030",32856,"2",2881311,"1",
"900030",32856,"3",2881311,"1",
"900030",32856,"4",2881311,"1",
"900030",32856,"5",2881311,"1",
"900150",100,"1",2881311,"1",
"900150",100,"2",2881311,"1",
"900150",100,"3",2881311,"1",
"900150",100,"4",2881311,"1",
"900150",100,"5",2881311,"1",
"900210",36324,"1",2881311,"1",
"900210",36324,"2",2881311,"1",
"900210",36324,"3",2881311,"1",
"900210",36324,"4",2881311,"1",
"900210",36324,"5",2881311,"1",
"980000",69280,"1",2881311,"1",
"980000",69280,"2",2881311,"1",
"980000",69280,"3",2881311,"1",
"980000",69280,"4",2881311,"1",
"980000",69280,"5",2881311,"1",
"980070",69280,"1",2881311,"1",
"980070",69280,"2",2881311,"1",
"980070",69280,"3",2881311,"1",
"980070",69280,"4",2881311,"1",
"980070",69280,"5",2881311,"1",
"900030",32856,"1",2881312,"1",
"900030",32856,"2",2881312,"1",
"900030",32856,"3",2881312,"1",
"900030",32856,"4",2881312,"1",
"900030",32856,"5",2881312,"1",
"900150",100,"1",2881312,"1",
"900150",100,"2",2881312,"1",
"900150",100,"3",2881312,"1",
"900150",100,"4",2881312,"1",
"900150",100,"5",2881312,"1",
"900210",36324,"1",2881312,"1",
"900210",36324,"2",2881312,"1",
"900210",36324,"3",2881312,"1",
"900210",36324,"4",2881312,"1",
"900210",36324,"5",2881312,"1",
"980000",69280,"1",2881312,"1",
"980000",69280,"2",2881312,"1",
"980000",69280,"3",2881312,"1",
"980000",69280,"4",2881312,"1",
"980000",69280,"5",2881312,"1",
"980070",69280,"1",2881312,"1",
"980070",69280,"2",2881312,"1",
"980070",69280,"3",2881312,"1",
"980070",69280,"4",2881312,"1",
"980070",69280,"5",2881312,"1",
"900000",30000,"1",2881321,"1",
"900000",30000,"2",2881321,"1",
"900000",30000,"3",2881321,"1",
"900000",30000,"4",2881321,"1",
"900000",30000,"5",2881321,"1",
"900030",12251,"1",2881321,"1",
"900030",23639,"2",2881321,"1",
"900030",17111,"3",2881321,"1",
"900030",4631,"4",2881321,"1",
"900030",18215,"5",2881321,"1",
"980000",42251,"1",2881321,"1",
"980000",53639,"2",2881321,"1",
"980000",47111,"3",2881321,"1",
"980000",34631,"4",2881321,"1",
"980000",48215,"5",2881321,"1",
"980070",42251,"1",2881321,"1",
"980070",53639,"2",2881321,"1",
"980070",47111,"3",2881321,"1",
"980070",34631,"4",2881321,"1",
"980070",48215,"5",2881321,"1",
"900000",30000,"1",2881322,"1",
"900000",30000,"2",2881322,"1",
"900000",30000,"3",2881322,"1",
"900000",30000,"4",2881322,"1",
"900000",30000,"5",2881322,"1",
"900030",15407,"1",2881322,"1",
"900030",8999,"2",2881322,"1",
"900030",13055,"3",2881322,"1",
"900030",14915,"4",2881322,"1",
"900030",20375,"5",2881322,"1",
"980000",45407,"1",2881322,"1",
"980000",38999,"2",2881322,"1",
"980000",43055,"3",2881322,"1",
"980000",44915,"4",2881322,"1",
"980000",50375,"5",2881322,"1",
"980070",45407,"1",2881322,"1",
"980070",38999,"2",2881322,"1",
"980070",43055,"3",2881322,"1",
"980070",44915,"4",2881322,"1",
"980070",50375,"5",2881322,"1",
"900000",20722,"1",2881341,"1",
"900000",75469,"2",2881341,"1",
"900000",124009,"3",2881341,"1",
"900000",37031,"4",2881341,"1",
"900000",28616,"5",2881341,"1",
"980000",20722,"1",2881341,"1",
"980000",75469,"2",2881341,"1",
"980000",124009,"3",2881341,"1",
"980000",37031,"4",2881341,"1",
"980000",28616,"5",2881341,"1",
"980070",20722,"1",2881341,"1",
"980070",75469,"2",2881341,"1",
"980070",124009,"3",2881341,"1",
"980070",37031,"4",2881341,"1",
"980070",28616,"5",2881341,"1",
"900000",49041,"1",2881342,"1",
"900000",10909,"2",2881342,"1",
"900000",70834,"3",2881342,"1",
"900000",91933,"4",2881342,"1",
"900000",54996,"5",2881342,"1",
"980000",49041,"1",2881342,"1",
"980000",10909,"2",2881342,"1",
"980000",70834,"3",2881342,"1",
"980000",91933,"4",2881342,"1",
"980000",54996,"5",2881342,"1",
"980070",49041,"1",2881342,"1",
"980070",10909,"2",2881342,"1",
"980070",70834,"3",2881342,"1",
"980070",91933,"4",2881342,"1",
"980070",54996,"5",2881342,"1",
"900000",76000,"1",2881351,"1",
"900000",76000,"2",2881351,"1",
"900000",76000,"3",2881351,"1",
"900000",76000,"4",2881351,"1",
"900000",76000,"5",2881351,"1",
"900150",680,"1",2881351,"1",
"900150",680,"2",2881351,"1",
"900150",680,"3",2881351,"1",
"900150",680,"4",2881351,"1",
"900150",680,"5",2881351,"1",
"900180",600,"1",2881351,"1",
"900180",600,"2",2881351,"1",
"900180",600,"3",2881351,"1",
"900180",600,"4",2881351,"1",
"900180",600,"5",2881351,"1",
"980000",77280,"1",2881351,"1",
"980000",77280,"2",2881351,"1",
"980000",77280,"3",2881351,"1",
"980000",77280,"4",2881351,"1",
"980000",77280,"5",2881351,"1",
"980070",82458,"1",2881351,"1",
"980070",82458,"2",2881351,"1",
"980070",82458,"3",2881351,"1",
"980070",82458,"4",2881351,"1",
"980070",82458,"5",2881351,"1",
"900000",76000,"1",2881352,"1",
"900000",76000,"2",2881352,"1",
"900000",76000,"3",2881352,"1",
"900000",76000,"4",2881352,"1",
"900000",76000,"5",2881352,"1",
"900150",680,"1",2881352,"1",
"900150",680,"2",2881352,"1",
"900150",680,"3",2881352,"1",
"900150",680,"4",2881352,"1",
"900150",680,"5",2881352,"1",
"900180",600,"1",2881352,"1",
"900180",600,"2",2881352,"1",
"900180",600,"3",2881352,"1",
"900180",600,"4",2881352,"1",
"900180",600,"5",2881352,"1",
"980000",77280,"1",2881352,"1",
"980000",77280,"2",2881352,"1",
"980000",77280,"3",2881352,"1",
"980000",77280,"4",2881352,"1",
"980000",77280,"5",2881352,"1",
"980070",82458,"1",2881352,"1",
"980070",82458,"2",2881352,"1",
"980070",82458,"3",2881352,"1",
"980070",82458,"4",2881352,"1",
"980070",82458,"5",2881352,"1",
"900000",32000,"1",2881391,"1",
"900000",32000,"2",2881391,"1",
"900000",32000,"3",2881391,"1",
"900000",32000,"4",2881391,"1",
"900000",32000,"5",2881391,"1",
"900150",1584,"1",2881391,"1",
"900150",1584,"2",2881391,"1",
"900150",1584,"3",2881391,"1",
"900150",1584,"4",2881391,"1",
"900150",1584,"5",2881391,"1",
"980000",33584,"1",2881391,"1",
"980000",33584,"2",2881391,"1",
"980000",33584,"3",2881391,"1",
"980000",33584,"4",2881391,"1",
"980000",33584,"5",2881391,"1",
"980070",33584,"1",2881391,"1",
"980070",33584,"2",2881391,"1",
"980070",33584,"3",2881391,"1",
"980070",33584,"4",2881391,"1",
"980070",33584,"5",2881391,"1",
"900000",32000,"1",2881392,"1",
"900000",32000,"2",2881392,"1",
"900000",32000,"3",2881392,"1",
"900000",32000,"4",2881392,"1",
"900000",32000,"5",2881392,"1",
"900150",1584,"1",2881392,"1",
"900150",1584,"2",2881392,"1",
"900150",1584,"3",2881392,"1",
"900150",1584,"4",2881392,"1",
"900150",1584,"5",2881392,"1",
"980000",33584,"1",2881392,"1",
"980000",33584,"2",2881392,"1",
"980000",33584,"3",2881392,"1",
"980000",33584,"4",2881392,"1",
"980000",33584,"5",2881392,"1",
"980070",33584,"1",2881392,"1",
"980070",33584,"2",2881392,"1",
"980070",33584,"3",2881392,"1",
"980070",33584,"4",2881392,"1",
"980070",33584,"5",2881392,"1",
"900000",49500,"1",2881411,"1",
"900000",49500,"2",2881411,"1",
"900000",49500,"3",2881411,"1",
"900000",49500,"4",2881411,"1",
"900000",49500,"5",2881411,"1",
"980000",49500,"1",2881411,"1",
"980000",49500,"2",2881411,"1",
"980000",49500,"3",2881411,"1",
"980000",49500,"4",2881411,"1",
"980000",49500,"5",2881411,"1",
"980070",55500,"1",2881411,"1",
"980070",55500,"2",2881411,"1",
"980070",55500,"3",2881411,"1",
"980070",55500,"4",2881411,"1",
"980070",55500,"5",2881411,"1",
"900000",49500,"1",2881412,"1",
"900000",49500,"2",2881412,"1",
"900000",49500,"3",2881412,"1",
"900000",49500,"4",2881412,"1",
"900000",49500,"5",2881412,"1",
"980000",49500,"1",2881412,"1",
"980000",49500,"2",2881412,"1",
"980000",49500,"3",2881412,"1",
"980000",49500,"4",2881412,"1",
"980000",49500,"5",2881412,"1",
"980070",55500,"1",2881412,"1",
"980070",55500,"2",2881412,"1",
"980070",55500,"3",2881412,"1",
"980070",55500,"4",2881412,"1",
"980070",55500,"5",2881412,"1",
"900000",2090,"1",2881422,"1",
"900000",1777,"2",2881422,"1",
"900000",1362,"3",2881422,"1",
"900000",1469,"4",2881422,"1",
"900000",4738,"5",2881422,"1",
"900120",959,"1",2881422,"1",
"900120",147,"2",2881422,"1",
"900120",475,"3",2881422,"1",
"900120",207,"4",2881422,"1",
"900120",214,"5",2881422,"1",
"900150",7392,"1",2881422,"1",
"900150",7392,"2",2881422,"1",
"900150",7392,"3",2881422,"1",
"900150",7392,"4",2881422,"1",
"900150",7392,"5",2881422,"1",
"950012",52,"1",2881422,"1",
"950012",44,"2",2881422,"1",
"950012",34,"3",2881422,"1",
"950012",37,"4",2881422,"1",
"950012",118,"5",2881422,"1",
"980000",10441,"1",2881422,"1",
"980000",9316,"2",2881422,"1",
"980000",9229,"3",2881422,"1",
"980000",9068,"4",2881422,"1",
"980000",12344,"5",2881422,"1",
"980070",11814,"1",2881422,"1",
"980070",10697,"2",2881422,"1",
"980070",10620,"3",2881422,"1",
"980070",10456,"4",2881422,"1",
"980070",13651,"5",2881422,"1",
"900030",1305,"1",2881431,"1",
"900030",1305,"2",2881431,"1",
"900030",1305,"3",2881431,"1",
"900030",1305,"4",2881431,"1",
"900030",1305,"5",2881431,"1",
"900170",38000,"1",2881431,"1",
"900170",38000,"2",2881431,"1",
"900170",38000,"3",2881431,"1",
"900170",38000,"4",2881431,"1",
"900170",38000,"5",2881431,"1",
"900200",36000,"1",2881431,"1",
"900200",36000,"2",2881431,"1",
"900200",36000,"3",2881431,"1",
"900200",36000,"4",2881431,"1",
"900200",36000,"5",2881431,"1",
"980000",75305,"1",2881431,"1",
"980000",75305,"2",2881431,"1",
"980000",75305,"3",2881431,"1",
"980000",75305,"4",2881431,"1",
"980000",75305,"5",2881431,"1",
"980070",75305,"1",2881431,"1",
"980070",75305,"2",2881431,"1",
"980070",75305,"3",2881431,"1",
"980070",75305,"4",2881431,"1",
"980070",75305,"5",2881431,"1",
"900030",1305,"1",2881432,"1",
"900030",1305,"2",2881432,"1",
"900030",1305,"3",2881432,"1",
"900030",1305,"4",2881432,"1",
"900030",1305,"5",2881432,"1",
"900170",38000,"1",2881432,"1",
"900170",38000,"2",2881432,"1",
"900170",38000,"3",2881432,"1",
"900170",38000,"4",2881432,"1",
"900170",38000,"5",2881432,"1",
"900200",36000,"1",2881432,"1",
"900200",36000,"2",2881432,"1",
"900200",36000,"3",2881432,"1",
"900200",36000,"4",2881432,"1",
"900200",36000,"5",2881432,"1",
"980000",75305,"1",2881432,"1",
"980000",75305,"2",2881432,"1",
"980000",75305,"3",2881432,"1",
"980000",75305,"4",2881432,"1",
"980000",75305,"5",2881432,"1",
"980070",75305,"1",2881432,"1",
"980070",75305,"2",2881432,"1",
"980070",75305,"3",2881432,"1",
"980070",75305,"4",2881432,"1",
"980070",75305,"5",2881432,"1",
"900000",80000,"1",2881451,"1",
"900000",80000,"2",2881451,"1",
"900000",80000,"3",2881451,"1",
"900000",80000,"4",2881451,"1",
"900000",80000,"5",2881451,"1",
"900090",74,"1",2881451,"1",
"900090",74,"2",2881451,"1",
"900090",74,"3",2881451,"1",
"900090",74,"4",2881451,"1",
"900090",74,"5",2881451,"1",
"900210",17186,"1",2881451,"1",
"900210",17186,"2",2881451,"1",
"900210",17186,"3",2881451,"1",
"900210",17186,"4",2881451,"1",
"900210",17186,"5",2881451,"1",
"980000",97260,"1",2881451,"1",
"980000",97260,"2",2881451,"1",
"980000",97260,"3",2881451,"1",
"980000",97260,"4",2881451,"1",
"980000",97260,"5",2881451,"1",
"980070",109797,"1",2881451,"1","T"
"980070",109797,"2",2881451,"1","T"
"980070",109797,"3",2881451,"1","T"
"980070",109797,"4",2881451,"1","T"
"980070",109797,"5",2881451,"1","T"
"900000",80000,"1",2881452,"1",
"900000",80000,"2",2881452,"1",
"900000",80000,"3",2881452,"1",
"900000",80000,"4",2881452,"1",
"900000",80000,"5",2881452,"1",
"900090",74,"1",2881452,"1",
"900090",74,"2",2881452,"1",
"900090",74,"3",2881452,"1",
"900090",74,"4",2881452,"1",
"900090",74,"5",2881452,"1",
"900210",17186,"1",2881452,"1",
"900210",17186,"2",2881452,"1",
"900210",17186,"3",2881452,"1",
"900210",17186,"4",2881452,"1",
"900210",17186,"5",2881452,"1",
"980000",97260,"1",2881452,"1",
"980000",97260,"2",2881452,"1",
"980000",97260,"3",2881452,"1",
"980000",97260,"4",2881452,"1",
"980000",97260,"5",2881452,"1",
"980070",109797,"1",2881452,"1","T"
"980070",109797,"2",2881452,"1","T"
"980070",109797,"3",2881452,"1","T"
"980070",109797,"4",2881452,"1","T"
"980070",109797,"5",2881452,"1","T"
"900000",45800,"1",2881461,"1",
"900000",45800,"2",2881461,"1",
"900000",45800,"3",2881461,"1",
"900000",45800,"4",2881461,"1",
"900000",45800,"5",2881461,"1",
"980000",45800,"1",2881461,"1",
"980000",45800,"2",2881461,"1",
"980000",45800,"3",2881461,"1",
"980000",45800,"4",2881461,"1",
"980000",45800,"5",2881461,"1",
"980070",45800,"1",2881461,"1",
"980070",45800,"2",2881461,"1",
"980070",45800,"3",2881461,"1",
"980070",45800,"4",2881461,"1",
"980070",45800,"5",2881461,"1",
"900000",45800,"1",2881462,"1",
"900000",45800,"2",2881462,"1",
"900000",45800,"3",2881462,"1",
"900000",45800,"4",2881462,"1",
"900000",45800,"5",2881462,"1",
"980000",45800,"1",2881462,"1",
"980000",45800,"2",2881462,"1",
"980000",45800,"3",2881462,"1",
"980000",45800,"4",2881462,"1",
"980000",45800,"5",2881462,"1",
"980070",45800,"1",2881462,"1",
"980070",45800,"2",2881462,"1",
"980070",45800,"3",2881462,"1",
"980070",45800,"4",2881462,"1",
"980070",45800,"5",2881462,"1",
"800940",10967,"1",2881481,"1","T"
"800940",10967,"2",2881481,"1","T"
"800940",10967,"3",2881481,"1","T"
"800940",10967,"4",2881481,"1","T"
"800940",10967,"5",2881481,"1","T"
"900000",70000,"1",2881481,"1",
"900000",70000,"2",2881481,"1",
"900000",70000,"3",2881481,"1",
"900000",70000,"4",2881481,"1",
"900000",70000,"5",2881481,"1",
"900160",37948,"1",2881481,"1",
"900160",61626,"2",2881481,"1",
"900160",52456,"3",2881481,"1",
"900160",-4352,"4",2881481,"1",
"900160",20432,"5",2881481,"1",
"980000",107948,"1",2881481,"1",
"980000",131626,"2",2881481,"1",
"980000",122456,"3",2881481,"1",
"980000",65648,"4",2881481,"1",
"980000",90432,"5",2881481,"1",
"980070",107948,"1",2881481,"1",
"980070",131626,"2",2881481,"1",
"980070",122456,"3",2881481,"1",
"980070",65648,"4",2881481,"1",
"980070",90432,"5",2881481,"1",
"800940",10967,"1",2881482,"1","T"
"800940",10967,"2",2881482,"1","T"
"800940",10967,"3",2881482,"1","T"
"800940",10967,"4",2881482,"1","T"
"800940",10967,"5",2881482,"1","T"
"900000",70000,"1",2881482,"1",
"900000",70000,"2",2881482,"1",
"900000",70000,"3",2881482,"1",
"900000",70000,"4",2881482,"1",
"900000",70000,"5",2881482,"1",
"900160",-6277,"1",2881482,"1",
"900160",12042,"2",2881482,"1",
"900160",35757,"3",2881482,"1",
"900160",35979,"4",2881482,"1",
"900160",44869,"5",2881482,"1",
"980000",63723,"1",2881482,"1",
"980000",82042,"2",2881482,"1",
"980000",105757,"3",2881482,"1",
"980000",105979,"4",2881482,"1",
"980000",114869,"5",2881482,"1",
"980070",63723,"1",2881482,"1",
"980070",82042,"2",2881482,"1",
"980070",105757,"3",2881482,"1",
"980070",105979,"4",2881482,"1",
"980070",114869,"5",2881482,"1",
"900140",1572,"1",2881511,"1",
"900140",2749,"2",2881511,"1",
"900140",508,"3",2881511,"1",
"900140",900,"4",2881511,"1",
"900140",1150,"5",2881511,"1",
"900150",2484,"1",2881511,"1",
"900150",2460,"2",2881511,"1",
"900150",2532,"3",2881511,"1",
"900150",4152,"4",2881511,"1",
"900150",2616,"5",2881511,"1",
"980000",4056,"1",2881511,"1",
"980000",5209,"2",2881511,"1",
"980000",3040,"3",2881511,"1",
"980000",5052,"4",2881511,"1",
"980000",3766,"5",2881511,"1",
"980070",4056,"1",2881511,"1",
"980070",5209,"2",2881511,"1",
"980070",3040,"3",2881511,"1",
"980070",5052,"4",2881511,"1",
"980070",3766,"5",2881511,"1",
"900150",2448,"1",2881512,"1",
"900150",1512,"2",2881512,"1",
"900150",1800,"3",2881512,"1",
"900150",1752,"4",2881512,"1",
"900150",2616,"5",2881512,"1",
"980000",2448,"1",2881512,"1",
"980000",1512,"2",2881512,"1",
"980000",1800,"3",2881512,"1",
"980000",1752,"4",2881512,"1",
"980000",2616,"5",2881512,"1",
"980070",2448,"1",2881512,"1",
"980070",1512,"2",2881512,"1",
"980070",1800,"3",2881512,"1",
"980070",1752,"4",2881512,"1",
"980070",2616,"5",2881512,"1",
"900000",326,"1",2881521,"1",
"900000",326,"2",2881521,"1",
"900000",326,"3",2881521,"1",
"900000",326,"4",2881521,"1",
"900000",326,"5",2881521,"1",
"900150",4140,"1",2881521,"1",
"900150",4140,"2",2881521,"1",
"900150",4140,"3",2881521,"1",
"900150",4140,"4",2881521,"1",
"900150",4140,"5",2881521,"1",
"980000",4466,"1",2881521,"1",
"980000",4466,"2",2881521,"1",
"980000",4466,"3",2881521,"1",
"980000",4466,"4",2881521,"1",
"980000",4466,"5",2881521,"1",
"980070",4466,"1",2881521,"1",
"980070",4466,"2",2881521,"1",
"980070",4466,"3",2881521,"1",
"980070",4466,"4",2881521,"1",
"980070",4466,"5",2881521,"1",
"900000",326,"1",2881522,"1",
"900000",326,"2",2881522,"1",
"900000",326,"3",2881522,"1",
"900000",326,"4",2881522,"1",
"900000",326,"5",2881522,"1",
"900150",4140,"1",2881522,"1",
"900150",4140,"2",2881522,"1",
"900150",4140,"3",2881522,"1",
"900150",4140,"4",2881522,"1",
"900150",4140,"5",2881522,"1",
"980000",4466,"1",2881522,"1",
"980000",4466,"2",2881522,"1",
"980000",4466,"3",2881522,"1",
"980000",4466,"4",2881522,"1",
"980000",4466,"5",2881522,"1",
"980070",4466,"1",2881522,"1",
"980070",4466,"2",2881522,"1",
"980070",4466,"3",2881522,"1",
"980070",4466,"4",2881522,"1",
"980070",4466,"5",2881522,"1",
"900000",36000,"1",2881531,"1",
"900000",36000,"2",2881531,"1",
"900000",36000,"3",2881531,"1",
"900000",36000,"4",2881531,"1",
"900000",36000,"5",2881531,"1",
"900030",11520,"1",2881531,"1",
"900030",11520,"2",2881531,"1",
"900030",11520,"3",2881531,"1",
"900030",11520,"4",2881531,"1",
"900030",11520,"5",2881531,"1",
"900170",970,"1",2881531,"1",
"900170",970,"2",2881531,"1",
"900170",970,"3",2881531,"1",
"900170",970,"4",2881531,"1",
"900170",970,"5",2881531,"1",
"980000",48490,"1",2881531,"1",
"980000",48490,"2",2881531,"1",
"980000",48490,"3",2881531,"1",
"980000",48490,"4",2881531,"1",
"980000",48490,"5",2881531,"1",
"980070",48490,"1",2881531,"1",
"980070",48490,"2",2881531,"1",
"980070",48490,"3",2881531,"1",
"980070",48490,"4",2881531,"1",
"980070",48490,"5",2881531,"1",
"900000",36000,"1",2881532,"1",
"900000",36000,"2",2881532,"1",
"900000",36000,"3",2881532,"1",
"900000",36000,"4",2881532,"1",
"900000",36000,"5",2881532,"1",
"900030",11520,"1",2881532,"1",
"900030",11520,"2",2881532,"1",
"900030",11520,"3",2881532,"1",
"900030",11520,"4",2881532,"1",
"900030",11520,"5",2881532,"1",
"900170",970,"1",2881532,"1",
"900170",970,"2",2881532,"1",
"900170",970,"3",2881532,"1",
"900170",970,"4",2881532,"1",
"900170",970,"5",2881532,"1",
"980000",48490,"1",2881532,"1",
"980000",48490,"2",2881532,"1",
"980000",48490,"3",2881532,"1",
"980000",48490,"4",2881532,"1",
"980000",48490,"5",2881532,"1",
"980070",48490,"1",2881532,"1",
"980070",48490,"2",2881532,"1",
"980070",48490,"3",2881532,"1",
"980070",48490,"4",2881532,"1",
"980070",48490,"5",2881532,"1",
"900000",80000,"1",2881541,"1",
"900000",80000,"2",2881541,"1",
"900000",80000,"3",2881541,"1",
"900000",80000,"4",2881541,"1",
"900000",80000,"5",2881541,"1",
"980000",80000,"1",2881541,"1",
"980000",80000,"2",2881541,"1",
"980000",80000,"3",2881541,"1",
"980000",80000,"4",2881541,"1",
"980000",80000,"5",2881541,"1",
"980070",80000,"1",2881541,"1",
"980070",80000,"2",2881541,"1",
"980070",80000,"3",2881541,"1",
"980070",80000,"4",2881541,"1",
"980070",80000,"5",2881541,"1",
"900000",80000,"1",2881542,"1",
"900000",80000,"2",2881542,"1",
"900000",80000,"3",2881542,"1",
"900000",80000,"4",2881542,"1",
"900000",80000,"5",2881542,"1",
"980000",80000,"1",2881542,"1",
"980000",80000,"2",2881542,"1",
"980000",80000,"3",2881542,"1",
"980000",80000,"4",2881542,"1",
"980000",80000,"5",2881542,"1",
"980070",80000,"1",2881542,"1",
"980070",80000,"2",2881542,"1",
"980070",80000,"3",2881542,"1",
"980070",80000,"4",2881542,"1",
"980070",80000,"5",2881542,"1",
"900030",4007,"1",2881551,"1",
"900030",4007,"2",2881551,"1",
"900030",4007,"3",2881551,"1",
"900030",4007,"4",2881551,"1",
"900030",4007,"5",2881551,"1",
"900170",71786,"1",2881551,"1","T"
"900170",71786,"2",2881551,"1","T"
"900170",71786,"3",2881551,"1","T"
"900170",71786,"4",2881551,"1","T"
"900170",71786,"5",2881551,"1","T"
"900180",2000,"1",2881551,"1",
"900180",2000,"2",2881551,"1",
"900180",2000,"3",2881551,"1",
"900180",2000,"4",2881551,"1",
"900180",2000,"5",2881551,"1",
"980000",77793,"1",2881551,"1","T"
"980000",77793,"2",2881551,"1","T"
"980000",77793,"3",2881551,"1","T"
"980000",77793,"4",2881551,"1","T"
"980000",77793,"5",2881551,"1","T"
"980070",68793,"1",2881551,"1","T"
"980070",68793,"2",2881551,"1","T"
"980070",68793,"3",2881551,"1","T"
"980070",68793,"4",2881551,"1","T"
"980070",68793,"5",2881551,"1","T"
"900030",4007,"1",2881552,"1",
"900030",4007,"2",2881552,"1",
"900030",4007,"3",2881552,"1",
"900030",4007,"4",2881552,"1",
"900030",4007,"5",2881552,"1",
"900170",71786,"1",2881552,"1","T"
"900170",71786,"2",2881552,"1","T"
"900170",71786,"3",2881552,"1","T"
"900170",71786,"4",2881552,"1","T"
"900170",71786,"5",2881552,"1","T"
"900180",2000,"1",2881552,"1",
"900180",2000,"2",2881552,"1",
"900180",2000,"3",2881552,"1",
"900180",2000,"4",2881552,"1",
"900180",2000,"5",2881552,"1",
"980000",77793,"1",2881552,"1","T"
"980000",77793,"2",2881552,"1","T"
"980000",77793,"3",2881552,"1","T"
"980000",77793,"4",2881552,"1","T"
"980000",77793,"5",2881552,"1","T"
"980070",68793,"1",2881552,"1","T"
"980070",68793,"2",2881552,"1","T"
"980070",68793,"3",2881552,"1","T"
"980070",68793,"4",2881552,"1","T"
"980070",68793,"5",2881552,"1","T"
"900210",33590,"1",2881571,"1",
"900210",33825,"2",2881571,"1",
"900210",6215,"3",2881571,"1",
"900210",4837,"4",2881571,"1",
"900210",34761,"5",2881571,"1",
"980000",33590,"1",2881571,"1",
"980000",33825,"2",2881571,"1",
"980000",6215,"3",2881571,"1",
"980000",4837,"4",2881571,"1",
"980000",34761,"5",2881571,"1",
"980070",33590,"1",2881571,"1",
"980070",33825,"2",2881571,"1",
"980070",6215,"3",2881571,"1",
"980070",4837,"4",2881571,"1",
"980070",34761,"5",2881571,"1",
"900170",1876,"1",2881572,"1",
"900170",418,"2",2881572,"1",
"900170",751,"3",2881572,"1",
"900170",95,"4",2881572,"1",
"900170",81,"5",2881572,"1",
"980000",1876,"1",2881572,"1",
"980000",418,"2",2881572,"1",
"980000",751,"3",2881572,"1",
"980000",95,"4",2881572,"1",
"980000",81,"5",2881572,"1",
"980070",1876,"1",2881572,"1",
"980070",418,"2",2881572,"1",
"980070",751,"3",2881572,"1",
"980070",95,"4",2881572,"1",
"980070",81,"5",2881572,"1",
"900030",19200,"1",2881581,"1",
"900030",19200,"2",2881581,"1",
"900030",19200,"3",2881581,"1",
"900030",19200,"4",2881581,"1",
"900030",19200,"5",2881581,"1",
"900150",4080,"1",2881581,"1",
"900150",4080,"2",2881581,"1",
"900150",4080,"3",2881581,"1",
"900150",4080,"4",2881581,"1",
"900150",4080,"5",2881581,"1",
"900170",36000,"1",2881581,"1",
"900170",36000,"2",2881581,"1",
"900170",36000,"3",2881581,"1",
"900170",36000,"4",2881581,"1",
"900170",36000,"5",2881581,"1",
"980000",59280,"1",2881581,"1",
"980000",59280,"2",2881581,"1",
"980000",59280,"3",2881581,"1",
"980000",59280,"4",2881581,"1",
"980000",59280,"5",2881581,"1",
"980070",57780,"1",2881581,"1",
"980070",57780,"2",2881581,"1",
"980070",57780,"3",2881581,"1",
"980070",57780,"4",2881581,"1",
"980070",57780,"5",2881581,"1",
"900030",19200,"1",2881582,"1",
"900030",19200,"2",2881582,"1",
"900030",19200,"3",2881582,"1",
"900030",19200,"4",2881582,"1",
"900030",19200,"5",2881582,"1",
"900150",4080,"1",2881582,"1",
"900150",4080,"2",2881582,"1",
"900150",4080,"3",2881582,"1",
"900150",4080,"4",2881582,"1",
"900150",4080,"5",2881582,"1",
"900170",36000,"1",2881582,"1",
"900170",36000,"2",2881582,"1",
"900170",36000,"3",2881582,"1",
"900170",36000,"4",2881582,"1",
"900170",36000,"5",2881582,"1",
"980000",59280,"1",2881582,"1",
"980000",59280,"2",2881582,"1",
"980000",59280,"3",2881582,"1",
"980000",59280,"4",2881582,"1",
"980000",59280,"5",2881582,"1",
"980070",57780,"1",2881582,"1",
"980070",57780,"2",2881582,"1",
"980070",57780,"3",2881582,"1",
"980070",57780,"4",2881582,"1",
"980070",57780,"5",2881582,"1",
"900000",205487,"1",2881591,"1","T"
"900000",205487,"2",2881591,"1","T"
"900000",205487,"3",2881591,"1","T"
"900000",205487,"4",2881591,"1","T"
"900000",205487,"5",2881591,"1","T"
"980000",205487,"1",2881591,"1","T"
"980000",205487,"2",2881591,"1","T"
"980000",205487,"3",2881591,"1","T"
"980000",205487,"4",2881591,"1","T"
"980000",205487,"5",2881591,"1","T"
"980070",192355,"1",2881591,"1","T"
"980070",192355,"2",2881591,"1","T"
"980070",192355,"3",2881591,"1","T"
"980070",192355,"4",2881591,"1","T"
"980070",192355,"5",2881591,"1","T"
"900000",205487,"1",2881592,"1","T"
"900000",205487,"2",2881592,"1","T"
"900000",205487,"3",2881592,"1","T"
"900000",205487,"4",2881592,"1","T"
"900000",205487,"5",2881592,"1","T"
"980000",205487,"1",2881592,"1","T"
"980000",205487,"2",2881592,"1","T"
"980000",205487,"3",2881592,"1","T"
"980000",205487,"4",2881592,"1","T"
"980000",205487,"5",2881592,"1","T"
"980070",192355,"1",2881592,"1","T"
"980070",192355,"2",2881592,"1","T"
"980070",192355,"3",2881592,"1","T"
"980070",192355,"4",2881592,"1","T"
"980070",192355,"5",2881592,"1","T"
"900000",73000,"1",2881611,"1",
"900000",73000,"2",2881611,"1",
"900000",73000,"3",2881611,"1",
"900000",73000,"4",2881611,"1",
"900000",73000,"5",2881611,"1",
"900030",34044,"1",2881611,"1",
"900030",34044,"2",2881611,"1",
"900030",34044,"3",2881611,"1",
"900030",34044,"4",2881611,"1",
"900030",34044,"5",2881611,"1",
"900170",45000,"1",2881611,"1",
"900170",45000,"2",2881611,"1",
"900170",45000,"3",2881611,"1",
"900170",45000,"4",2881611,"1",
"900170",45000,"5",2881611,"1",
"900180",100,"1",2881611,"1",
"900180",100,"2",2881611,"1",
"900180",100,"3",2881611,"1",
"900180",100,"4",2881611,"1",
"900180",100,"5",2881611,"1",
"900190",5000,"1",2881611,"1",
"900190",5000,"2",2881611,"1",
"900190",5000,"3",2881611,"1",
"900190",5000,"4",2881611,"1",
"900190",5000,"5",2881611,"1",
"980000",157144,"1",2881611,"1",
"980000",157144,"2",2881611,"1",
"980000",157144,"3",2881611,"1",
"980000",157144,"4",2881611,"1",
"980000",157144,"5",2881611,"1",
"980070",157344,"1",2881611,"1",
"980070",157344,"2",2881611,"1",
"980070",157344,"3",2881611,"1",
"980070",157344,"4",2881611,"1",
"980070",157344,"5",2881611,"1",
"900000",73000,"1",2881612,"1",
"900000",73000,"2",2881612,"1",
"900000",73000,"3",2881612,"1",
"900000",73000,"4",2881612,"1",
"900000",73000,"5",2881612,"1",
"900030",34044,"1",2881612,"1",
"900030",34044,"2",2881612,"1",
"900030",34044,"3",2881612,"1",
"900030",34044,"4",2881612,"1",
"900030",34044,"5",2881612,"1",
"900170",45000,"1",2881612,"1",
"900170",45000,"2",2881612,"1",
"900170",45000,"3",2881612,"1",
"900170",45000,"4",2881612,"1",
"900170",45000,"5",2881612,"1",
"900180",100,"1",2881612,"1",
"900180",100,"2",2881612,"1",
"900180",100,"3",2881612,"1",
"900180",100,"4",2881612,"1",
"900180",100,"5",2881612,"1",
"900190",5000,"1",2881612,"1",
"900190",5000,"2",2881612,"1",
"900190",5000,"3",2881612,"1",
"900190",5000,"4",2881612,"1",
"900190",5000,"5",2881612,"1",
"980000",157144,"1",2881612,"1",
"980000",157144,"2",2881612,"1",
"980000",157144,"3",2881612,"1",
"980000",157144,"4",2881612,"1",
"980000",157144,"5",2881612,"1",
"980070",157344,"1",2881612,"1",
"980070",157344,"2",2881612,"1",
"980070",157344,"3",2881612,"1",
"980070",157344,"4",2881612,"1",
"980070",157344,"5",2881612,"1",
"900000",99499,"1",2881641,"1",
"900000",99499,"2",2881641,"1",
"900000",99499,"3",2881641,"1",
"900000",99499,"4",2881641,"1",
"900000",99499,"5",2881641,"1",
"950002",10536,"1",2881641,"1",
"950002",10536,"2",2881641,"1",
"950002",10536,"3",2881641,"1",
"950002",10536,"4",2881641,"1",
"950002",10536,"5",2881641,"1",
"980000",99499,"1",2881641,"1",
"980000",99499,"2",2881641,"1",
"980000",99499,"3",2881641,"1",
"980000",99499,"4",2881641,"1",
"980000",99499,"5",2881641,"1",
"980070",90591,"1",2881641,"1",
"980070",90591,"2",2881641,"1",
"980070",90591,"3",2881641,"1",
"980070",90591,"4",2881641,"1",
"980070",90591,"5",2881641,"1",
"900000",99499,"1",2881642,"1",
"900000",99499,"2",2881642,"1",
"900000",99499,"3",2881642,"1",
"900000",99499,"4",2881642,"1",
"900000",99499,"5",2881642,"1",
"950002",10536,"1",2881642,"1",
"950002",10536,"2",2881642,"1",
"950002",10536,"3",2881642,"1",
"950002",10536,"4",2881642,"1",
"950002",10536,"5",2881642,"1",
"980000",99499,"1",2881642,"1",
"980000",99499,"2",2881642,"1",
"980000",99499,"3",2881642,"1",
"980000",99499,"4",2881642,"1",
"980000",99499,"5",2881642,"1",
"980070",90591,"1",2881642,"1",
"980070",90591,"2",2881642,"1",
"980070",90591,"3",2881642,"1",
"980070",90591,"4",2881642,"1",
"980070",90591,"5",2881642,"1",
"900000",168096,"1",2881681,"1",
"900000",190751,"2",2881681,"1",
"900000",120768,"3",2881681,"1",
"900000",128246,"4",2881681,"1",
"900000",112467,"5",2881681,"1",
"980000",168096,"1",2881681,"1",
"980000",190751,"2",2881681,"1",
"980000",120768,"3",2881681,"1",
"980000",128246,"4",2881681,"1",
"980000",112467,"5",2881681,"1",
"980070",168096,"1",2881681,"1",
"980070",190751,"2",2881681,"1",
"980070",120768,"3",2881681,"1",
"980070",128246,"4",2881681,"1",
"980070",112467,"5",2881681,"1",
"900000",157390,"1",2881682,"1",
"900000",174016,"2",2881682,"1",
"900000",184062,"3",2881682,"1",
"900000",198317,"4",2881682,"1",
"900000",114717,"5",2881682,"1",
"980000",157390,"1",2881682,"1",
"980000",174016,"2",2881682,"1",
"980000",184062,"3",2881682,"1",
"980000",198317,"4",2881682,"1",
"980000",114717,"5",2881682,"1",
"980070",157390,"1",2881682,"1",
"980070",174016,"2",2881682,"1",
"980070",184062,"3",2881682,"1",
"980070",198317,"4",2881682,"1",
"980070",114717,"5",2881682,"1",
"800940",10967,"1",2881691,"1","T"
"800940",10967,"2",2881691,"1","T"
"800940",10967,"3",2881691,"1","T"
"800940",10967,"4",2881691,"1","T"
"800940",10967,"5",2881691,"1","T"
"900000",54682,"1",2881691,"1",
"900000",60537,"2",2881691,"1",
"900000",66864,"3",2881691,"1",
"900000",59233,"4",2881691,"1",
"900000",69744,"5",2881691,"1",
"900160",95343,"1",2881691,"1",
"900160",199413,"2",2881691,"1",
"900160",23917,"3",2881691,"1",
"900160",53361,"4",2881691,"1",
"900160",35537,"5",2881691,"1",
"980000",150025,"1",2881691,"1",
"980000",259950,"2",2881691,"1",
"980000",90781,"3",2881691,"1",
"980000",112594,"4",2881691,"1",
"980000",105281,"5",2881691,"1",
"980070",150025,"1",2881691,"1",
"980070",259950,"2",2881691,"1",
"980070",90781,"3",2881691,"1",
"980070",112594,"4",2881691,"1",
"980070",105281,"5",2881691,"1",
"800940",10967,"1",2881692,"1","T"
"800940",10967,"2",2881692,"1","T"
"800940",10967,"3",2881692,"1","T"
"800940",10967,"4",2881692,"1","T"
"800940",10967,"5",2881692,"1","T"
"900000",66792,"1",2881692,"1",
"900000",56335,"2",2881692,"1",
"900000",58781,"3",2881692,"1",
"900000",60995,"4",2881692,"1",
"900000",55143,"5",2881692,"1",
"900160",1998,"1",2881692,"1",
"900160",7591,"2",2881692,"1",
"900160",40121,"3",2881692,"1",
"900160",263,"4",2881692,"1",
"900160",55071,"5",2881692,"1",
"980000",68790,"1",2881692,"1",
"980000",63926,"2",2881692,"1",
"980000",98902,"3",2881692,"1",
"980000",61258,"4",2881692,"1",
"980000",110214,"5",2881692,"1",
"980070",68790,"1",2881692,"1",
"980070",63926,"2",2881692,"1",
"980070",98902,"3",2881692,"1",
"980070",61258,"4",2881692,"1",
"980070",110214,"5",2881692,"1",
"900000",44565,"1",2881711,"1",
"900000",45308,"2",2881711,"1",
"900000",42482,"3",2881711,"1",
"900000",139808,"4",2881711,"1",
"900000",48154,"5",2881711,"1",
"980000",44565,"1",2881711,"1",
"980000",45308,"2",2881711,"1",
"980000",42482,"3",2881711,"1",
"980000",139808,"4",2881711,"1",
"980000",48154,"5",2881711,"1",
"980070",45015,"1",2881711,"1",
"980070",45758,"2",2881711,"1",
"980070",42932,"3",2881711,"1",
"980070",140258,"4",2881711,"1",
"980070",48604,"5",2881711,"1",
"900000",80208,"1",2881712,"1",
"900000",29369,"2",2881712,"1",
"900000",64319,"3",2881712,"1",
"900000",79982,"4",2881712,"1",
"900000",120301,"5",2881712,"1",
"980000",80208,"1",2881712,"1",
"980000",29369,"2",2881712,"1",
"980000",64319,"3",2881712,"1",
"980000",79982,"4",2881712,"1",
"980000",120301,"5",2881712,"1",
"980070",80658,"1",2881712,"1",
"980070",29819,"2",2881712,"1",
"980070",64769,"3",2881712,"1",
"980070",80432,"4",2881712,"1",
"980070",120751,"5",2881712,"1",
"900000",51116,"1",2881721,"1",
"900000",80790,"2",2881721,"1",
"900000",62213,"3",2881721,"1",
"900000",53344,"4",2881721,"1",
"900000",54001,"5",2881721,"1",
"980000",51116,"1",2881721,"1",
"980000",80790,"2",2881721,"1",
"980000",62213,"3",2881721,"1",
"980000",53344,"4",2881721,"1",
"980000",54001,"5",2881721,"1",
"980070",51116,"1",2881721,"1",
"980070",80790,"2",2881721,"1",
"980070",62213,"3",2881721,"1",
"980070",53344,"4",2881721,"1",
"980070",54001,"5",2881721,"1",
"900000",77256,"1",2881722,"1",
"900000",118466,"2",2881722,"1",
"900000",98080,"3",2881722,"1",
"900000",89054,"4",2881722,"1",
"900000",73389,"5",2881722,"1",
"980000",77256,"1",2881722,"1",
"980000",118466,"2",2881722,"1",
"980000",98080,"3",2881722,"1",
"980000",89054,"4",2881722,"1",
"980000",73389,"5",2881722,"1",
"980070",77256,"1",2881722,"1",
"980070",118466,"2",2881722,"1",
"980070",98080,"3",2881722,"1",
"980070",89054,"4",2881722,"1",
"980070",73389,"5",2881722,"1",
"900030",15204,"1",2881732,"1",
"900030",19464,"2",2881732,"1",
"900030",17616,"3",2881732,"1",
"900030",23472,"4",2881732,"1",
"900030",11556,"5",2881732,"1",
"900170",20068,"1",2881732,"1",
"900170",27183,"2",2881732,"1",
"900170",2194,"3",2881732,"1",
"900170",847,"4",2881732,"1",
"900170",2337,"5",2881732,"1",
"980000",35272,"1",2881732,"1",
"980000",46647,"2",2881732,"1",
"980000",19810,"3",2881732,"1",
"980000",24319,"4",2881732,"1",
"980000",13893,"5",2881732,"1",
"980070",35272,"1",2881732,"1",
"980070",46647,"2",2881732,"1",
"980070",19810,"3",2881732,"1",
"980070",24319,"4",2881732,"1",
"980070",13893,"5",2881732,"1",
"900000",89000,"1",2881761,"1",
"900000",89000,"2",2881761,"1",
"900000",89000,"3",2881761,"1",
"900000",89000,"4",2881761,"1",
"900000",89000,"5",2881761,"1",
"980000",89000,"1",2881761,"1",
"980000",89000,"2",2881761,"1",
"980000",89000,"3",2881761,"1",
"980000",89000,"4",2881761,"1",
"980000",89000,"5",2881761,"1",
"980070",89000,"1",2881761,"1",
"980070",89000,"2",2881761,"1",
"980070",89000,"3",2881761,"1",
"980070",89000,"4",2881761,"1",
"980070",89000,"5",2881761,"1",
"900000",89000,"1",2881762,"1",
"900000",89000,"2",2881762,"1",
"900000",89000,"3",2881762,"1",
"900000",89000,"4",2881762,"1",
"900000",89000,"5",2881762,"1",
"980000",89000,"1",2881762,"1",
"980000",89000,"2",2881762,"1",
"980000",89000,"3",2881762,"1",
"980000",89000,"4",2881762,"1",
"980000",89000,"5",2881762,"1",
"980070",89000,"1",2881762,"1",
"980070",89000,"2",2881762,"1",
"980070",89000,"3",2881762,"1",
"980070",89000,"4",2881762,"1",
"980070",89000,"5",2881762,"1",
"900000",50159,"1",2881781,"1",
"900000",5266,"2",2881781,"1",
"900000",3523,"3",2881781,"1",
"900000",5453,"4",2881781,"1",
"900000",23947,"5",2881781,"1",
"980000",50159,"1",2881781,"1",
"980000",5266,"2",2881781,"1",
"980000",3523,"3",2881781,"1",
"980000",5453,"4",2881781,"1",
"980000",23947,"5",2881781,"1",
"980070",50159,"1",2881781,"1",
"980070",5266,"2",2881781,"1",
"980070",3523,"3",2881781,"1",
"980070",5453,"4",2881781,"1",
"980070",23947,"5",2881781,"1",
"900000",11334,"1",2881782,"1",
"900000",6446,"2",2881782,"1",
"900000",8778,"3",2881782,"1",
"900000",1304,"4",2881782,"1",
"900000",998,"5",2881782,"1",
"980000",11334,"1",2881782,"1",
"980000",6446,"2",2881782,"1",
"980000",8778,"3",2881782,"1",
"980000",1304,"4",2881782,"1",
"980000",998,"5",2881782,"1",
"980070",11334,"1",2881782,"1",
"980070",6446,"2",2881782,"1",
"980070",8778,"3",2881782,"1",
"980070",1304,"4",2881782,"1",
"980070",998,"5",2881782,"1",
"900140",4136,"1",2881801,"1",
"900140",894,"2",2881801,"1",
"900140",1222,"3",2881801,"1",
"900140",2188,"4",2881801,"1",
"900140",419,"5",2881801,"1",
"980000",4136,"1",2881801,"1",
"980000",894,"2",2881801,"1",
"980000",1222,"3",2881801,"1",
"980000",2188,"4",2881801,"1",
"980000",419,"5",2881801,"1",
"980070",4136,"1",2881801,"1",
"980070",894,"2",2881801,"1",
"980070",1222,"3",2881801,"1",
"980070",2188,"4",2881801,"1",
"980070",419,"5",2881801,"1",
"900140",9904,"1",2881802,"1",
"900140",1095,"2",2881802,"1",
"900140",407,"3",2881802,"1",
"900140",1097,"4",2881802,"1",
"900140",675,"5",2881802,"1",
"900150",912,"1",2881802,"1",
"900150",1416,"2",2881802,"1",
"900150",372,"3",2881802,"1",
"900150",2520,"4",2881802,"1",
"900150",1728,"5",2881802,"1",
"980000",10816,"1",2881802,"1",
"980000",2511,"2",2881802,"1",
"980000",779,"3",2881802,"1",
"980000",3617,"4",2881802,"1",
"980000",2403,"5",2881802,"1",
"980070",10816,"1",2881802,"1",
"980070",2511,"2",2881802,"1",
"980070",779,"3",2881802,"1",
"980070",3617,"4",2881802,"1",
"980070",2403,"5",2881802,"1",
"900000",17758,"1",2881841,"1",
"900000",777,"2",2881841,"1",
"900000",13293,"3",2881841,"1",
"900000",20365,"4",2881841,"1",
"900000",48273,"5",2881841,"1",
"980000",17758,"1",2881841,"1",
"980000",777,"2",2881841,"1",
"980000",13293,"3",2881841,"1",
"980000",20365,"4",2881841,"1",
"980000",48273,"5",2881841,"1",
"980070",17758,"1",2881841,"1",
"980070",777,"2",2881841,"1",
"980070",13293,"3",2881841,"1",
"980070",20365,"4",2881841,"1",
"980070",48273,"5",2881841,"1",
"900000",57193,"1",2881842,"1",
"900000",37315,"2",2881842,"1",
"900000",93675,"3",2881842,"1",
"900000",14052,"4",2881842,"1",
"900000",45520,"5",2881842,"1",
"980000",57193,"1",2881842,"1",
"980000",37315,"2",2881842,"1",
"980000",93675,"3",2881842,"1",
"980000",14052,"4",2881842,"1",
"980000",45520,"5",2881842,"1",
"980070",57193,"1",2881842,"1",
"980070",37315,"2",2881842,"1",
"980070",93675,"3",2881842,"1",
"980070",14052,"4",2881842,"1",
"980070",45520,"5",2881842,"1",
"900000",5249,"1",2881851,"1",
"900000",7526,"2",2881851,"1",
"900000",9435,"3",2881851,"1",
"900000",6839,"4",2881851,"1",
"900000",5103,"5",2881851,"1",
"900030",16859,"1",2881851,"1",
"900030",16859,"2",2881851,"1",
"900030",16859,"3",2881851,"1",
"900030",16859,"4",2881851,"1",
"900030",16859,"5",2881851,"1",
"980000",22108,"1",2881851,"1",
"980000",24385,"2",2881851,"1",
"980000",26294,"3",2881851,"1",
"980000",23698,"4",2881851,"1",
"980000",21962,"5",2881851,"1",
"980070",22812,"1",2881851,"1",
"980070",25089,"2",2881851,"1",
"980070",26998,"3",2881851,"1",
"980070",24402,"4",2881851,"1",
"980070",22666,"5",2881851,"1",
"900000",6648,"1",2881852,"1",
"900000",8274,"2",2881852,"1",
"900000",5713,"3",2881852,"1",
"900000",6519,"4",2881852,"1",
"900000",5401,"5",2881852,"1",
"900030",16859,"1",2881852,"1",
"900030",16859,"2",2881852,"1",
"900030",16859,"3",2881852,"1",
"900030",16859,"4",2881852,"1",
"900030",16859,"5",2881852,"1",
"980000",23507,"1",2881852,"1",
"980000",25133,"2",2881852,"1",
"980000",22572,"3",2881852,"1",
"980000",23378,"4",2881852,"1",
"980000",22260,"5",2881852,"1",
"980070",24211,"1",2881852,"1",
"980070",25837,"2",2881852,"1",
"980070",23276,"3",2881852,"1",
"980070",24082,"4",2881852,"1",
"980070",22964,"5",2881852,"1",
"900000",68000,"1",2881862,"1",
"900000",68000,"2",2881862,"1",
"900000",68000,"3",2881862,"1",
"900000",68000,"4",2881862,"1",
"900000",68000,"5",2881862,"1",
"900210",5000,"1",2881862,"1",
"900210",5000,"2",2881862,"1",
"900210",5000,"3",2881862,"1",
"900210",5000,"4",2881862,"1",
"900210",5000,"5",2881862,"1",
"980000",73000,"1",2881862,"1",
"980000",73000,"2",2881862,"1",
"980000",73000,"3",2881862,"1",
"980000",73000,"4",2881862,"1",
"980000",73000,"5",2881862,"1",
"980070",79300,"1",2881862,"1",
"980070",79300,"2",2881862,"1",
"980070",79300,"3",2881862,"1",
"980070",79300,"4",2881862,"1",
"980070",79300,"5",2881862,"1",
"900030",3659,"1",2881871,"1",
"900030",3659,"2",2881871,"1",
"900030",3659,"3",2881871,"1",
"900030",3659,"4",2881871,"1",
"900030",3659,"5",2881871,"1",
"900170",576,"1",2881871,"1",
"900170",5910,"2",2881871,"1",
"900170",1246,"3",2881871,"1",
"900170",3960,"4",2881871,"1",
"900170",20176,"5",2881871,"1",
"980000",4235,"1",2881871,"1",
"980000",9569,"2",2881871,"1",
"980000",4905,"3",2881871,"1",
"980000",7619,"4",2881871,"1",
"980000",23835,"5",2881871,"1",
"980070",4235,"1",2881871,"1",
"980070",9569,"2",2881871,"1",
"980070",4905,"3",2881871,"1",
"980070",7619,"4",2881871,"1",
"980070",23835,"5",2881871,"1",
"900030",3659,"1",2881872,"1",
"900030",3659,"2",2881872,"1",
"900030",3659,"3",2881872,"1",
"900030",3659,"4",2881872,"1",
"900030",3659,"5",2881872,"1",
"900170",653,"1",2881872,"1",
"900170",946,"2",2881872,"1",
"900170",2610,"3",2881872,"1",
"900170",3155,"4",2881872,"1",
"900170",38815,"5",2881872,"1",
"980000",4312,"1",2881872,"1",
"980000",4605,"2",2881872,"1",
"980000",6269,"3",2881872,"1",
"980000",6814,"4",2881872,"1",
"980000",42474,"5",2881872,"1",
"980070",4312,"1",2881872,"1",
"980070",4605,"2",2881872,"1",
"980070",6269,"3",2881872,"1",
"980070",6814,"4",2881872,"1",
"980070",42474,"5",2881872,"1",
"800940",10967,"1",2881882,"1","T"
"800940",10967,"2",2881882,"1","T"
"800940",10967,"3",2881882,"1","T"
"800940",10967,"4",2881882,"1","T"
"800940",10967,"5",2881882,"1","T"
"900000",167000,"1",2881882,"1",
"900000",167000,"2",2881882,"1",
"900000",167000,"3",2881882,"1",
"900000",167000,"4",2881882,"1",
"900000",167000,"5",2881882,"1",
"900160",30918,"1",2881882,"1",
"900160",76005,"2",2881882,"1",
"900160",41515,"3",2881882,"1",
"900160",10535,"4",2881882,"1",
"900160",40163,"5",2881882,"1",
"950002",18049,"1",2881882,"1",
"950002",18049,"2",2881882,"1",
"950002",18049,"3",2881882,"1",
"950002",18049,"4",2881882,"1",
"950002",18049,"5",2881882,"1",
"950012",7735,"1",2881882,"1",
"950012",7735,"2",2881882,"1",
"950012",7735,"3",2881882,"1",
"950012",7735,"4",2881882,"1",
"950012",7735,"5",2881882,"1",
"980000",197918,"1",2881882,"1",
"980000",243005,"2",2881882,"1",
"980000",208515,"3",2881882,"1",
"980000",177535,"4",2881882,"1",
"980000",207163,"5",2881882,"1",
"980070",172134,"1",2881882,"1",
"980070",217221,"2",2881882,"1",
"980070",182731,"3",2881882,"1",
"980070",151751,"4",2881882,"1",
"980070",181379,"5",2881882,"1",
"900030",18755,"1",2881901,"1",
"900030",15071,"2",2881901,"1",
"900030",19559,"3",2881901,"1",
"900030",8567,"4",2881901,"1",
"900030",15599,"5",2881901,"1",
"900170",2309,"1",2881901,"1",
"900170",7119,"2",2881901,"1",
"900170",26311,"3",2881901,"1",
"900170",3000,"4",2881901,"1",
"900170",31530,"5",2881901,"1",
"980000",21064,"1",2881901,"1",
"980000",22190,"2",2881901,"1",
"980000",45870,"3",2881901,"1",
"980000",11567,"4",2881901,"1",
"980000",47129,"5",2881901,"1",
"980070",21064,"1",2881901,"1",
"980070",22190,"2",2881901,"1",
"980070",45870,"3",2881901,"1",
"980070",11567,"4",2881901,"1",
"980070",47129,"5",2881901,"1",
"900030",14747,"1",2881902,"1",
"900030",8627,"2",2881902,"1",
"900030",14771,"3",2881902,"1",
"900030",15095,"4",2881902,"1",
"900030",19847,"5",2881902,"1",
"900170",61487,"1",2881902,"1",
"900170",7409,"2",2881902,"1",
"900170",2904,"3",2881902,"1",
"900170",2358,"4",2881902,"1",
"900170",34966,"5",2881902,"1",
"980000",76234,"1",2881902,"1",
"980000",16036,"2",2881902,"1",
"980000",17675,"3",2881902,"1",
"980000",17453,"4",2881902,"1",
"980000",54813,"5",2881902,"1",
"980070",76234,"1",2881902,"1",
"980070",16036,"2",2881902,"1",
"980070",17675,"3",2881902,"1",
"980070",17453,"4",2881902,"1",
"980070",54813,"5",2881902,"1",
"900000",355487,"1",2881912,"1","T"
"900000",355487,"2",2881912,"1","T"
"900000",355487,"3",2881912,"1","T"
"900000",355487,"4",2881912,"1","T"
"900000",355487,"5",2881912,"1","T"
"900180",38657,"1",2881912,"1","T"
"900180",38657,"2",2881912,"1","T"
"900180",38657,"3",2881912,"1","T"
"900180",38657,"4",2881912,"1","T"
"900180",38657,"5",2881912,"1","T"
"980000",394144,"1",2881912,"1","T"
"980000",394144,"2",2881912,"1","T"
"980000",394144,"3",2881912,"1","T"
"980000",394144,"4",2881912,"1","T"
"980000",394144,"5",2881912,"1","T"
"980070",395144,"1",2881912,"1","T"
"980070",395144,"2",2881912,"1","T"
"980070",395144,"3",2881912,"1","T"
"980070",395144,"4",2881912,"1","T"
"980070",395144,"5",2881912,"1","T"
"900140",999,"1",2881931,"1",
"900140",1091,"2",2881931,"1",
"900140",1029,"3",2881931,"1",
"900140",904,"4",2881931,"1",
"900140",7668,"5",2881931,"1",
"980000",999,"1",2881931,"1",
"980000",1091,"2",2881931,"1",
"980000",1029,"3",2881931,"1",
"980000",904,"4",2881931,"1",
"980000",7668,"5",2881931,"1",
"980070",999,"1",2881931,"1",
"980070",1091,"2",2881931,"1",
"980070",1029,"3",2881931,"1",
"980070",904,"4",2881931,"1",
"980070",7668,"5",2881931,"1",
"900030",15936,"1",2881932,"1",
"900030",12696,"2",2881932,"1",
"900030",6600,"3",2881932,"1",
"900030",5352,"4",2881932,"1",
"900030",540,"5",2881932,"1",
"900170",2558,"1",2881932,"1",
"900170",60051,"2",2881932,"1",
"900170",32434,"3",2881932,"1",
"900170",1427,"4",2881932,"1",
"900170",1115,"5",2881932,"1",
"980000",18494,"1",2881932,"1",
"980000",72747,"2",2881932,"1",
"980000",39034,"3",2881932,"1",
"980000",6779,"4",2881932,"1",
"980000",1655,"5",2881932,"1",
"980070",18494,"1",2881932,"1",
"980070",72747,"2",2881932,"1",
"980070",39034,"3",2881932,"1",
"980070",6779,"4",2881932,"1",
"980070",1655,"5",2881932,"1",
"900030",16740,"1",2881941,"1",
"900030",12396,"2",2881941,"1",
"900030",24300,"3",2881941,"1",
"900030",24888,"4",2881941,"1",
"900030",18300,"5",2881941,"1",
"980000",16740,"1",2881941,"1",
"980000",12396,"2",2881941,"1",
"980000",24300,"3",2881941,"1",
"980000",24888,"4",2881941,"1",
"980000",18300,"5",2881941,"1",
"980070",16740,"1",2881941,"1",
"980070",12396,"2",2881941,"1",
"980070",24300,"3",2881941,"1",
"980070",24888,"4",2881941,"1",
"980070",18300,"5",2881941,"1",
"900030",17172,"1",2881942,"1",
"900030",19896,"2",2881942,"1",
"900030",20988,"3",2881942,"1",
"900030",19824,"4",2881942,"1",
"900030",11688,"5",2881942,"1",
"980000",17172,"1",2881942,"1",
"980000",19896,"2",2881942,"1",
"980000",20988,"3",2881942,"1",
"980000",19824,"4",2881942,"1",
"980000",11688,"5",2881942,"1",
"980070",17172,"1",2881942,"1",
"980070",19896,"2",2881942,"1",
"980070",20988,"3",2881942,"1",
"980070",19824,"4",2881942,"1",
"980070",11688,"5",2881942,"1",
"900000",69000,"1",2881962,"1",
"900000",69000,"2",2881962,"1",
"900000",69000,"3",2881962,"1",
"900000",69000,"4",2881962,"1",
"900000",69000,"5",2881962,"1",
"980000",69000,"1",2881962,"1",
"980000",69000,"2",2881962,"1",
"980000",69000,"3",2881962,"1",
"980000",69000,"4",2881962,"1",
"980000",69000,"5",2881962,"1",
"980070",69000,"1",2881962,"1",
"980070",69000,"2",2881962,"1",
"980070",69000,"3",2881962,"1",
"980070",69000,"4",2881962,"1",
"980070",69000,"5",2881962,"1",
"900000",209101,"1",2881971,"1",
"900000",258992,"2",2881971,"1",
"900000",186497,"3",2881971,"1",
"900000",232910,"4",2881971,"1",
"900000",147892,"5",2881971,"1",
"980000",209101,"1",2881971,"1",
"980000",258992,"2",2881971,"1",
"980000",186497,"3",2881971,"1",
"980000",232910,"4",2881971,"1",
"980000",147892,"5",2881971,"1",
"980070",209101,"1",2881971,"1",
"980070",258992,"2",2881971,"1",
"980070",186497,"3",2881971,"1",
"980070",232910,"4",2881971,"1",
"980070",147892,"5",2881971,"1",
"900000",191225,"1",2881972,"1",
"900000",180921,"2",2881972,"1",
"900000",178294,"3",2881972,"1",
"900000",173547,"4",2881972,"1",
"900000",116169,"5",2881972,"1",
"980000",191225,"1",2881972,"1",
"980000",180921,"2",2881972,"1",
"980000",178294,"3",2881972,"1",
"980000",173547,"4",2881972,"1",
"980000",116169,"5",2881972,"1",
"980070",191225,"1",2881972,"1",
"980070",180921,"2",2881972,"1",
"980070",178294,"3",2881972,"1",
"980070",173547,"4",2881972,"1",
"980070",116169,"5",2881972,"1",
"800940",2792,"1",2881981,"1",
"800940",4082,"2",2881981,"1",
"800940",2246,"3",2881981,"1",
"800940",3964,"4",2881981,"1",
"800940",5157,"5",2881981,"1",
"900000",10500,"1",2881981,"1",
"900000",27366,"2",2881981,"1",
"900000",3359,"3",2881981,"1",
"900000",25813,"4",2881981,"1",
"900000",41413,"5",2881981,"1",
"900030",15299,"1",2881981,"1",
"900030",15299,"2",2881981,"1",
"900030",15299,"3",2881981,"1",
"900030",15299,"4",2881981,"1",
"900030",15299,"5",2881981,"1",
"900160",13000,"1",2881981,"1",
"900160",13000,"2",2881981,"1",
"900160",13000,"3",2881981,"1",
"900160",13000,"4",2881981,"1",
"900160",13000,"5",2881981,"1",
"900180",2000,"1",2881981,"1",
"900180",2000,"2",2881981,"1",
"900180",2000,"3",2881981,"1",
"900180",2000,"4",2881981,"1",
"900180",2000,"5",2881981,"1",
"980000",40799,"1",2881981,"1",
"980000",57665,"2",2881981,"1",
"980000",33658,"3",2881981,"1",
"980000",56112,"4",2881981,"1",
"980000",71712,"5",2881981,"1",
"980070",39649,"1",2881981,"1",
"980070",56515,"2",2881981,"1",
"980070",32508,"3",2881981,"1",
"980070",54962,"4",2881981,"1",
"980070",70562,"5",2881981,"1",
"800940",2173,"1",2881982,"1",
"800940",5052,"2",2881982,"1",
"800940",2872,"3",2881982,"1",
"800940",2658,"4",2881982,"1",
"800940",2385,"5",2881982,"1",
"900000",2406,"1",2881982,"1",
"900000",40037,"2",2881982,"1",
"900000",11544,"3",2881982,"1",
"900000",8740,"4",2881982,"1",
"900000",5183,"5",2881982,"1",
"900030",15299,"1",2881982,"1",
"900030",15299,"2",2881982,"1",
"900030",15299,"3",2881982,"1",
"900030",15299,"4",2881982,"1",
"900030",15299,"5",2881982,"1",
"900160",13000,"1",2881982,"1",
"900160",13000,"2",2881982,"1",
"900160",13000,"3",2881982,"1",
"900160",13000,"4",2881982,"1",
"900160",13000,"5",2881982,"1",
"900180",2000,"1",2881982,"1",
"900180",2000,"2",2881982,"1",
"900180",2000,"3",2881982,"1",
"900180",2000,"4",2881982,"1",
"900180",2000,"5",2881982,"1",
"980000",32705,"1",2881982,"1",
"980000",70336,"2",2881982,"1",
"980000",41843,"3",2881982,"1",
"980000",39039,"4",2881982,"1",
"980000",35482,"5",2881982,"1",
"980070",31555,"1",2881982,"1",
"980070",69186,"2",2881982,"1",
"980070",40693,"3",2881982,"1",
"980070",37889,"4",2881982,"1",
"980070",34332,"5",2881982,"1",
"900000",15000,"1",2881991,"1",
"900000",15000,"2",2881991,"1",
"900000",15000,"3",2881991,"1",
"900000",15000,"4",2881991,"1",
"900000",15000,"5",2881991,"1",
"900150",2280,"1",2881991,"1",
"900150",2280,"2",2881991,"1",
"900150",2280,"3",2881991,"1",
"900150",2280,"4",2881991,"1",
"900150",2280,"5",2881991,"1",
"980000",17280,"1",2881991,"1",
"980000",17280,"2",2881991,"1",
"980000",17280,"3",2881991,"1",
"980000",17280,"4",2881991,"1",
"980000",17280,"5",2881991,"1",
"980070",17280,"1",2881991,"1",
"980070",17280,"2",2881991,"1",
"980070",17280,"3",2881991,"1",
"980070",17280,"4",2881991,"1",
"980070",17280,"5",2881991,"1",
"900000",15000,"1",2881992,"1",
"900000",15000,"2",2881992,"1",
"900000",15000,"3",2881992,"1",
"900000",15000,"4",2881992,"1",
"900000",15000,"5",2881992,"1",
"900150",2280,"1",2881992,"1",
"900150",2280,"2",2881992,"1",
"900150",2280,"3",2881992,"1",
"900150",2280,"4",2881992,"1",
"900150",2280,"5",2881992,"1",
"980000",17280,"1",2881992,"1",
"980000",17280,"2",2881992,"1",
"980000",17280,"3",2881992,"1",
"980000",17280,"4",2881992,"1",
"980000",17280,"5",2881992,"1",
"980070",17280,"1",2881992,"1",
"980070",17280,"2",2881992,"1",
"980070",17280,"3",2881992,"1",
"980070",17280,"4",2881992,"1",
"980070",17280,"5",2881992,"1",
"900000",10000,"1",2882011,"1",
"900000",10000,"2",2882011,"1",
"900000",10000,"3",2882011,"1",
"900000",10000,"4",2882011,"1",
"900000",10000,"5",2882011,"1",
"900150",5520,"1",2882011,"1",
"900150",5520,"2",2882011,"1",
"900150",5520,"3",2882011,"1",
"900150",5520,"4",2882011,"1",
"900150",5520,"5",2882011,"1",
"980000",15520,"1",2882011,"1",
"980000",15520,"2",2882011,"1",
"980000",15520,"3",2882011,"1",
"980000",15520,"4",2882011,"1",
"980000",15520,"5",2882011,"1",
"980070",15520,"1",2882011,"1",
"980070",15520,"2",2882011,"1",
"980070",15520,"3",2882011,"1",
"980070",15520,"4",2882011,"1",
"980070",15520,"5",2882011,"1",
"900000",10000,"1",2882012,"1",
"900000",10000,"2",2882012,"1",
"900000",10000,"3",2882012,"1",
"900000",10000,"4",2882012,"1",
"900000",10000,"5",2882012,"1",
"900150",5520,"1",2882012,"1",
"900150",5520,"2",2882012,"1",
"900150",5520,"3",2882012,"1",
"900150",5520,"4",2882012,"1",
"900150",5520,"5",2882012,"1",
"980000",15520,"1",2882012,"1",
"980000",15520,"2",2882012,"1",
"980000",15520,"3",2882012,"1",
"980000",15520,"4",2882012,"1",
"980000",15520,"5",2882012,"1",
"980070",15520,"1",2882012,"1",
"980070",15520,"2",2882012,"1",
"980070",15520,"3",2882012,"1",
"980070",15520,"4",2882012,"1",
"980070",15520,"5",2882012,"1",
"900000",55250,"1",2882031,"1",
"900000",61375,"2",2882031,"1",
"900000",58596,"3",2882031,"1",
"900000",52845,"4",2882031,"1",
"900000",54095,"5",2882031,"1",
"900200",600,"1",2882031,"1",
"900200",600,"2",2882031,"1",
"900200",600,"3",2882031,"1",
"900200",600,"4",2882031,"1",
"900200",600,"5",2882031,"1",
"980000",55850,"1",2882031,"1",
"980000",61975,"2",2882031,"1",
"980000",59196,"3",2882031,"1",
"980000",53445,"4",2882031,"1",
"980000",54695,"5",2882031,"1",
"980070",57450,"1",2882031,"1",
"980070",63575,"2",2882031,"1",
"980070",60796,"3",2882031,"1",
"980070",55045,"4",2882031,"1",
"980070",56295,"5",2882031,"1",
"900000",54788,"1",2882032,"1",
"900000",63494,"2",2882032,"1",
"900000",55887,"3",2882032,"1",
"900000",53074,"4",2882032,"1",
"900000",67033,"5",2882032,"1",
"900200",600,"1",2882032,"1",
"900200",600,"2",2882032,"1",
"900200",600,"3",2882032,"1",
"900200",600,"4",2882032,"1",
"900200",600,"5",2882032,"1",
"980000",55388,"1",2882032,"1",
"980000",64094,"2",2882032,"1",
"980000",56487,"3",2882032,"1",
"980000",53674,"4",2882032,"1",
"980000",67633,"5",2882032,"1",
"980070",56988,"1",2882032,"1",
"980070",65694,"2",2882032,"1",
"980070",58087,"3",2882032,"1",
"980070",55274,"4",2882032,"1",
"980070",69233,"5",2882032,"1",
"900000",82936,"1",2882051,"1",
"900000",74740,"2",2882051,"1",
"900000",79117,"3",2882051,"1",
"900000",79984,"4",2882051,"1",
"900000",72396,"5",2882051,"1",
"900030",33514,"1",2882051,"1",
"900030",39250,"2",2882051,"1",
"900030",34162,"3",2882051,"1",
"900030",37174,"4",2882051,"1",
"900030",38122,"5",2882051,"1",
"900170",18367,"1",2882051,"1",
"900170",15686,"2",2882051,"1",
"900170",18778,"3",2882051,"1",
"900170",17360,"4",2882051,"1",
"900170",18972,"5",2882051,"1",
"980000",134817,"1",2882051,"1",
"980000",129676,"2",2882051,"1",
"980000",132057,"3",2882051,"1",
"980000",134518,"4",2882051,"1",
"980000",129490,"5",2882051,"1",
"980070",134817,"1",2882051,"1",
"980070",129676,"2",2882051,"1",
"980070",132057,"3",2882051,"1",
"980070",134518,"4",2882051,"1",
"980070",129490,"5",2882051,"1",
"900000",75780,"1",2882052,"1",
"900000",80507,"2",2882052,"1",
"900000",82714,"3",2882052,"1",
"900000",77767,"4",2882052,"1",
"900000",79754,"5",2882052,"1",
"900030",37234,"1",2882052,"1",
"900030",39178,"2",2882052,"1",
"900030",33814,"3",2882052,"1",
"900030",35326,"4",2882052,"1",
"900030",36490,"5",2882052,"1",
"900170",16746,"1",2882052,"1",
"900170",15671,"2",2882052,"1",
"900170",17766,"3",2882052,"1",
"900170",17622,"4",2882052,"1",
"900170",16746,"5",2882052,"1",
"980000",129760,"1",2882052,"1",
"980000",135356,"2",2882052,"1",
"980000",134294,"3",2882052,"1",
"980000",130715,"4",2882052,"1",
"980000",132990,"5",2882052,"1",
"980070",129760,"1",2882052,"1",
"980070",135356,"2",2882052,"1",
"980070",134294,"3",2882052,"1",
"980070",130715,"4",2882052,"1",
"980070",132990,"5",2882052,"1",
"900000",3272,"1",2882061,"1",
"900000",42858,"2",2882061,"1",
"900000",16360,"3",2882061,"1",
"900000",27078,"4",2882061,"1",
"900000",9480,"5",2882061,"1",
"980000",3272,"1",2882061,"1",
"980000",42858,"2",2882061,"1",
"980000",16360,"3",2882061,"1",
"980000",27078,"4",2882061,"1",
"980000",9480,"5",2882061,"1",
"980070",3272,"1",2882061,"1",
"980070",42858,"2",2882061,"1",
"980070",16360,"3",2882061,"1",
"980070",27078,"4",2882061,"1",
"980070",9480,"5",2882061,"1",
"900000",1656,"1",2882062,"1",
"900000",8780,"2",2882062,"1",
"900000",42594,"3",2882062,"1",
"900000",12397,"4",2882062,"1",
"900000",13280,"5",2882062,"1",
"980000",1656,"1",2882062,"1",
"980000",8780,"2",2882062,"1",
"980000",42594,"3",2882062,"1",
"980000",12397,"4",2882062,"1",
"980000",13280,"5",2882062,"1",
"980070",1656,"1",2882062,"1",
"980070",8780,"2",2882062,"1",
"980070",42594,"3",2882062,"1",
"980070",12397,"4",2882062,"1",
"980070",13280,"5",2882062,"1",
"900030",18935,"1",2882072,"1",
"900030",17747,"2",2882072,"1",
"900030",18479,"3",2882072,"1",
"900030",20351,"4",2882072,"1",
"900030",18767,"5",2882072,"1",
"900170",721,"1",2882072,"1",
"900170",1210,"2",2882072,"1",
"900170",8911,"3",2882072,"1",
"900170",6609,"4",2882072,"1",
"900170",522,"5",2882072,"1",
"980000",19656,"1",2882072,"1",
"980000",18957,"2",2882072,"1",
"980000",27390,"3",2882072,"1",
"980000",26960,"4",2882072,"1",
"980000",19289,"5",2882072,"1",
"980070",19656,"1",2882072,"1",
"980070",18957,"2",2882072,"1",
"980070",27390,"3",2882072,"1",
"980070",26960,"4",2882072,"1",
"980070",19289,"5",2882072,"1",
"900030",23003,"1",2882101,"1",
"900030",23003,"2",2882101,"1",
"900030",23003,"3",2882101,"1",
"900030",23003,"4",2882101,"1",
"900030",23003,"5",2882101,"1",
"900170",2300,"1",2882101,"1",
"900170",2300,"2",2882101,"1",
"900170",2300,"3",2882101,"1",
"900170",2300,"4",2882101,"1",
"900170",2300,"5",2882101,"1",
"900180",9000,"1",2882101,"1",
"900180",9000,"2",2882101,"1",
"900180",9000,"3",2882101,"1",
"900180",9000,"4",2882101,"1",
"900180",9000,"5",2882101,"1",
"980000",34303,"1",2882101,"1",
"980000",34303,"2",2882101,"1",
"980000",34303,"3",2882101,"1",
"980000",34303,"4",2882101,"1",
"980000",34303,"5",2882101,"1",
"980070",34303,"1",2882101,"1",
"980070",34303,"2",2882101,"1",
"980070",34303,"3",2882101,"1",
"980070",34303,"4",2882101,"1",
"980070",34303,"5",2882101,"1",
"900030",23003,"1",2882102,"1",
"900030",23003,"2",2882102,"1",
"900030",23003,"3",2882102,"1",
"900030",23003,"4",2882102,"1",
"900030",23003,"5",2882102,"1",
"900170",2300,"1",2882102,"1",
"900170",2300,"2",2882102,"1",
"900170",2300,"3",2882102,"1",
"900170",2300,"4",2882102,"1",
"900170",2300,"5",2882102,"1",
"900180",9000,"1",2882102,"1",
"900180",9000,"2",2882102,"1",
"900180",9000,"3",2882102,"1",
"900180",9000,"4",2882102,"1",
"900180",9000,"5",2882102,"1",
"980000",34303,"1",2882102,"1",
"980000",34303,"2",2882102,"1",
"980000",34303,"3",2882102,"1",
"980000",34303,"4",2882102,"1",
"980000",34303,"5",2882102,"1",
"980070",34303,"1",2882102,"1",
"980070",34303,"2",2882102,"1",
"980070",34303,"3",2882102,"1",
"980070",34303,"4",2882102,"1",
"980070",34303,"5",2882102,"1",
"900000",68000,"1",2882111,"1",
"900000",68000,"2",2882111,"1",
"900000",68000,"3",2882111,"1",
"900000",68000,"4",2882111,"1",
"900000",68000,"5",2882111,"1",
"980000",68000,"1",2882111,"1",
"980000",68000,"2",2882111,"1",
"980000",68000,"3",2882111,"1",
"980000",68000,"4",2882111,"1",
"980000",68000,"5",2882111,"1",
"980070",70000,"1",2882111,"1",
"980070",70000,"2",2882111,"1",
"980070",70000,"3",2882111,"1",
"980070",70000,"4",2882111,"1",
"980070",70000,"5",2882111,"1",
"900000",68000,"1",2882112,"1",
"900000",68000,"2",2882112,"1",
"900000",68000,"3",2882112,"1",
"900000",68000,"4",2882112,"1",
"900000",68000,"5",2882112,"1",
"980000",68000,"1",2882112,"1",
"980000",68000,"2",2882112,"1",
"980000",68000,"3",2882112,"1",
"980000",68000,"4",2882112,"1",
"980000",68000,"5",2882112,"1",
"980070",70000,"1",2882112,"1",
"980070",70000,"2",2882112,"1",
"980070",70000,"3",2882112,"1",
"980070",70000,"4",2882112,"1",
"980070",70000,"5",2882112,"1",
"900000",165000,"1",2882131,"1",
"900000",165000,"2",2882131,"1",
"900000",165000,"3",2882131,"1",
"900000",165000,"4",2882131,"1",
"900000",165000,"5",2882131,"1",
"900180",250,"1",2882131,"1",
"900180",250,"2",2882131,"1",
"900180",250,"3",2882131,"1",
"900180",250,"4",2882131,"1",
"900180",250,"5",2882131,"1",
"980000",165250,"1",2882131,"1",
"980000",165250,"2",2882131,"1",
"980000",165250,"3",2882131,"1",
"980000",165250,"4",2882131,"1",
"980000",165250,"5",2882131,"1",
"980070",167167,"1",2882131,"1",
"980070",167167,"2",2882131,"1",
"980070",167167,"3",2882131,"1",
"980070",167167,"4",2882131,"1",
"980070",167167,"5",2882131,"1",
"900000",165000,"1",2882132,"1",
"900000",165000,"2",2882132,"1",
"900000",165000,"3",2882132,"1",
"900000",165000,"4",2882132,"1",
"900000",165000,"5",2882132,"1",
"900180",250,"1",2882132,"1",
"900180",250,"2",2882132,"1",
"900180",250,"3",2882132,"1",
"900180",250,"4",2882132,"1",
"900180",250,"5",2882132,"1",
"980000",165250,"1",2882132,"1",
"980000",165250,"2",2882132,"1",
"980000",165250,"3",2882132,"1",
"980000",165250,"4",2882132,"1",
"980000",165250,"5",2882132,"1",
"980070",167167,"1",2882132,"1",
"980070",167167,"2",2882132,"1",
"980070",167167,"3",2882132,"1",
"980070",167167,"4",2882132,"1",
"980070",167167,"5",2882132,"1",
"900000",32000,"1",2882151,"1",
"900000",32000,"2",2882151,"1",
"900000",32000,"3",2882151,"1",
"900000",32000,"4",2882151,"1",
"900000",32000,"5",2882151,"1",
"900150",2268,"1",2882151,"1",
"900150",2268,"2",2882151,"1",
"900150",2268,"3",2882151,"1",
"900150",2268,"4",2882151,"1",
"900150",2268,"5",2882151,"1",
"950002",3965,"1",2882151,"1",
"950002",3965,"2",2882151,"1",
"950002",3965,"3",2882151,"1",
"950002",3965,"4",2882151,"1",
"950002",3965,"5",2882151,"1",
"980000",34268,"1",2882151,"1",
"980000",34268,"2",2882151,"1",
"980000",34268,"3",2882151,"1",
"980000",34268,"4",2882151,"1",
"980000",34268,"5",2882151,"1",
"980070",32103,"1",2882151,"1",
"980070",32103,"2",2882151,"1",
"980070",32103,"3",2882151,"1",
"980070",32103,"4",2882151,"1",
"980070",32103,"5",2882151,"1",
"900000",32000,"1",2882152,"1",
"900000",32000,"2",2882152,"1",
"900000",32000,"3",2882152,"1",
"900000",32000,"4",2882152,"1",
"900000",32000,"5",2882152,"1",
"900150",2268,"1",2882152,"1",
"900150",2268,"2",2882152,"1",
"900150",2268,"3",2882152,"1",
"900150",2268,"4",2882152,"1",
"900150",2268,"5",2882152,"1",
"950002",3965,"1",2882152,"1",
"950002",3965,"2",2882152,"1",
"950002",3965,"3",2882152,"1",
"950002",3965,"4",2882152,"1",
"950002",3965,"5",2882152,"1",
"980000",34268,"1",2882152,"1",
"980000",34268,"2",2882152,"1",
"980000",34268,"3",2882152,"1",
"980000",34268,"4",2882152,"1",
"980000",34268,"5",2882152,"1",
"980070",32103,"1",2882152,"1",
"980070",32103,"2",2882152,"1",
"980070",32103,"3",2882152,"1",
"980070",32103,"4",2882152,"1",
"980070",32103,"5",2882152,"1",
"900030",15659,"1",2882161,"1",
"900030",15659,"2",2882161,"1",
"900030",15659,"3",2882161,"1",
"900030",15659,"4",2882161,"1",
"900030",15659,"5",2882161,"1",
"900160",10372,"1",2882161,"1",
"900160",16383,"2",2882161,"1",
"900160",30311,"3",2882161,"1",
"900160",20358,"4",2882161,"1",
"900160",8762,"5",2882161,"1",
"980000",26031,"1",2882161,"1",
"980000",32042,"2",2882161,"1",
"980000",45970,"3",2882161,"1",
"980000",36017,"4",2882161,"1",
"980000",24421,"5",2882161,"1",
"980070",26031,"1",2882161,"1",
"980070",32042,"2",2882161,"1",
"980070",45970,"3",2882161,"1",
"980070",36017,"4",2882161,"1",
"980070",24421,"5",2882161,"1",
"900030",15659,"1",2882162,"1",
"900030",15659,"2",2882162,"1",
"900030",15659,"3",2882162,"1",
"900030",15659,"4",2882162,"1",
"900030",15659,"5",2882162,"1",
"900160",11756,"1",2882162,"1",
"900160",18965,"2",2882162,"1",
"900160",27506,"3",2882162,"1",
"900160",17685,"4",2882162,"1",
"900160",-546,"5",2882162,"1",
"980000",27415,"1",2882162,"1",
"980000",34624,"2",2882162,"1",
"980000",43165,"3",2882162,"1",
"980000",33344,"4",2882162,"1",
"980000",15113,"5",2882162,"1",
"980070",27415,"1",2882162,"1",
"980070",34624,"2",2882162,"1",
"980070",43165,"3",2882162,"1",
"980070",33344,"4",2882162,"1",
"980070",15113,"5",2882162,"1",
"800940",10967,"1",2882171,"1","T"
"800940",10967,"2",2882171,"1","T"
"800940",10967,"3",2882171,"1","T"
"800940",10967,"4",2882171,"1","T"
"800940",10967,"5",2882171,"1","T"
"900000",150000,"1",2882171,"1",
"900000",150000,"2",2882171,"1",
"900000",150000,"3",2882171,"1",
"900000",150000,"4",2882171,"1",
"900000",150000,"5",2882171,"1",
"900160",100497,"1",2882171,"1",
"900160",185006,"2",2882171,"1",
"900160",114191,"3",2882171,"1",
"900160",109205,"4",2882171,"1",
"900160",140169,"5",2882171,"1",
"900180",15000,"1",2882171,"1",
"900180",15000,"2",2882171,"1",
"900180",15000,"3",2882171,"1",
"900180",15000,"4",2882171,"1",
"900180",15000,"5",2882171,"1",
"980000",265497,"1",2882171,"1",
"980000",350006,"2",2882171,"1",
"980000",279191,"3",2882171,"1",
"980000",274205,"4",2882171,"1",
"980000",305169,"5",2882171,"1",
"980070",265497,"1",2882171,"1",
"980070",350006,"2",2882171,"1",
"980070",279191,"3",2882171,"1",
"980070",274205,"4",2882171,"1",
"980070",305169,"5",2882171,"1",
"800940",10967,"1",2882172,"1","T"
"800940",10967,"2",2882172,"1","T"
"800940",10967,"3",2882172,"1","T"
"800940",10967,"4",2882172,"1","T"
"800940",10967,"5",2882172,"1","T"
"900000",150000,"1",2882172,"1",
"900000",150000,"2",2882172,"1",
"900000",150000,"3",2882172,"1",
"900000",150000,"4",2882172,"1",
"900000",150000,"5",2882172,"1",
"900160",104426,"1",2882172,"1",
"900160",151022,"2",2882172,"1",
"900160",111916,"3",2882172,"1",
"900160",127213,"4",2882172,"1",
"900160",147285,"5",2882172,"1",
"900180",15000,"1",2882172,"1",
"900180",15000,"2",2882172,"1",
"900180",15000,"3",2882172,"1",
"900180",15000,"4",2882172,"1",
"900180",15000,"5",2882172,"1",
"980000",269426,"1",2882172,"1",
"980000",316022,"2",2882172,"1",
"980000",276916,"3",2882172,"1",
"980000",292213,"4",2882172,"1",
"980000",312285,"5",2882172,"1",
"980070",269426,"1",2882172,"1",
"980070",316022,"2",2882172,"1",
"980070",276916,"3",2882172,"1",
"980070",292213,"4",2882172,"1",
"980070",312285,"5",2882172,"1",
"900000",423905,"1",2882181,"1","T"
"900000",423905,"2",2882181,"1","T"
"900000",423905,"3",2882181,"1","T"
"900000",423905,"4",2882181,"1","T"
"900000",423905,"5",2882181,"1","T"
"980000",423905,"1",2882181,"1","T"
"980000",423905,"2",2882181,"1","T"
"980000",423905,"3",2882181,"1","T"
"980000",423905,"4",2882181,"1","T"
"980000",423905,"5",2882181,"1","T"
"980070",423905,"1",2882181,"1","T"
"980070",423905,"2",2882181,"1","T"
"980070",423905,"3",2882181,"1","T"
"980070",423905,"4",2882181,"1","T"
"980070",423905,"5",2882181,"1","T"
"900000",423436,"1",2882182,"1","T"
"900000",423436,"2",2882182,"1","T"
"900000",423436,"3",2882182,"1","T"
"900000",423436,"4",2882182,"1","T"
"900000",423436,"5",2882182,"1","T"
"980000",423436,"1",2882182,"1","T"
"980000",423436,"2",2882182,"1","T"
"980000",423436,"3",2882182,"1","T"
"980000",423436,"4",2882182,"1","T"
"980000",423436,"5",2882182,"1","T"
"980070",423436,"1",2882182,"1","T"
"980070",423436,"2",2882182,"1","T"
"980070",423436,"3",2882182,"1","T"
"980070",423436,"4",2882182,"1","T"
"980070",423436,"5",2882182,"1","T"
"900170",46000,"1",2882192,"1",
"900170",46000,"2",2882192,"1",
"900170",46000,"3",2882192,"1",
"900170",46000,"4",2882192,"1",
"900170",46000,"5",2882192,"1",
"900180",38657,"1",2882192,"1","T"
"900180",38657,"2",2882192,"1","T"
"900180",38657,"3",2882192,"1","T"
"900180",38657,"4",2882192,"1","T"
"900180",38657,"5",2882192,"1","T"
"980000",84657,"1",2882192,"1","T"
"980000",84657,"2",2882192,"1","T"
"980000",84657,"3",2882192,"1","T"
"980000",84657,"4",2882192,"1","T"
"980000",84657,"5",2882192,"1","T"
"980070",84657,"1",2882192,"1","T"
"980070",84657,"2",2882192,"1","T"
"980070",84657,"3",2882192,"1","T"
"980070",84657,"4",2882192,"1","T"
"980070",84657,"5",2882192,"1","T"
"900000",103800,"1",2882201,"1",
"900000",81702,"2",2882201,"1",
"900000",91485,"3",2882201,"1",
"900000",69583,"4",2882201,"1",
"900000",75298,"5",2882201,"1",
"980000",103800,"1",2882201,"1",
"980000",81702,"2",2882201,"1",
"980000",91485,"3",2882201,"1",
"980000",69583,"4",2882201,"1",
"980000",75298,"5",2882201,"1",
"980070",103800,"1",2882201,"1",
"980070",81702,"2",2882201,"1",
"980070",91485,"3",2882201,"1",
"980070",69583,"4",2882201,"1",
"980070",75298,"5",2882201,"1",
"900000",63249,"1",2882202,"1",
"900000",79700,"2",2882202,"1",
"900000",100617,"3",2882202,"1",
"900000",78918,"4",2882202,"1",
"900000",67603,"5",2882202,"1",
"980000",63249,"1",2882202,"1",
"980000",79700,"2",2882202,"1",
"980000",100617,"3",2882202,"1",
"980000",78918,"4",2882202,"1",
"980000",67603,"5",2882202,"1",
"980070",63249,"1",2882202,"1",
"980070",79700,"2",2882202,"1",
"980070",100617,"3",2882202,"1",
"980070",78918,"4",2882202,"1",
"980070",67603,"5",2882202,"1",
"900000",7500,"1",2882211,"1",
"900000",7500,"2",2882211,"1",
"900000",7500,"3",2882211,"1",
"900000",7500,"4",2882211,"1",
"900000",7500,"5",2882211,"1",
"900030",18000,"1",2882211,"1",
"900030",18000,"2",2882211,"1",
"900030",18000,"3",2882211,"1",
"900030",18000,"4",2882211,"1",
"900030",18000,"5",2882211,"1",
"900170",28800,"1",2882211,"1",
"900170",28800,"2",2882211,"1",
"900170",28800,"3",2882211,"1",
"900170",28800,"4",2882211,"1",
"900170",28800,"5",2882211,"1",
"900180",225,"1",2882211,"1",
"900180",225,"2",2882211,"1",
"900180",225,"3",2882211,"1",
"900180",225,"4",2882211,"1",
"900180",225,"5",2882211,"1",
"950002",919,"1",2882211,"1",
"950002",919,"2",2882211,"1",
"950002",919,"3",2882211,"1",
"950002",919,"4",2882211,"1",
"950002",919,"5",2882211,"1",
"950012",298,"1",2882211,"1",
"950012",298,"2",2882211,"1",
"950012",298,"3",2882211,"1",
"950012",298,"4",2882211,"1",
"950012",298,"5",2882211,"1",
"980000",54525,"1",2882211,"1",
"980000",54525,"2",2882211,"1",
"980000",54525,"3",2882211,"1",
"980000",54525,"4",2882211,"1",
"980000",54525,"5",2882211,"1",
"980070",55453,"1",2882211,"1",
"980070",55453,"2",2882211,"1",
"980070",55453,"3",2882211,"1",
"980070",55453,"4",2882211,"1",
"980070",55453,"5",2882211,"1",
"900000",7500,"1",2882212,"1",
"900000",7500,"2",2882212,"1",
"900000",7500,"3",2882212,"1",
"900000",7500,"4",2882212,"1",
"900000",7500,"5",2882212,"1",
"900030",18000,"1",2882212,"1",
"900030",18000,"2",2882212,"1",
"900030",18000,"3",2882212,"1",
"900030",18000,"4",2882212,"1",
"900030",18000,"5",2882212,"1",
"900170",28800,"1",2882212,"1",
"900170",28800,"2",2882212,"1",
"900170",28800,"3",2882212,"1",
"900170",28800,"4",2882212,"1",
"900170",28800,"5",2882212,"1",
"900180",225,"1",2882212,"1",
"900180",225,"2",2882212,"1",
"900180",225,"3",2882212,"1",
"900180",225,"4",2882212,"1",
"900180",225,"5",2882212,"1",
"950002",919,"1",2882212,"1",
"950002",919,"2",2882212,"1",
"950002",919,"3",2882212,"1",
"950002",919,"4",2882212,"1",
"950002",919,"5",2882212,"1",
"950012",298,"1",2882212,"1",
"950012",298,"2",2882212,"1",
"950012",298,"3",2882212,"1",
"950012",298,"4",2882212,"1",
"950012",298,"5",2882212,"1",
"980000",54525,"1",2882212,"1",
"980000",54525,"2",2882212,"1",
"980000",54525,"3",2882212,"1",
"980000",54525,"4",2882212,"1",
"980000",54525,"5",2882212,"1",
"980070",55453,"1",2882212,"1",
"980070",55453,"2",2882212,"1",
"980070",55453,"3",2882212,"1",
"980070",55453,"4",2882212,"1",
"980070",55453,"5",2882212,"1",
"900000",104000,"1",2882241,"1",
"900000",104000,"2",2882241,"1",
"900000",104000,"3",2882241,"1",
"900000",104000,"4",2882241,"1",
"900000",104000,"5",2882241,"1",
"980000",104000,"1",2882241,"1",
"980000",104000,"2",2882241,"1",
"980000",104000,"3",2882241,"1",
"980000",104000,"4",2882241,"1",
"980000",104000,"5",2882241,"1",
"980070",107000,"1",2882241,"1",
"980070",107000,"2",2882241,"1",
"980070",107000,"3",2882241,"1",
"980070",107000,"4",2882241,"1",
"980070",107000,"5",2882241,"1",
"900000",104000,"1",2882242,"1",
"900000",104000,"2",2882242,"1",
"900000",104000,"3",2882242,"1",
"900000",104000,"4",2882242,"1",
"900000",104000,"5",2882242,"1",
"980000",104000,"1",2882242,"1",
"980000",104000,"2",2882242,"1",
"980000",104000,"3",2882242,"1",
"980000",104000,"4",2882242,"1",
"980000",104000,"5",2882242,"1",
"980070",107000,"1",2882242,"1",
"980070",107000,"2",2882242,"1",
"980070",107000,"3",2882242,"1",
"980070",107000,"4",2882242,"1",
"980070",107000,"5",2882242,"1",
"900000",100000,"1",2882251,"1",
"900000",100000,"2",2882251,"1",
"900000",100000,"3",2882251,"1",
"900000",100000,"4",2882251,"1",
"900000",100000,"5",2882251,"1",
"980000",100000,"1",2882251,"1",
"980000",100000,"2",2882251,"1",
"980000",100000,"3",2882251,"1",
"980000",100000,"4",2882251,"1",
"980000",100000,"5",2882251,"1",
"980070",101200,"1",2882251,"1",
"980070",101200,"2",2882251,"1",
"980070",101200,"3",2882251,"1",
"980070",101200,"4",2882251,"1",
"980070",101200,"5",2882251,"1",
"900000",100000,"1",2882252,"1",
"900000",100000,"2",2882252,"1",
"900000",100000,"3",2882252,"1",
"900000",100000,"4",2882252,"1",
"900000",100000,"5",2882252,"1",
"980000",100000,"1",2882252,"1",
"980000",100000,"2",2882252,"1",
"980000",100000,"3",2882252,"1",
"980000",100000,"4",2882252,"1",
"980000",100000,"5",2882252,"1",
"980070",101200,"1",2882252,"1",
"980070",101200,"2",2882252,"1",
"980070",101200,"3",2882252,"1",
"980070",101200,"4",2882252,"1",
"980070",101200,"5",2882252,"1",
"900000",120000,"1",2882261,"1",
"900000",120000,"2",2882261,"1",
"900000",120000,"3",2882261,"1",
"900000",120000,"4",2882261,"1",
"900000",120000,"5",2882261,"1",
"980000",120000,"1",2882261,"1",
"980000",120000,"2",2882261,"1",
"980000",120000,"3",2882261,"1",
"980000",120000,"4",2882261,"1",
"980000",120000,"5",2882261,"1",
"980070",124100,"1",2882261,"1",
"980070",124100,"2",2882261,"1",
"980070",124100,"3",2882261,"1",
"980070",124100,"4",2882261,"1",
"980070",124100,"5",2882261,"1",
"900000",120000,"1",2882262,"1",
"900000",120000,"2",2882262,"1",
"900000",120000,"3",2882262,"1",
"900000",120000,"4",2882262,"1",
"900000",120000,"5",2882262,"1",
"980000",120000,"1",2882262,"1",
"980000",120000,"2",2882262,"1",
"980000",120000,"3",2882262,"1",
"980000",120000,"4",2882262,"1",
"980000",120000,"5",2882262,"1",
"980070",124100,"1",2882262,"1",
"980070",124100,"2",2882262,"1",
"980070",124100,"3",2882262,"1",
"980070",124100,"4",2882262,"1",
"980070",124100,"5",2882262,"1",
"900000",60000,"1",2882281,"1",
"900000",60000,"2",2882281,"1",
"900000",60000,"3",2882281,"1",
"900000",60000,"4",2882281,"1",
"900000",60000,"5",2882281,"1",
"980000",60000,"1",2882281,"1",
"980000",60000,"2",2882281,"1",
"980000",60000,"3",2882281,"1",
"980000",60000,"4",2882281,"1",
"980000",60000,"5",2882281,"1",
"980070",64000,"1",2882281,"1",
"980070",64000,"2",2882281,"1",
"980070",64000,"3",2882281,"1",
"980070",64000,"4",2882281,"1",
"980070",64000,"5",2882281,"1",
"900000",60000,"1",2882282,"1",
"900000",60000,"2",2882282,"1",
"900000",60000,"3",2882282,"1",
"900000",60000,"4",2882282,"1",
"900000",60000,"5",2882282,"1",
"980000",60000,"1",2882282,"1",
"980000",60000,"2",2882282,"1",
"980000",60000,"3",2882282,"1",
"980000",60000,"4",2882282,"1",
"980000",60000,"5",2882282,"1",
"980070",64000,"1",2882282,"1",
"980070",64000,"2",2882282,"1",
"980070",64000,"3",2882282,"1",
"980070",64000,"4",2882282,"1",
"980070",64000,"5",2882282,"1",
"900030",38518,"1",2882291,"1",
"900030",38518,"2",2882291,"1",
"900030",38518,"3",2882291,"1",
"900030",38518,"4",2882291,"1",
"900030",38518,"5",2882291,"1",
"980000",38518,"1",2882291,"1",
"980000",38518,"2",2882291,"1",
"980000",38518,"3",2882291,"1",
"980000",38518,"4",2882291,"1",
"980000",38518,"5",2882291,"1",
"980070",38518,"1",2882291,"1",
"980070",38518,"2",2882291,"1",
"980070",38518,"3",2882291,"1",
"980070",38518,"4",2882291,"1",
"980070",38518,"5",2882291,"1",
"900030",38518,"1",2882292,"1",
"900030",38518,"2",2882292,"1",
"900030",38518,"3",2882292,"1",
"900030",38518,"4",2882292,"1",
"900030",38518,"5",2882292,"1",
"980000",38518,"1",2882292,"1",
"980000",38518,"2",2882292,"1",
"980000",38518,"3",2882292,"1",
"980000",38518,"4",2882292,"1",
"980000",38518,"5",2882292,"1",
"980070",38518,"1",2882292,"1",
"980070",38518,"2",2882292,"1",
"980070",38518,"3",2882292,"1",
"980070",38518,"4",2882292,"1",
"980070",38518,"5",2882292,"1",
"900000",38000,"1",2882311,"1",
"900000",38000,"2",2882311,"1",
"900000",38000,"3",2882311,"1",
"900000",38000,"4",2882311,"1",
"900000",38000,"5",2882311,"1",
"980000",38000,"1",2882311,"1",
"980000",38000,"2",2882311,"1",
"980000",38000,"3",2882311,"1",
"980000",38000,"4",2882311,"1",
"980000",38000,"5",2882311,"1",
"980070",38000,"1",2882311,"1",
"980070",38000,"2",2882311,"1",
"980070",38000,"3",2882311,"1",
"980070",38000,"4",2882311,"1",
"980070",38000,"5",2882311,"1",
"900000",38000,"1",2882312,"1",
"900000",38000,"2",2882312,"1",
"900000",38000,"3",2882312,"1",
"900000",38000,"4",2882312,"1",
"900000",38000,"5",2882312,"1",
"980000",38000,"1",2882312,"1",
"980000",38000,"2",2882312,"1",
"980000",38000,"3",2882312,"1",
"980000",38000,"4",2882312,"1",
"980000",38000,"5",2882312,"1",
"980070",38000,"1",2882312,"1",
"980070",38000,"2",2882312,"1",
"980070",38000,"3",2882312,"1",
"980070",38000,"4",2882312,"1",
"980070",38000,"5",2882312,"1",
"900000",5000,"1",2882322,"1",
"900000",5000,"2",2882322,"1",
"900000",5000,"3",2882322,"1",
"900000",5000,"4",2882322,"1",
"900000",5000,"5",2882322,"1",
"900150",3444,"1",2882322,"1",
"900150",3444,"2",2882322,"1",
"900150",3444,"3",2882322,"1",
"900150",3444,"4",2882322,"1",
"900150",3444,"5",2882322,"1",
"980000",8444,"1",2882322,"1",
"980000",8444,"2",2882322,"1",
"980000",8444,"3",2882322,"1",
"980000",8444,"4",2882322,"1",
"980000",8444,"5",2882322,"1",
"980070",10279,"1",2882322,"1",
"980070",10279,"2",2882322,"1",
"980070",10279,"3",2882322,"1",
"980070",10279,"4",2882322,"1",
"980070",10279,"5",2882322,"1",
"900000",45328,"1",2882331,"1",
"900000",45690,"2",2882331,"1",
"900000",43080,"3",2882331,"1",
"900000",42801,"4",2882331,"1",
"900000",49075,"5",2882331,"1",
"900180",72,"1",2882331,"1",
"900180",126,"2",2882331,"1",
"900180",70,"3",2882331,"1",
"900180",904,"4",2882331,"1",
"900180",91,"5",2882331,"1",
"980000",45400,"1",2882331,"1",
"980000",45816,"2",2882331,"1",
"980000",43150,"3",2882331,"1",
"980000",43705,"4",2882331,"1",
"980000",49166,"5",2882331,"1",
"980070",45400,"1",2882331,"1",
"980070",45816,"2",2882331,"1",
"980070",43150,"3",2882331,"1",
"980070",43705,"4",2882331,"1",
"980070",49166,"5",2882331,"1",
"900000",41137,"1",2882332,"1",
"900000",48044,"2",2882332,"1",
"900000",41222,"3",2882332,"1",
"900000",43590,"4",2882332,"1",
"900000",42760,"5",2882332,"1",
"900180",56,"1",2882332,"1",
"900180",51,"2",2882332,"1",
"900180",18,"3",2882332,"1",
"900180",742,"4",2882332,"1",
"900180",104,"5",2882332,"1",
"980000",41193,"1",2882332,"1",
"980000",48095,"2",2882332,"1",
"980000",41240,"3",2882332,"1",
"980000",44332,"4",2882332,"1",
"980000",42864,"5",2882332,"1",
"980070",41193,"1",2882332,"1",
"980070",48095,"2",2882332,"1",
"980070",41240,"3",2882332,"1",
"980070",44332,"4",2882332,"1",
"980070",42864,"5",2882332,"1",
"800940",2463,"1",2882361,"1",
"800940",2463,"2",2882361,"1",
"800940",2463,"3",2882361,"1",
"800940",2463,"4",2882361,"1",
"800940",2463,"5",2882361,"1",
"900000",94848,"1",2882361,"1",
"900000",94848,"2",2882361,"1",
"900000",94848,"3",2882361,"1",
"900000",94848,"4",2882361,"1",
"900000",94848,"5",2882361,"1",
"900160",500,"1",2882361,"1",
"900160",500,"2",2882361,"1",
"900160",500,"3",2882361,"1",
"900160",500,"4",2882361,"1",
"900160",500,"5",2882361,"1",
"900210",300,"1",2882361,"1",
"900210",300,"2",2882361,"1",
"900210",300,"3",2882361,"1",
"900210",300,"4",2882361,"1",
"900210",300,"5",2882361,"1",
"980000",95648,"1",2882361,"1",
"980000",95648,"2",2882361,"1",
"980000",95648,"3",2882361,"1",
"980000",95648,"4",2882361,"1",
"980000",95648,"5",2882361,"1",
"980070",105934,"1",2882361,"1","T"
"980070",105934,"2",2882361,"1","T"
"980070",105934,"3",2882361,"1","T"
"980070",105934,"4",2882361,"1","T"
"980070",105934,"5",2882361,"1","T"
"800940",2463,"1",2882362,"1",
"800940",2463,"2",2882362,"1",
"800940",2463,"3",2882362,"1",
"800940",2463,"4",2882362,"1",
"800940",2463,"5",2882362,"1",
"900000",94848,"1",2882362,"1",
"900000",94848,"2",2882362,"1",
"900000",94848,"3",2882362,"1",
"900000",94848,"4",2882362,"1",
"900000",94848,"5",2882362,"1",
"900160",500,"1",2882362,"1",
"900160",500,"2",2882362,"1",
"900160",500,"3",2882362,"1",
"900160",500,"4",2882362,"1",
"900160",500,"5",2882362,"1",
"900210",300,"1",2882362,"1",
"900210",300,"2",2882362,"1",
"900210",300,"3",2882362,"1",
"900210",300,"4",2882362,"1",
"900210",300,"5",2882362,"1",
"980000",95648,"1",2882362,"1",
"980000",95648,"2",2882362,"1",
"980000",95648,"3",2882362,"1",
"980000",95648,"4",2882362,"1",
"980000",95648,"5",2882362,"1",
"980070",105934,"1",2882362,"1","T"
"980070",105934,"2",2882362,"1","T"
"980070",105934,"3",2882362,"1","T"
"980070",105934,"4",2882362,"1","T"
"980070",105934,"5",2882362,"1","T"
"800940",16050,"1",2882381,"1","T"
"800940",16050,"2",2882381,"1","T"
"800940",16050,"3",2882381,"1","T"
"800940",16050,"4",2882381,"1","T"
"800940",16050,"5",2882381,"1","T"
"900000",245487,"1",2882381,"1","T"
"900000",245487,"2",2882381,"1","T"
"900000",245487,"3",2882381,"1","T"
"900000",245487,"4",2882381,"1","T"
"900000",245487,"5",2882381,"1","T"
"900160",16088,"1",2882381,"1",
"900160",62600,"2",2882381,"1",
"900160",20661,"3",2882381,"1",
"900160",28097,"4",2882381,"1",
"900160",8502,"5",2882381,"1",
"980000",272676,"1",2882381,"1","T"
"980000",272676,"2",2882381,"1","T"
"980000",272676,"3",2882381,"1","T"
"980000",272676,"4",2882381,"1","T"
"980000",272676,"5",2882381,"1","T"
"980070",272676,"1",2882381,"1","T"
"980070",272676,"2",2882381,"1","T"
"980070",272676,"3",2882381,"1","T"
"980070",272676,"4",2882381,"1","T"
"980070",272676,"5",2882381,"1","T"
"800940",21935,"1",2882382,"1","T"
"800940",21935,"2",2882382,"1","T"
"800940",21935,"3",2882382,"1","T"
"800940",21935,"4",2882382,"1","T"
"800940",21935,"5",2882382,"1","T"
"900000",245487,"1",2882382,"1","T"
"900000",245487,"2",2882382,"1","T"
"900000",245487,"3",2882382,"1","T"
"900000",245487,"4",2882382,"1","T"
"900000",245487,"5",2882382,"1","T"
"900160",8981,"1",2882382,"1",
"900160",165781,"2",2882382,"1",
"900160",24595,"3",2882382,"1",
"900160",21915,"4",2882382,"1",
"900160",222344,"5",2882382,"1",
"980000",334210,"1",2882382,"1","T"
"980000",334210,"2",2882382,"1","T"
"980000",334210,"3",2882382,"1","T"
"980000",334210,"4",2882382,"1","T"
"980000",334210,"5",2882382,"1","T"
"980070",334210,"1",2882382,"1","T"
"980070",334210,"2",2882382,"1","T"
"980070",334210,"3",2882382,"1","T"
"980070",334210,"4",2882382,"1","T"
"980070",334210,"5",2882382,"1","T"
"900000",121895,"1",2882401,"1",
"900000",121134,"2",2882401,"1",
"900000",123071,"3",2882401,"1",
"900000",123345,"4",2882401,"1",
"900000",118330,"5",2882401,"1",
"900210",966,"1",2882401,"1",
"900210",864,"2",2882401,"1",
"900210",425,"3",2882401,"1",
"900210",384,"4",2882401,"1",
"900210",531,"5",2882401,"1",
"980000",122861,"1",2882401,"1",
"980000",121998,"2",2882401,"1",
"980000",123496,"3",2882401,"1",
"980000",123729,"4",2882401,"1",
"980000",118861,"5",2882401,"1",
"980070",122861,"1",2882401,"1",
"980070",121998,"2",2882401,"1",
"980070",123496,"3",2882401,"1",
"980070",123729,"4",2882401,"1",
"980070",118861,"5",2882401,"1",
"900000",127200,"1",2882402,"1",
"900000",123697,"2",2882402,"1",
"900000",124769,"3",2882402,"1",
"900000",123987,"4",2882402,"1",
"900000",119495,"5",2882402,"1",
"900210",8,"1",2882402,"1",
"900210",17,"2",2882402,"1",
"900210",973,"3",2882402,"1",
"900210",482,"4",2882402,"1",
"900210",305,"5",2882402,"1",
"980000",127208,"1",2882402,"1",
"980000",123714,"2",2882402,"1",
"980000",125742,"3",2882402,"1",
"980000",124469,"4",2882402,"1",
"980000",119800,"5",2882402,"1",
"980070",127208,"1",2882402,"1",
"980070",123714,"2",2882402,"1",
"980070",125742,"3",2882402,"1",
"980070",124469,"4",2882402,"1",
"980070",119800,"5",2882402,"1",
"900000",125000,"1",2882411,"1",
"900000",125000,"2",2882411,"1",
"900000",125000,"3",2882411,"1",
"900000",125000,"4",2882411,"1",
"900000",125000,"5",2882411,"1",
"980000",125000,"1",2882411,"1",
"980000",125000,"2",2882411,"1",
"980000",125000,"3",2882411,"1",
"980000",125000,"4",2882411,"1",
"980000",125000,"5",2882411,"1",
"980070",132450,"1",2882411,"1",
"980070",132450,"2",2882411,"1",
"980070",132450,"3",2882411,"1",
"980070",132450,"4",2882411,"1",
"980070",132450,"5",2882411,"1",
"900000",125000,"1",2882412,"1",
"900000",125000,"2",2882412,"1",
"900000",125000,"3",2882412,"1",
"900000",125000,"4",2882412,"1",
"900000",125000,"5",2882412,"1",
"980000",125000,"1",2882412,"1",
"980000",125000,"2",2882412,"1",
"980000",125000,"3",2882412,"1",
"980000",125000,"4",2882412,"1",
"980000",125000,"5",2882412,"1",
"980070",132450,"1",2882412,"1",
"980070",132450,"2",2882412,"1",
"980070",132450,"3",2882412,"1",
"980070",132450,"4",2882412,"1",
"980070",132450,"5",2882412,"1",
"800940",3071,"1",2882441,"1",
"800940",3555,"2",2882441,"1",
"800940",0,"3",2882441,"1",
"800940",3555,"4",2882441,"1",
"800940",1198,"5",2882441,"1",
"900000",40000,"1",2882441,"1",
"900000",40000,"2",2882441,"1",
"900000",40000,"3",2882441,"1",
"900000",40000,"4",2882441,"1",
"900000",40000,"5",2882441,"1",
"900160",12569,"1",2882441,"1",
"900160",15735,"2",2882441,"1",
"900160",-61079,"3",2882441,"1",
"900160",15738,"4",2882441,"1",
"900160",327,"5",2882441,"1",
"980000",52569,"1",2882441,"1",
"980000",55735,"2",2882441,"1",
"980000",-21079,"3",2882441,"1",
"980000",55738,"4",2882441,"1",
"980000",40327,"5",2882441,"1",
"980070",55419,"1",2882441,"1",
"980070",58585,"2",2882441,"1",
"980070",-18229,"3",2882441,"1",
"980070",58588,"4",2882441,"1",
"980070",43177,"5",2882441,"1",
"800940",3639,"1",2882442,"1",
"800940",3722,"2",2882442,"1",
"800940",6154,"3",2882442,"1",
"800940",1287,"4",2882442,"1",
"800940",1459,"5",2882442,"1",
"900000",40000,"1",2882442,"1",
"900000",40000,"2",2882442,"1",
"900000",40000,"3",2882442,"1",
"900000",40000,"4",2882442,"1",
"900000",40000,"5",2882442,"1",
"900160",16282,"1",2882442,"1",
"900160",16826,"2",2882442,"1",
"900160",32719,"3",2882442,"1",
"900160",909,"4",2882442,"1",
"900160",2036,"5",2882442,"1",
"980000",56282,"1",2882442,"1",
"980000",56826,"2",2882442,"1",
"980000",72719,"3",2882442,"1",
"980000",40909,"4",2882442,"1",
"980000",42036,"5",2882442,"1",
"980070",59132,"1",2882442,"1",
"980070",59676,"2",2882442,"1",
"980070",75569,"3",2882442,"1",
"980070",43759,"4",2882442,"1",
"980070",44886,"5",2882442,"1",
"900000",1700,"1",2882461,"1",
"900000",1700,"2",2882461,"1",
"900000",1700,"3",2882461,"1",
"900000",1700,"4",2882461,"1",
"900000",1700,"5",2882461,"1",
"980000",1700,"1",2882461,"1",
"980000",1700,"2",2882461,"1",
"980000",1700,"3",2882461,"1",
"980000",1700,"4",2882461,"1",
"980000",1700,"5",2882461,"1",
"980070",2123,"1",2882461,"1",
"980070",2123,"2",2882461,"1",
"980070",2123,"3",2882461,"1",
"980070",2123,"4",2882461,"1",
"980070",2123,"5",2882461,"1",
"900000",1700,"1",2882462,"1",
"900000",1700,"2",2882462,"1",
"900000",1700,"3",2882462,"1",
"900000",1700,"4",2882462,"1",
"900000",1700,"5",2882462,"1",
"980000",1700,"1",2882462,"1",
"980000",1700,"2",2882462,"1",
"980000",1700,"3",2882462,"1",
"980000",1700,"4",2882462,"1",
"980000",1700,"5",2882462,"1",
"980070",2123,"1",2882462,"1",
"980070",2123,"2",2882462,"1",
"980070",2123,"3",2882462,"1",
"980070",2123,"4",2882462,"1",
"980070",2123,"5",2882462,"1",
"900000",40000,"1",2882471,"1",
"900000",40000,"2",2882471,"1",
"900000",40000,"3",2882471,"1",
"900000",40000,"4",2882471,"1",
"900000",40000,"5",2882471,"1",
"900170",13200,"1",2882471,"1",
"900170",13200,"2",2882471,"1",
"900170",13200,"3",2882471,"1",
"900170",13200,"4",2882471,"1",
"900170",13200,"5",2882471,"1",
"980000",53200,"1",2882471,"1",
"980000",53200,"2",2882471,"1",
"980000",53200,"3",2882471,"1",
"980000",53200,"4",2882471,"1",
"980000",53200,"5",2882471,"1",
"980070",55200,"1",2882471,"1",
"980070",55200,"2",2882471,"1",
"980070",55200,"3",2882471,"1",
"980070",55200,"4",2882471,"1",
"980070",55200,"5",2882471,"1",
"900000",40000,"1",2882472,"1",
"900000",40000,"2",2882472,"1",
"900000",40000,"3",2882472,"1",
"900000",40000,"4",2882472,"1",
"900000",40000,"5",2882472,"1",
"900170",13200,"1",2882472,"1",
"900170",13200,"2",2882472,"1",
"900170",13200,"3",2882472,"1",
"900170",13200,"4",2882472,"1",
"900170",13200,"5",2882472,"1",
"980000",53200,"1",2882472,"1",
"980000",53200,"2",2882472,"1",
"980000",53200,"3",2882472,"1",
"980000",53200,"4",2882472,"1",
"980000",53200,"5",2882472,"1",
"980070",55200,"1",2882472,"1",
"980070",55200,"2",2882472,"1",
"980070",55200,"3",2882472,"1",
"980070",55200,"4",2882472,"1",
"980070",55200,"5",2882472,"1",
"900030",8472,"1",2882491,"1",
"900030",22920,"2",2882491,"1",
"900030",32700,"3",2882491,"1",
"900030",24012,"4",2882491,"1",
"900030",26520,"5",2882491,"1",
"900170",7186,"1",2882491,"1",
"900170",29176,"2",2882491,"1",
"900170",61294,"3",2882491,"1",
"900170",3686,"4",2882491,"1",
"900170",9479,"5",2882491,"1",
"980000",15658,"1",2882491,"1",
"980000",52096,"2",2882491,"1",
"980000",93994,"3",2882491,"1",
"980000",27698,"4",2882491,"1",
"980000",35999,"5",2882491,"1",
"980070",15658,"1",2882491,"1",
"980070",52096,"2",2882491,"1",
"980070",93994,"3",2882491,"1",
"980070",27698,"4",2882491,"1",
"980070",35999,"5",2882491,"1",
"900030",23040,"1",2882492,"1",
"900030",24024,"2",2882492,"1",
"900030",18768,"3",2882492,"1",
"900030",24768,"4",2882492,"1",
"900030",22476,"5",2882492,"1",
"980000",23040,"1",2882492,"1",
"980000",24024,"2",2882492,"1",
"980000",18768,"3",2882492,"1",
"980000",24768,"4",2882492,"1",
"980000",22476,"5",2882492,"1",
"980070",23040,"1",2882492,"1",
"980070",24024,"2",2882492,"1",
"980070",18768,"3",2882492,"1",
"980070",24768,"4",2882492,"1",
"980070",22476,"5",2882492,"1",
"900000",2700,"1",2882501,"1",
"900000",2700,"2",2882501,"1",
"900000",2700,"3",2882501,"1",
"900000",2700,"4",2882501,"1",
"900000",2700,"5",2882501,"1",
"900030",29722,"1",2882501,"1",
"900030",29722,"2",2882501,"1",
"900030",29722,"3",2882501,"1",
"900030",29722,"4",2882501,"1",
"900030",29722,"5",2882501,"1",
"900170",28821,"1",2882501,"1",
"900170",28821,"2",2882501,"1",
"900170",28821,"3",2882501,"1",
"900170",28821,"4",2882501,"1",
"900170",28821,"5",2882501,"1",
"900180",1373,"1",2882501,"1",
"900180",1373,"2",2882501,"1",
"900180",1373,"3",2882501,"1",
"900180",1373,"4",2882501,"1",
"900180",1373,"5",2882501,"1",
"950002",137,"1",2882501,"1",
"950002",137,"2",2882501,"1",
"950002",137,"3",2882501,"1",
"950002",137,"4",2882501,"1",
"950002",137,"5",2882501,"1",
"980000",62616,"1",2882501,"1",
"980000",62616,"2",2882501,"1",
"980000",62616,"3",2882501,"1",
"980000",62616,"4",2882501,"1",
"980000",62616,"5",2882501,"1",
"980070",67203,"1",2882501,"1",
"980070",67203,"2",2882501,"1",
"980070",67203,"3",2882501,"1",
"980070",67203,"4",2882501,"1",
"980070",67203,"5",2882501,"1",
"900000",2700,"1",2882502,"1",
"900000",2700,"2",2882502,"1",
"900000",2700,"3",2882502,"1",
"900000",2700,"4",2882502,"1",
"900000",2700,"5",2882502,"1",
"900030",29722,"1",2882502,"1",
"900030",29722,"2",2882502,"1",
"900030",29722,"3",2882502,"1",
"900030",29722,"4",2882502,"1",
"900030",29722,"5",2882502,"1",
"900170",28821,"1",2882502,"1",
"900170",28821,"2",2882502,"1",
"900170",28821,"3",2882502,"1",
"900170",28821,"4",2882502,"1",
"900170",28821,"5",2882502,"1",
"900180",1373,"1",2882502,"1",
"900180",1373,"2",2882502,"1",
"900180",1373,"3",2882502,"1",
"900180",1373,"4",2882502,"1",
"900180",1373,"5",2882502,"1",
"950002",137,"1",2882502,"1",
"950002",137,"2",2882502,"1",
"950002",137,"3",2882502,"1",
"950002",137,"4",2882502,"1",
"950002",137,"5",2882502,"1",
"980000",62616,"1",2882502,"1",
"980000",62616,"2",2882502,"1",
"980000",62616,"3",2882502,"1",
"980000",62616,"4",2882502,"1",
"980000",62616,"5",2882502,"1",
"980070",67203,"1",2882502,"1",
"980070",67203,"2",2882502,"1",
"980070",67203,"3",2882502,"1",
"980070",67203,"4",2882502,"1",
"980070",67203,"5",2882502,"1",
"900000",30018,"1",2882511,"1",
"900000",30018,"2",2882511,"1",
"900000",30018,"3",2882511,"1",
"900000",30018,"4",2882511,"1",
"900000",30018,"5",2882511,"1",
"900180",700,"1",2882511,"1",
"900180",700,"2",2882511,"1",
"900180",700,"3",2882511,"1",
"900180",700,"4",2882511,"1",
"900180",700,"5",2882511,"1",
"980000",30718,"1",2882511,"1",
"980000",30718,"2",2882511,"1",
"980000",30718,"3",2882511,"1",
"980000",30718,"4",2882511,"1",
"980000",30718,"5",2882511,"1",
"980070",33580,"1",2882511,"1",
"980070",33580,"2",2882511,"1",
"980070",33580,"3",2882511,"1",
"980070",33580,"4",2882511,"1",
"980070",33580,"5",2882511,"1",
"900000",30018,"1",2882512,"1",
"900000",30018,"2",2882512,"1",
"900000",30018,"3",2882512,"1",
"900000",30018,"4",2882512,"1",
"900000",30018,"5",2882512,"1",
"900180",700,"1",2882512,"1",
"900180",700,"2",2882512,"1",
"900180",700,"3",2882512,"1",
"900180",700,"4",2882512,"1",
"900180",700,"5",2882512,"1",
"980000",30718,"1",2882512,"1",
"980000",30718,"2",2882512,"1",
"980000",30718,"3",2882512,"1",
"980000",30718,"4",2882512,"1",
"980000",30718,"5",2882512,"1",
"980070",33580,"1",2882512,"1",
"980070",33580,"2",2882512,"1",
"980070",33580,"3",2882512,"1",
"980070",33580,"4",2882512,"1",
"980070",33580,"5",2882512,"1",
"900000",36000,"1",2882551,"1",
"900000",36000,"2",2882551,"1",
"900000",36000,"3",2882551,"1",
"900000",36000,"4",2882551,"1",
"900000",36000,"5",2882551,"1",
"900160",35157,"1",2882551,"1",
"900160",38828,"2",2882551,"1",
"900160",38673,"3",2882551,"1",
"900160",32357,"4",2882551,"1",
"900160",33462,"5",2882551,"1",
"900170",18000,"1",2882551,"1",
"900170",18000,"2",2882551,"1",
"900170",18000,"3",2882551,"1",
"900170",18000,"4",2882551,"1",
"900170",18000,"5",2882551,"1",
"980000",89157,"1",2882551,"1",
"980000",92828,"2",2882551,"1",
"980000",92673,"3",2882551,"1",
"980000",86357,"4",2882551,"1",
"980000",87462,"5",2882551,"1",
"980070",90657,"1",2882551,"1",
"980070",94328,"2",2882551,"1",
"980070",94173,"3",2882551,"1",
"980070",87857,"4",2882551,"1",
"980070",88962,"5",2882551,"1",
"900000",36000,"1",2882552,"1",
"900000",36000,"2",2882552,"1",
"900000",36000,"3",2882552,"1",
"900000",36000,"4",2882552,"1",
"900000",36000,"5",2882552,"1",
"900160",36579,"1",2882552,"1",
"900160",33703,"2",2882552,"1",
"900160",33309,"3",2882552,"1",
"900160",39861,"4",2882552,"1",
"900160",30863,"5",2882552,"1",
"900170",18000,"1",2882552,"1",
"900170",18000,"2",2882552,"1",
"900170",18000,"3",2882552,"1",
"900170",18000,"4",2882552,"1",
"900170",18000,"5",2882552,"1",
"980000",90579,"1",2882552,"1",
"980000",87703,"2",2882552,"1",
"980000",87309,"3",2882552,"1",
"980000",93861,"4",2882552,"1",
"980000",84863,"5",2882552,"1",
"980070",92079,"1",2882552,"1",
"980070",89203,"2",2882552,"1",
"980070",88809,"3",2882552,"1",
"980070",95361,"4",2882552,"1",
"980070",86363,"5",2882552,"1",
"900030",33478,"1",2882581,"1",
"900030",30538,"2",2882581,"1",
"900030",36490,"3",2882581,"1",
"900030",45166,"4",2882581,"1",
"900030",16810,"5",2882581,"1",
"980000",33478,"1",2882581,"1",
"980000",30538,"2",2882581,"1",
"980000",36490,"3",2882581,"1",
"980000",45166,"4",2882581,"1",
"980000",16810,"5",2882581,"1",
"980070",33478,"1",2882581,"1",
"980070",30538,"2",2882581,"1",
"980070",36490,"3",2882581,"1",
"980070",45166,"4",2882581,"1",
"980070",16810,"5",2882581,"1",
"900000",47000,"1",2882631,"1",
"900000",47000,"2",2882631,"1",
"900000",47000,"3",2882631,"1",
"900000",47000,"4",2882631,"1",
"900000",47000,"5",2882631,"1",
"980000",47000,"1",2882631,"1",
"980000",47000,"2",2882631,"1",
"980000",47000,"3",2882631,"1",
"980000",47000,"4",2882631,"1",
"980000",47000,"5",2882631,"1",
"980070",47000,"1",2882631,"1",
"980070",47000,"2",2882631,"1",
"980070",47000,"3",2882631,"1",
"980070",47000,"4",2882631,"1",
"980070",47000,"5",2882631,"1",
"900000",47000,"1",2882632,"1",
"900000",47000,"2",2882632,"1",
"900000",47000,"3",2882632,"1",
"900000",47000,"4",2882632,"1",
"900000",47000,"5",2882632,"1",
"980000",47000,"1",2882632,"1",
"980000",47000,"2",2882632,"1",
"980000",47000,"3",2882632,"1",
"980000",47000,"4",2882632,"1",
"980000",47000,"5",2882632,"1",
"980070",47000,"1",2882632,"1",
"980070",47000,"2",2882632,"1",
"980070",47000,"3",2882632,"1",
"980070",47000,"4",2882632,"1",
"980070",47000,"5",2882632,"1",
"900000",56904,"1",2882641,"1",
"900000",38000,"2",2882641,"1",
"900000",56513,"3",2882641,"1",
"900000",63061,"4",2882641,"1",
"900000",62005,"5",2882641,"1",
"980000",56904,"1",2882641,"1",
"980000",38000,"2",2882641,"1",
"980000",56513,"3",2882641,"1",
"980000",63061,"4",2882641,"1",
"980000",62005,"5",2882641,"1",
"980070",56904,"1",2882641,"1",
"980070",38000,"2",2882641,"1",
"980070",56513,"3",2882641,"1",
"980070",63061,"4",2882641,"1",
"980070",62005,"5",2882641,"1",
"900000",98174,"1",2882642,"1",
"900000",124337,"2",2882642,"1",
"900000",109087,"3",2882642,"1",
"900000",43953,"4",2882642,"1",
"900000",76107,"5",2882642,"1",
"980000",98174,"1",2882642,"1",
"980000",124337,"2",2882642,"1",
"980000",109087,"3",2882642,"1",
"980000",43953,"4",2882642,"1",
"980000",76107,"5",2882642,"1",
"980070",98174,"1",2882642,"1",
"980070",124337,"2",2882642,"1",
"980070",109087,"3",2882642,"1",
"980070",43953,"4",2882642,"1",
"980070",76107,"5",2882642,"1",
"900000",30536,"1",2882651,"1",
"900000",22363,"2",2882651,"1",
"900000",17357,"3",2882651,"1",
"900000",17000,"4",2882651,"1",
"900000",25325,"5",2882651,"1",
"900160",2510,"1",2882651,"1",
"900160",2627,"2",2882651,"1",
"900160",8344,"3",2882651,"1",
"900160",10527,"4",2882651,"1",
"900160",80153,"5",2882651,"1",
"980000",33046,"1",2882651,"1",
"980000",24990,"2",2882651,"1",
"980000",25701,"3",2882651,"1",
"980000",27527,"4",2882651,"1",
"980000",105478,"5",2882651,"1",
"980070",33046,"1",2882651,"1",
"980070",24990,"2",2882651,"1",
"980070",25701,"3",2882651,"1",
"980070",27527,"4",2882651,"1",
"980070",105478,"5",2882651,"1",
"900000",19800,"1",2882661,"1",
"900000",19800,"2",2882661,"1",
"900000",19800,"3",2882661,"1",
"900000",19800,"4",2882661,"1",
"900000",19800,"5",2882661,"1",
"900150",1200,"1",2882661,"1",
"900150",1200,"2",2882661,"1",
"900150",1200,"3",2882661,"1",
"900150",1200,"4",2882661,"1",
"900150",1200,"5",2882661,"1",
"980000",21000,"1",2882661,"1",
"980000",21000,"2",2882661,"1",
"980000",21000,"3",2882661,"1",
"980000",21000,"4",2882661,"1",
"980000",21000,"5",2882661,"1",
"980070",21000,"1",2882661,"1",
"980070",21000,"2",2882661,"1",
"980070",21000,"3",2882661,"1",
"980070",21000,"4",2882661,"1",
"980070",21000,"5",2882661,"1",
"900000",19800,"1",2882662,"1",
"900000",19800,"2",2882662,"1",
"900000",19800,"3",2882662,"1",
"900000",19800,"4",2882662,"1",
"900000",19800,"5",2882662,"1",
"900150",1200,"1",2882662,"1",
"900150",1200,"2",2882662,"1",
"900150",1200,"3",2882662,"1",
"900150",1200,"4",2882662,"1",
"900150",1200,"5",2882662,"1",
"980000",21000,"1",2882662,"1",
"980000",21000,"2",2882662,"1",
"980000",21000,"3",2882662,"1",
"980000",21000,"4",2882662,"1",
"980000",21000,"5",2882662,"1",
"980070",21000,"1",2882662,"1",
"980070",21000,"2",2882662,"1",
"980070",21000,"3",2882662,"1",
"980070",21000,"4",2882662,"1",
"980070",21000,"5",2882662,"1",
"900000",70000,"1",2882671,"1",
"900000",70000,"2",2882671,"1",
"900000",70000,"3",2882671,"1",
"900000",70000,"4",2882671,"1",
"900000",70000,"5",2882671,"1",
"900030",12059,"1",2882671,"1",
"900030",12059,"2",2882671,"1",
"900030",12059,"3",2882671,"1",
"900030",12059,"4",2882671,"1",
"900030",12059,"5",2882671,"1",
"900180",30,"1",2882671,"1",
"900180",30,"2",2882671,"1",
"900180",30,"3",2882671,"1",
"900180",30,"4",2882671,"1",
"900180",30,"5",2882671,"1",
"980000",82089,"1",2882671,"1",
"980000",82089,"2",2882671,"1",
"980000",82089,"3",2882671,"1",
"980000",82089,"4",2882671,"1",
"980000",82089,"5",2882671,"1",
"980070",88989,"1",2882671,"1",
"980070",88989,"2",2882671,"1",
"980070",88989,"3",2882671,"1",
"980070",88989,"4",2882671,"1",
"980070",88989,"5",2882671,"1",
"900000",70000,"1",2882672,"1",
"900000",70000,"2",2882672,"1",
"900000",70000,"3",2882672,"1",
"900000",70000,"4",2882672,"1",
"900000",70000,"5",2882672,"1",
"900030",12059,"1",2882672,"1",
"900030",12059,"2",2882672,"1",
"900030",12059,"3",2882672,"1",
"900030",12059,"4",2882672,"1",
"900030",12059,"5",2882672,"1",
"900180",30,"1",2882672,"1",
"900180",30,"2",2882672,"1",
"900180",30,"3",2882672,"1",
"900180",30,"4",2882672,"1",
"900180",30,"5",2882672,"1",
"980000",82089,"1",2882672,"1",
"980000",82089,"2",2882672,"1",
"980000",82089,"3",2882672,"1",
"980000",82089,"4",2882672,"1",
"980000",82089,"5",2882672,"1",
"980070",88989,"1",2882672,"1",
"980070",88989,"2",2882672,"1",
"980070",88989,"3",2882672,"1",
"980070",88989,"4",2882672,"1",
"980070",88989,"5",2882672,"1",
"800940",4674,"1",2882681,"1",
"800940",9218,"2",2882681,"1",
"800940",5812,"3",2882681,"1",
"800940",6358,"4",2882681,"1",
"800940",6439,"5",2882681,"1",
"900000",60000,"1",2882681,"1",
"900000",60000,"2",2882681,"1",
"900000",60000,"3",2882681,"1",
"900000",60000,"4",2882681,"1",
"900000",60000,"5",2882681,"1",
"900160",547,"1",2882681,"1",
"900160",30251,"2",2882681,"1",
"900160",7984,"3",2882681,"1",
"900160",11556,"4",2882681,"1",
"900160",12083,"5",2882681,"1",
"980000",60547,"1",2882681,"1",
"980000",90251,"2",2882681,"1",
"980000",67984,"3",2882681,"1",
"980000",71556,"4",2882681,"1",
"980000",72083,"5",2882681,"1",
"980070",60547,"1",2882681,"1",
"980070",90251,"2",2882681,"1",
"980070",67984,"3",2882681,"1",
"980070",71556,"4",2882681,"1",
"980070",72083,"5",2882681,"1",
"800940",10967,"1",2882682,"1","T"
"800940",10967,"2",2882682,"1","T"
"800940",10967,"3",2882682,"1","T"
"800940",10967,"4",2882682,"1","T"
"800940",10967,"5",2882682,"1","T"
"900000",60000,"1",2882682,"1",
"900000",60000,"2",2882682,"1",
"900000",60000,"3",2882682,"1",
"900000",60000,"4",2882682,"1",
"900000",60000,"5",2882682,"1",
"900160",16514,"1",2882682,"1",
"900160",30697,"2",2882682,"1",
"900160",5267,"3",2882682,"1",
"900160",27020,"4",2882682,"1",
"900160",87767,"5",2882682,"1",
"980000",76514,"1",2882682,"1",
"980000",90697,"2",2882682,"1",
"980000",65267,"3",2882682,"1",
"980000",87020,"4",2882682,"1",
"980000",147767,"5",2882682,"1",
"980070",76514,"1",2882682,"1",
"980070",90697,"2",2882682,"1",
"980070",65267,"3",2882682,"1",
"980070",87020,"4",2882682,"1",
"980070",147767,"5",2882682,"1",
"900000",230000,"1",2882711,"1",
"900000",230000,"2",2882711,"1",
"900000",230000,"3",2882711,"1",
"900000",230000,"4",2882711,"1",
"900000",230000,"5",2882711,"1",
"900180",50,"1",2882711,"1",
"900180",50,"2",2882711,"1",
"900180",50,"3",2882711,"1",
"900180",50,"4",2882711,"1",
"900180",50,"5",2882711,"1",
"980000",230050,"1",2882711,"1",
"980000",230050,"2",2882711,"1",
"980000",230050,"3",2882711,"1",
"980000",230050,"4",2882711,"1",
"980000",230050,"5",2882711,"1",
"980070",232550,"1",2882711,"1",
"980070",232550,"2",2882711,"1",
"980070",232550,"3",2882711,"1",
"980070",232550,"4",2882711,"1",
"980070",232550,"5",2882711,"1",
"900000",230000,"1",2882712,"1",
"900000",230000,"2",2882712,"1",
"900000",230000,"3",2882712,"1",
"900000",230000,"4",2882712,"1",
"900000",230000,"5",2882712,"1",
"900180",50,"1",2882712,"1",
"900180",50,"2",2882712,"1",
"900180",50,"3",2882712,"1",
"900180",50,"4",2882712,"1",
"900180",50,"5",2882712,"1",
"980000",230050,"1",2882712,"1",
"980000",230050,"2",2882712,"1",
"980000",230050,"3",2882712,"1",
"980000",230050,"4",2882712,"1",
"980000",230050,"5",2882712,"1",
"980070",232550,"1",2882712,"1",
"980070",232550,"2",2882712,"1",
"980070",232550,"3",2882712,"1",
"980070",232550,"4",2882712,"1",
"980070",232550,"5",2882712,"1",
"900000",14634,"1",2882731,"1",
"900000",10489,"2",2882731,"1",
"900000",14205,"3",2882731,"1",
"900000",10933,"4",2882731,"1",
"900000",10378,"5",2882731,"1",
"900030",14459,"1",2882731,"1",
"900030",14459,"2",2882731,"1",
"900030",14459,"3",2882731,"1",
"900030",14459,"4",2882731,"1",
"900030",14459,"5",2882731,"1",
"980000",29093,"1",2882731,"1",
"980000",24948,"2",2882731,"1",
"980000",28664,"3",2882731,"1",
"980000",25392,"4",2882731,"1",
"980000",24837,"5",2882731,"1",
"980070",29093,"1",2882731,"1",
"980070",24948,"2",2882731,"1",
"980070",28664,"3",2882731,"1",
"980070",25392,"4",2882731,"1",
"980070",24837,"5",2882731,"1",
"900000",12069,"1",2882732,"1",
"900000",13190,"2",2882732,"1",
"900000",12633,"3",2882732,"1",
"900000",10004,"4",2882732,"1",
"900000",10701,"5",2882732,"1",
"900030",14459,"1",2882732,"1",
"900030",14459,"2",2882732,"1",
"900030",14459,"3",2882732,"1",
"900030",14459,"4",2882732,"1",
"900030",14459,"5",2882732,"1",
"980000",26528,"1",2882732,"1",
"980000",27649,"2",2882732,"1",
"980000",27092,"3",2882732,"1",
"980000",24463,"4",2882732,"1",
"980000",25160,"5",2882732,"1",
"980070",26528,"1",2882732,"1",
"980070",27649,"2",2882732,"1",
"980070",27092,"3",2882732,"1",
"980070",24463,"4",2882732,"1",
"980070",25160,"5",2882732,"1",
"900000",35000,"1",2882741,"1",
"900000",35000,"2",2882741,"1",
"900000",35000,"3",2882741,"1",
"900000",35000,"4",2882741,"1",
"900000",35000,"5",2882741,"1",
"980000",35000,"1",2882741,"1",
"980000",35000,"2",2882741,"1",
"980000",35000,"3",2882741,"1",
"980000",35000,"4",2882741,"1",
"980000",35000,"5",2882741,"1",
"980070",35000,"1",2882741,"1",
"980070",35000,"2",2882741,"1",
"980070",35000,"3",2882741,"1",
"980070",35000,"4",2882741,"1",
"980070",35000,"5",2882741,"1",
"900000",35000,"1",2882742,"1",
"900000",35000,"2",2882742,"1",
"900000",35000,"3",2882742,"1",
"900000",35000,"4",2882742,"1",
"900000",35000,"5",2882742,"1",
"980000",35000,"1",2882742,"1",
"980000",35000,"2",2882742,"1",
"980000",35000,"3",2882742,"1",
"980000",35000,"4",2882742,"1",
"980000",35000,"5",2882742,"1",
"980070",35000,"1",2882742,"1",
"980070",35000,"2",2882742,"1",
"980070",35000,"3",2882742,"1",
"980070",35000,"4",2882742,"1",
"980070",35000,"5",2882742,"1",
"900000",53263,"1",2882751,"1",
"900000",54693,"2",2882751,"1",
"900000",51807,"3",2882751,"1",
"900000",53518,"4",2882751,"1",
"900000",59933,"5",2882751,"1",
"900190",10000,"1",2882751,"1",
"900190",10000,"2",2882751,"1",
"900190",10000,"3",2882751,"1",
"900190",10000,"4",2882751,"1",
"900190",10000,"5",2882751,"1",
"900200",23000,"1",2882751,"1",
"900200",23000,"2",2882751,"1",
"900200",23000,"3",2882751,"1",
"900200",23000,"4",2882751,"1",
"900200",23000,"5",2882751,"1",
"900210",6000,"1",2882751,"1",
"900210",6000,"2",2882751,"1",
"900210",6000,"3",2882751,"1",
"900210",6000,"4",2882751,"1",
"900210",6000,"5",2882751,"1",
"980000",92263,"1",2882751,"1",
"980000",93693,"2",2882751,"1",
"980000",90807,"3",2882751,"1",
"980000",92518,"4",2882751,"1",
"980000",98933,"5",2882751,"1",
"980070",92211,"1",2882751,"1",
"980070",93641,"2",2882751,"1",
"980070",90755,"3",2882751,"1",
"980070",92466,"4",2882751,"1",
"980070",98881,"5",2882751,"1",
"900000",57913,"1",2882752,"1",
"900000",53871,"2",2882752,"1",
"900000",53564,"3",2882752,"1",
"900000",58910,"4",2882752,"1",
"900000",53358,"5",2882752,"1",
"900190",10000,"1",2882752,"1",
"900190",10000,"2",2882752,"1",
"900190",10000,"3",2882752,"1",
"900190",10000,"4",2882752,"1",
"900190",10000,"5",2882752,"1",
"900200",23000,"1",2882752,"1",
"900200",23000,"2",2882752,"1",
"900200",23000,"3",2882752,"1",
"900200",23000,"4",2882752,"1",
"900200",23000,"5",2882752,"1",
"900210",6000,"1",2882752,"1",
"900210",6000,"2",2882752,"1",
"900210",6000,"3",2882752,"1",
"900210",6000,"4",2882752,"1",
"900210",6000,"5",2882752,"1",
"980000",96913,"1",2882752,"1",
"980000",92871,"2",2882752,"1",
"980000",92564,"3",2882752,"1",
"980000",97910,"4",2882752,"1",
"980000",92358,"5",2882752,"1",
"980070",96861,"1",2882752,"1",
"980070",92819,"2",2882752,"1",
"980070",92512,"3",2882752,"1",
"980070",97858,"4",2882752,"1",
"980070",92306,"5",2882752,"1",
"900000",40517,"1",2882762,"1",
"900000",40423,"2",2882762,"1",
"900000",43336,"3",2882762,"1",
"900000",47559,"4",2882762,"1",
"900000",48402,"5",2882762,"1",
"980000",40517,"1",2882762,"1",
"980000",40423,"2",2882762,"1",
"980000",43336,"3",2882762,"1",
"980000",47559,"4",2882762,"1",
"980000",48402,"5",2882762,"1",
"980070",40517,"1",2882762,"1",
"980070",40423,"2",2882762,"1",
"980070",43336,"3",2882762,"1",
"980070",47559,"4",2882762,"1",
"980070",48402,"5",2882762,"1",
"900030",30838,"1",2882771,"1",
"900030",30838,"2",2882771,"1",
"900030",30838,"3",2882771,"1",
"900030",30838,"4",2882771,"1",
"900030",30838,"5",2882771,"1",
"900170",1200,"1",2882771,"1",
"900170",1200,"2",2882771,"1",
"900170",1200,"3",2882771,"1",
"900170",1200,"4",2882771,"1",
"900170",1200,"5",2882771,"1",
"980000",32038,"1",2882771,"1",
"980000",32038,"2",2882771,"1",
"980000",32038,"3",2882771,"1",
"980000",32038,"4",2882771,"1",
"980000",32038,"5",2882771,"1",
"980070",31238,"1",2882771,"1",
"980070",31238,"2",2882771,"1",
"980070",31238,"3",2882771,"1",
"980070",31238,"4",2882771,"1",
"980070",31238,"5",2882771,"1",
"900030",30838,"1",2882772,"1",
"900030",30838,"2",2882772,"1",
"900030",30838,"3",2882772,"1",
"900030",30838,"4",2882772,"1",
"900030",30838,"5",2882772,"1",
"900170",1200,"1",2882772,"1",
"900170",1200,"2",2882772,"1",
"900170",1200,"3",2882772,"1",
"900170",1200,"4",2882772,"1",
"900170",1200,"5",2882772,"1",
"980000",32038,"1",2882772,"1",
"980000",32038,"2",2882772,"1",
"980000",32038,"3",2882772,"1",
"980000",32038,"4",2882772,"1",
"980000",32038,"5",2882772,"1",
"980070",31238,"1",2882772,"1",
"980070",31238,"2",2882772,"1",
"980070",31238,"3",2882772,"1",
"980070",31238,"4",2882772,"1",
"980070",31238,"5",2882772,"1",
"900000",107000,"1",2882801,"1",
"900000",107000,"2",2882801,"1",
"900000",107000,"3",2882801,"1",
"900000",107000,"4",2882801,"1",
"900000",107000,"5",2882801,"1",
"900180",1049,"1",2882801,"1",
"900180",1899,"2",2882801,"1",
"900180",1173,"3",2882801,"1",
"900180",1374,"4",2882801,"1",
"900180",1027,"5",2882801,"1",
"950002",7271,"1",2882801,"1",
"950002",7271,"2",2882801,"1",
"950002",7271,"3",2882801,"1",
"950002",7271,"4",2882801,"1",
"950002",7271,"5",2882801,"1",
"950012",3032,"1",2882801,"1",
"950012",3032,"2",2882801,"1",
"950012",3032,"3",2882801,"1",
"950012",3032,"4",2882801,"1",
"950012",3032,"5",2882801,"1",
"980000",108049,"1",2882801,"1",
"980000",108899,"2",2882801,"1",
"980000",108173,"3",2882801,"1",
"980000",108374,"4",2882801,"1",
"980000",108027,"5",2882801,"1",
"980070",101481,"1",2882801,"1",
"980070",102331,"2",2882801,"1",
"980070",101605,"3",2882801,"1",
"980070",101806,"4",2882801,"1",
"980070",101459,"5",2882801,"1",
"900000",107000,"1",2882802,"1",
"900000",107000,"2",2882802,"1",
"900000",107000,"3",2882802,"1",
"900000",107000,"4",2882802,"1",
"900000",107000,"5",2882802,"1",
"900180",1368,"1",2882802,"1",
"900180",1245,"2",2882802,"1",
"900180",1019,"3",2882802,"1",
"900180",1151,"4",2882802,"1",
"900180",1029,"5",2882802,"1",
"950002",7271,"1",2882802,"1",
"950002",7271,"2",2882802,"1",
"950002",7271,"3",2882802,"1",
"950002",7271,"4",2882802,"1",
"950002",7271,"5",2882802,"1",
"950012",3032,"1",2882802,"1",
"950012",3032,"2",2882802,"1",
"950012",3032,"3",2882802,"1",
"950012",3032,"4",2882802,"1",
"950012",3032,"5",2882802,"1",
"980000",108368,"1",2882802,"1",
"980000",108245,"2",2882802,"1",
"980000",108019,"3",2882802,"1",
"980000",108151,"4",2882802,"1",
"980000",108029,"5",2882802,"1",
"980070",101800,"1",2882802,"1",
"980070",101677,"2",2882802,"1",
"980070",101451,"3",2882802,"1",
"980070",101583,"4",2882802,"1",
"980070",101461,"5",2882802,"1",
"900000",180000,"1",2882811,"1",
"900000",180000,"2",2882811,"1",
"900000",180000,"3",2882811,"1",
"900000",180000,"4",2882811,"1",
"900000",180000,"5",2882811,"1",
"980000",180000,"1",2882811,"1",
"980000",180000,"2",2882811,"1",
"980000",180000,"3",2882811,"1",
"980000",180000,"4",2882811,"1",
"980000",180000,"5",2882811,"1",
"980070",185300,"1",2882811,"1",
"980070",185300,"2",2882811,"1",
"980070",185300,"3",2882811,"1",
"980070",185300,"4",2882811,"1",
"980070",185300,"5",2882811,"1",
"900000",180000,"1",2882812,"1",
"900000",180000,"2",2882812,"1",
"900000",180000,"3",2882812,"1",
"900000",180000,"4",2882812,"1",
"900000",180000,"5",2882812,"1",
"980000",180000,"1",2882812,"1",
"980000",180000,"2",2882812,"1",
"980000",180000,"3",2882812,"1",
"980000",180000,"4",2882812,"1",
"980000",180000,"5",2882812,"1",
"980070",185300,"1",2882812,"1",
"980070",185300,"2",2882812,"1",
"980070",185300,"3",2882812,"1",
"980070",185300,"4",2882812,"1",
"980070",185300,"5",2882812,"1",
"900000",40000,"1",2882841,"1",
"900000",40000,"2",2882841,"1",
"900000",40000,"3",2882841,"1",
"900000",40000,"4",2882841,"1",
"900000",40000,"5",2882841,"1",
"900210",900,"1",2882841,"1",
"900210",900,"2",2882841,"1",
"900210",900,"3",2882841,"1",
"900210",900,"4",2882841,"1",
"900210",900,"5",2882841,"1",
"980000",40900,"1",2882841,"1",
"980000",40900,"2",2882841,"1",
"980000",40900,"3",2882841,"1",
"980000",40900,"4",2882841,"1",
"980000",40900,"5",2882841,"1",
"980070",42320,"1",2882841,"1",
"980070",42320,"2",2882841,"1",
"980070",42320,"3",2882841,"1",
"980070",42320,"4",2882841,"1",
"980070",42320,"5",2882841,"1",
"900000",40000,"1",2882842,"1",
"900000",40000,"2",2882842,"1",
"900000",40000,"3",2882842,"1",
"900000",40000,"4",2882842,"1",
"900000",40000,"5",2882842,"1",
"900210",900,"1",2882842,"1",
"900210",900,"2",2882842,"1",
"900210",900,"3",2882842,"1",
"900210",900,"4",2882842,"1",
"900210",900,"5",2882842,"1",
"980000",40900,"1",2882842,"1",
"980000",40900,"2",2882842,"1",
"980000",40900,"3",2882842,"1",
"980000",40900,"4",2882842,"1",
"980000",40900,"5",2882842,"1",
"980070",42320,"1",2882842,"1",
"980070",42320,"2",2882842,"1",
"980070",42320,"3",2882842,"1",
"980070",42320,"4",2882842,"1",
"980070",42320,"5",2882842,"1",
"900000",13000,"1",2882851,"1",
"900000",13000,"2",2882851,"1",
"900000",13000,"3",2882851,"1",
"900000",13000,"4",2882851,"1",
"900000",13000,"5",2882851,"1",
"900030",1646,"1",2882851,"1",
"900030",1956,"2",2882851,"1",
"900030",2194,"3",2882851,"1",
"900030",2050,"4",2882851,"1",
"900030",2168,"5",2882851,"1",
"950002",813,"1",2882851,"1",
"950002",813,"2",2882851,"1",
"950002",813,"3",2882851,"1",
"950002",813,"4",2882851,"1",
"950002",813,"5",2882851,"1",
"950012",569,"1",2882851,"1",
"950012",569,"2",2882851,"1",
"950012",569,"3",2882851,"1",
"950012",569,"4",2882851,"1",
"950012",569,"5",2882851,"1",
"980000",14646,"1",2882851,"1",
"980000",14956,"2",2882851,"1",
"980000",15194,"3",2882851,"1",
"980000",15050,"4",2882851,"1",
"980000",15168,"5",2882851,"1",
"980070",13532,"1",2882851,"1",
"980070",13842,"2",2882851,"1",
"980070",14080,"3",2882851,"1",
"980070",13936,"4",2882851,"1",
"980070",14054,"5",2882851,"1",
"900000",13000,"1",2882852,"1",
"900000",13000,"2",2882852,"1",
"900000",13000,"3",2882852,"1",
"900000",13000,"4",2882852,"1",
"900000",13000,"5",2882852,"1",
"900030",2074,"1",2882852,"1",
"900030",1890,"2",2882852,"1",
"900030",2166,"3",2882852,"1",
"900030",1936,"4",2882852,"1",
"900030",2136,"5",2882852,"1",
"950002",813,"1",2882852,"1",
"950002",813,"2",2882852,"1",
"950002",813,"3",2882852,"1",
"950002",813,"4",2882852,"1",
"950002",813,"5",2882852,"1",
"950012",569,"1",2882852,"1",
"950012",569,"2",2882852,"1",
"950012",569,"3",2882852,"1",
"950012",569,"4",2882852,"1",
"950012",569,"5",2882852,"1",
"980000",15074,"1",2882852,"1",
"980000",14890,"2",2882852,"1",
"980000",15166,"3",2882852,"1",
"980000",14936,"4",2882852,"1",
"980000",15136,"5",2882852,"1",
"980070",13960,"1",2882852,"1",
"980070",13776,"2",2882852,"1",
"980070",14052,"3",2882852,"1",
"980070",13822,"4",2882852,"1",
"980070",14022,"5",2882852,"1",
"900030",25487,"1",2882881,"1",
"900030",25487,"2",2882881,"1",
"900030",25487,"3",2882881,"1",
"900030",25487,"4",2882881,"1",
"900030",25487,"5",2882881,"1",
"980000",25487,"1",2882881,"1",
"980000",25487,"2",2882881,"1",
"980000",25487,"3",2882881,"1",
"980000",25487,"4",2882881,"1",
"980000",25487,"5",2882881,"1",
"980070",25487,"1",2882881,"1",
"980070",25487,"2",2882881,"1",
"980070",25487,"3",2882881,"1",
"980070",25487,"4",2882881,"1",
"980070",25487,"5",2882881,"1",
"900030",25487,"1",2882882,"1",
"900030",25487,"2",2882882,"1",
"900030",25487,"3",2882882,"1",
"900030",25487,"4",2882882,"1",
"900030",25487,"5",2882882,"1",
"980000",25487,"1",2882882,"1",
"980000",25487,"2",2882882,"1",
"980000",25487,"3",2882882,"1",
"980000",25487,"4",2882882,"1",
"980000",25487,"5",2882882,"1",
"980070",25487,"1",2882882,"1",
"980070",25487,"2",2882882,"1",
"980070",25487,"3",2882882,"1",
"980070",25487,"4",2882882,"1",
"980070",25487,"5",2882882,"1",
"900000",50000,"1",2882891,"1",
"900000",50000,"2",2882891,"1",
"900000",50000,"3",2882891,"1",
"900000",50000,"4",2882891,"1",
"900000",50000,"5",2882891,"1",
"980000",50000,"1",2882891,"1",
"980000",50000,"2",2882891,"1",
"980000",50000,"3",2882891,"1",
"980000",50000,"4",2882891,"1",
"980000",50000,"5",2882891,"1",
"980070",50690,"1",2882891,"1",
"980070",50690,"2",2882891,"1",
"980070",50690,"3",2882891,"1",
"980070",50690,"4",2882891,"1",
"980070",50690,"5",2882891,"1",
"900000",50000,"1",2882892,"1",
"900000",50000,"2",2882892,"1",
"900000",50000,"3",2882892,"1",
"900000",50000,"4",2882892,"1",
"900000",50000,"5",2882892,"1",
"980000",50000,"1",2882892,"1",
"980000",50000,"2",2882892,"1",
"980000",50000,"3",2882892,"1",
"980000",50000,"4",2882892,"1",
"980000",50000,"5",2882892,"1",
"980070",50690,"1",2882892,"1",
"980070",50690,"2",2882892,"1",
"980070",50690,"3",2882892,"1",
"980070",50690,"4",2882892,"1",
"980070",50690,"5",2882892,"1",
"900000",195000,"1",2882911,"1",
"900000",195000,"2",2882911,"1",
"900000",195000,"3",2882911,"1",
"900000",195000,"4",2882911,"1",
"900000",195000,"5",2882911,"1",
"900180",35,"1",2882911,"1",
"900180",4,"2",2882911,"1",
"900180",495,"3",2882911,"1",
"900180",18,"4",2882911,"1",
"900180",105,"5",2882911,"1",
"980000",195035,"1",2882911,"1",
"980000",195004,"2",2882911,"1",
"980000",195495,"3",2882911,"1",
"980000",195018,"4",2882911,"1",
"980000",195105,"5",2882911,"1",
"980070",194135,"1",2882911,"1",
"980070",194104,"2",2882911,"1",
"980070",194595,"3",2882911,"1",
"980070",194118,"4",2882911,"1",
"980070",194205,"5",2882911,"1",
"900000",195000,"1",2882912,"1",
"900000",195000,"2",2882912,"1",
"900000",195000,"3",2882912,"1",
"900000",195000,"4",2882912,"1",
"900000",195000,"5",2882912,"1",
"900180",950,"1",2882912,"1",
"900180",103,"2",2882912,"1",
"900180",4,"3",2882912,"1",
"900180",119,"4",2882912,"1",
"900180",26,"5",2882912,"1",
"980000",195950,"1",2882912,"1",
"980000",195103,"2",2882912,"1",
"980000",195004,"3",2882912,"1",
"980000",195119,"4",2882912,"1",
"980000",195026,"5",2882912,"1",
"980070",195050,"1",2882912,"1",
"980070",194203,"2",2882912,"1",
"980070",194104,"3",2882912,"1",
"980070",194219,"4",2882912,"1",
"980070",194126,"5",2882912,"1",
"900000",418334,"1",2882961,"1","T"
"900000",418334,"2",2882961,"1","T"
"900000",418334,"3",2882961,"1","T"
"900000",418334,"4",2882961,"1","T"
"900000",418334,"5",2882961,"1","T"
"900030",10859,"1",2882961,"1",
"900030",10859,"2",2882961,"1",
"900030",10859,"3",2882961,"1",
"900030",10859,"4",2882961,"1",
"900030",10859,"5",2882961,"1",
"900180",4046,"1",2882961,"1",
"900180",4083,"2",2882961,"1",
"900180",4084,"3",2882961,"1",
"900180",4147,"4",2882961,"1",
"900180",4113,"5",2882961,"1",
"900190",2500,"1",2882961,"1",
"900190",2500,"2",2882961,"1",
"900190",2500,"3",2882961,"1",
"900190",2500,"4",2882961,"1",
"900190",2500,"5",2882961,"1",
"980000",435788,"1",2882961,"1","T"
"980000",435788,"2",2882961,"1","T"
"980000",435788,"3",2882961,"1","T"
"980000",435788,"4",2882961,"1","T"
"980000",435788,"5",2882961,"1","T"
"980070",435788,"1",2882961,"1","T"
"980070",435788,"2",2882961,"1","T"
"980070",435788,"3",2882961,"1","T"
"980070",435788,"4",2882961,"1","T"
"980070",435788,"5",2882961,"1","T"
"900000",418534,"1",2882962,"1","T"
"900000",418534,"2",2882962,"1","T"
"900000",418534,"3",2882962,"1","T"
"900000",418534,"4",2882962,"1","T"
"900000",418534,"5",2882962,"1","T"
"900030",10859,"1",2882962,"1",
"900030",10859,"2",2882962,"1",
"900030",10859,"3",2882962,"1",
"900030",10859,"4",2882962,"1",
"900030",10859,"5",2882962,"1",
"900180",4154,"1",2882962,"1",
"900180",4088,"2",2882962,"1",
"900180",4157,"3",2882962,"1",
"900180",4122,"4",2882962,"1",
"900180",4090,"5",2882962,"1",
"900190",2500,"1",2882962,"1",
"900190",2500,"2",2882962,"1",
"900190",2500,"3",2882962,"1",
"900190",2500,"4",2882962,"1",
"900190",2500,"5",2882962,"1",
"980000",436015,"1",2882962,"1","T"
"980000",436015,"2",2882962,"1","T"
"980000",436015,"3",2882962,"1","T"
"980000",436015,"4",2882962,"1","T"
"980000",436015,"5",2882962,"1","T"
"980070",436015,"1",2882962,"1","T"
"980070",436015,"2",2882962,"1","T"
"980070",436015,"3",2882962,"1","T"
"980070",436015,"4",2882962,"1","T"
"980070",436015,"5",2882962,"1","T"
"900000",8171,"1",2882971,"1",
"900000",5207,"2",2882971,"1",
"900000",5457,"3",2882971,"1",
"900000",4909,"4",2882971,"1",
"900000",7888,"5",2882971,"1",
"980000",8171,"1",2882971,"1",
"980000",5207,"2",2882971,"1",
"980000",5457,"3",2882971,"1",
"980000",4909,"4",2882971,"1",
"980000",7888,"5",2882971,"1",
"980070",8171,"1",2882971,"1",
"980070",5207,"2",2882971,"1",
"980070",5457,"3",2882971,"1",
"980070",4909,"4",2882971,"1",
"980070",7888,"5",2882971,"1",
"900000",7201,"1",2882972,"1",
"900000",20269,"2",2882972,"1",
"900000",17136,"3",2882972,"1",
"900000",1981,"4",2882972,"1",
"900000",2042,"5",2882972,"1",
"980000",7201,"1",2882972,"1",
"980000",20269,"2",2882972,"1",
"980000",17136,"3",2882972,"1",
"980000",1981,"4",2882972,"1",
"980000",2042,"5",2882972,"1",
"980070",7201,"1",2882972,"1",
"980070",20269,"2",2882972,"1",
"980070",17136,"3",2882972,"1",
"980070",1981,"4",2882972,"1",
"980070",2042,"5",2882972,"1",
"900000",250000,"1",2883002,"1",
"900000",250000,"2",2883002,"1",
"900000",250000,"3",2883002,"1",
"900000",250000,"4",2883002,"1",
"900000",250000,"5",2883002,"1",
"900180",57,"1",2883002,"1",
"900180",13,"2",2883002,"1",
"900180",5,"3",2883002,"1",
"900180",65,"4",2883002,"1",
"900180",9,"5",2883002,"1",
"900210",386,"1",2883002,"1",
"900210",194,"2",2883002,"1",
"900210",729,"3",2883002,"1",
"900210",687,"4",2883002,"1",
"900210",360,"5",2883002,"1",
"980000",250443,"1",2883002,"1",
"980000",250207,"2",2883002,"1",
"980000",250734,"3",2883002,"1",
"980000",250752,"4",2883002,"1",
"980000",250369,"5",2883002,"1",
"980070",254943,"1",2883002,"1",
"980070",254707,"2",2883002,"1",
"980070",255234,"3",2883002,"1",
"980070",255252,"4",2883002,"1",
"980070",254869,"5",2883002,"1",
"900000",25000,"1",2883021,"1",
"900000",25000,"2",2883021,"1",
"900000",25000,"3",2883021,"1",
"900000",25000,"4",2883021,"1",
"900000",25000,"5",2883021,"1",
"980000",25000,"1",2883021,"1",
"980000",25000,"2",2883021,"1",
"980000",25000,"3",2883021,"1",
"980000",25000,"4",2883021,"1",
"980000",25000,"5",2883021,"1",
"980070",25000,"1",2883021,"1",
"980070",25000,"2",2883021,"1",
"980070",25000,"3",2883021,"1",
"980070",25000,"4",2883021,"1",
"980070",25000,"5",2883021,"1",
"900000",25000,"1",2883022,"1",
"900000",25000,"2",2883022,"1",
"900000",25000,"3",2883022,"1",
"900000",25000,"4",2883022,"1",
"900000",25000,"5",2883022,"1",
"980000",25000,"1",2883022,"1",
"980000",25000,"2",2883022,"1",
"980000",25000,"3",2883022,"1",
"980000",25000,"4",2883022,"1",
"980000",25000,"5",2883022,"1",
"980070",25000,"1",2883022,"1",
"980070",25000,"2",2883022,"1",
"980070",25000,"3",2883022,"1",
"980070",25000,"4",2883022,"1",
"980070",25000,"5",2883022,"1",
"900000",52938,"1",2883031,"1",
"900000",51089,"2",2883031,"1",
"900000",61065,"3",2883031,"1",
"900000",54993,"4",2883031,"1",
"900000",50311,"5",2883031,"1",
"900030",6120,"1",2883031,"1",
"900030",6120,"2",2883031,"1",
"900030",6120,"3",2883031,"1",
"900030",6120,"4",2883031,"1",
"900030",6120,"5",2883031,"1",
"900170",19622,"1",2883031,"1",
"900170",16078,"2",2883031,"1",
"900170",18767,"3",2883031,"1",
"900170",16929,"4",2883031,"1",
"900170",16252,"5",2883031,"1",
"900190",18000,"1",2883031,"1",
"900190",18000,"2",2883031,"1",
"900190",18000,"3",2883031,"1",
"900190",18000,"4",2883031,"1",
"900190",18000,"5",2883031,"1",
"980000",96680,"1",2883031,"1",
"980000",91287,"2",2883031,"1",
"980000",103952,"3",2883031,"1",
"980000",96042,"4",2883031,"1",
"980000",90683,"5",2883031,"1",
"980070",96680,"1",2883031,"1",
"980070",91287,"2",2883031,"1",
"980070",103952,"3",2883031,"1",
"980070",96042,"4",2883031,"1",
"980070",90683,"5",2883031,"1",
"900000",54625,"1",2883032,"1",
"900000",56460,"2",2883032,"1",
"900000",68509,"3",2883032,"1",
"900000",54302,"4",2883032,"1",
"900000",60901,"5",2883032,"1",
"900030",6120,"1",2883032,"1",
"900030",6120,"2",2883032,"1",
"900030",6120,"3",2883032,"1",
"900030",6120,"4",2883032,"1",
"900030",6120,"5",2883032,"1",
"900170",19541,"1",2883032,"1",
"900170",17916,"2",2883032,"1",
"900170",19941,"3",2883032,"1",
"900170",18384,"4",2883032,"1",
"900170",15160,"5",2883032,"1",
"900190",18000,"1",2883032,"1",
"900190",18000,"2",2883032,"1",
"900190",18000,"3",2883032,"1",
"900190",18000,"4",2883032,"1",
"900190",18000,"5",2883032,"1",
"980000",98286,"1",2883032,"1",
"980000",98496,"2",2883032,"1",
"980000",112570,"3",2883032,"1",
"980000",96806,"4",2883032,"1",
"980000",100181,"5",2883032,"1",
"980070",98286,"1",2883032,"1",
"980070",98496,"2",2883032,"1",
"980070",112570,"3",2883032,"1",
"980070",96806,"4",2883032,"1",
"980070",100181,"5",2883032,"1",
"900000",45000,"1",2883041,"1",
"900000",40444,"2",2883041,"1",
"900000",20558,"3",2883041,"1",
"900000",8418,"4",2883041,"1",
"900000",28357,"5",2883041,"1",
"900030",18311,"1",2883041,"1",
"900030",15491,"2",2883041,"1",
"900030",18923,"3",2883041,"1",
"900030",10403,"4",2883041,"1",
"900030",15143,"5",2883041,"1",
"980000",63311,"1",2883041,"1",
"980000",55935,"2",2883041,"1",
"980000",39481,"3",2883041,"1",
"980000",18821,"4",2883041,"1",
"980000",43500,"5",2883041,"1",
"980070",63311,"1",2883041,"1",
"980070",55935,"2",2883041,"1",
"980070",39481,"3",2883041,"1",
"980070",18821,"4",2883041,"1",
"980070",43500,"5",2883041,"1",
"900000",15809,"1",2883042,"1",
"900000",27995,"2",2883042,"1",
"900000",62315,"3",2883042,"1",
"900000",11356,"4",2883042,"1",
"900000",40966,"5",2883042,"1",
"900030",13547,"1",2883042,"1",
"900030",16127,"2",2883042,"1",
"900030",6899,"3",2883042,"1",
"900030",8807,"4",2883042,"1",
"900030",15743,"5",2883042,"1",
"980000",29356,"1",2883042,"1",
"980000",44122,"2",2883042,"1",
"980000",69214,"3",2883042,"1",
"980000",20163,"4",2883042,"1",
"980000",56709,"5",2883042,"1",
"980070",29356,"1",2883042,"1",
"980070",44122,"2",2883042,"1",
"980070",69214,"3",2883042,"1",
"980070",20163,"4",2883042,"1",
"980070",56709,"5",2883042,"1",
"900030",32878,"1",2883071,"1",
"900030",32878,"2",2883071,"1",
"900030",32878,"3",2883071,"1",
"900030",32878,"4",2883071,"1",
"900030",32878,"5",2883071,"1",
"900170",400,"1",2883071,"1",
"900170",400,"2",2883071,"1",
"900170",400,"3",2883071,"1",
"900170",400,"4",2883071,"1",
"900170",400,"5",2883071,"1",
"980000",33278,"1",2883071,"1",
"980000",33278,"2",2883071,"1",
"980000",33278,"3",2883071,"1",
"980000",33278,"4",2883071,"1",
"980000",33278,"5",2883071,"1",
"980070",33278,"1",2883071,"1",
"980070",33278,"2",2883071,"1",
"980070",33278,"3",2883071,"1",
"980070",33278,"4",2883071,"1",
"980070",33278,"5",2883071,"1",
"900030",32878,"1",2883072,"1",
"900030",32878,"2",2883072,"1",
"900030",32878,"3",2883072,"1",
"900030",32878,"4",2883072,"1",
"900030",32878,"5",2883072,"1",
"900170",400,"1",2883072,"1",
"900170",400,"2",2883072,"1",
"900170",400,"3",2883072,"1",
"900170",400,"4",2883072,"1",
"900170",400,"5",2883072,"1",
"980000",33278,"1",2883072,"1",
"980000",33278,"2",2883072,"1",
"980000",33278,"3",2883072,"1",
"980000",33278,"4",2883072,"1",
"980000",33278,"5",2883072,"1",
"980070",33278,"1",2883072,"1",
"980070",33278,"2",2883072,"1",
"980070",33278,"3",2883072,"1",
"980070",33278,"4",2883072,"1",
"980070",33278,"5",2883072,"1",
"900000",103468,"1",2883081,"1",
"900000",34736,"2",2883081,"1",
"900000",47892,"3",2883081,"1",
"900000",39454,"4",2883081,"1",
"900000",30605,"5",2883081,"1",
"980000",103468,"1",2883081,"1",
"980000",34736,"2",2883081,"1",
"980000",47892,"3",2883081,"1",
"980000",39454,"4",2883081,"1",
"980000",30605,"5",2883081,"1",
"980070",103468,"1",2883081,"1",
"980070",34736,"2",2883081,"1",
"980070",47892,"3",2883081,"1",
"980070",39454,"4",2883081,"1",
"980070",30605,"5",2883081,"1",
"900000",47992,"1",2883082,"1",
"900000",67459,"2",2883082,"1",
"900000",56602,"3",2883082,"1",
"900000",50000,"4",2883082,"1",
"900000",76243,"5",2883082,"1",
"980000",47992,"1",2883082,"1",
"980000",67459,"2",2883082,"1",
"980000",56602,"3",2883082,"1",
"980000",50000,"4",2883082,"1",
"980000",76243,"5",2883082,"1",
"980070",47992,"1",2883082,"1",
"980070",67459,"2",2883082,"1",
"980070",56602,"3",2883082,"1",
"980070",50000,"4",2883082,"1",
"980070",76243,"5",2883082,"1",
"800940",10967,"1",2883091,"1","T"
"800940",10967,"2",2883091,"1","T"
"800940",10967,"3",2883091,"1","T"
"800940",10967,"4",2883091,"1","T"
"800940",10967,"5",2883091,"1","T"
"900000",148659,"1",2883091,"1",
"900000",145555,"2",2883091,"1",
"900000",128486,"3",2883091,"1",
"900000",113164,"4",2883091,"1",
"900000",135693,"5",2883091,"1",
"900160",543,"1",2883091,"1",
"900160",103449,"2",2883091,"1",
"900160",550,"3",2883091,"1",
"900160",3894,"4",2883091,"1",
"900160",48520,"5",2883091,"1",
"980000",149202,"1",2883091,"1",
"980000",249004,"2",2883091,"1",
"980000",129036,"3",2883091,"1",
"980000",117058,"4",2883091,"1",
"980000",184213,"5",2883091,"1",
"980070",149202,"1",2883091,"1",
"980070",249004,"2",2883091,"1",
"980070",129036,"3",2883091,"1",
"980070",117058,"4",2883091,"1",
"980070",184213,"5",2883091,"1",
"800940",10967,"1",2883092,"1","T"
"800940",10967,"2",2883092,"1","T"
"800940",10967,"3",2883092,"1","T"
"800940",10967,"4",2883092,"1","T"
"800940",10967,"5",2883092,"1","T"
"900000",260530,"1",2883092,"1","T"
"900000",260530,"2",2883092,"1","T"
"900000",260530,"3",2883092,"1","T"
"900000",260530,"4",2883092,"1","T"
"900000",260530,"5",2883092,"1","T"
"900160",91701,"1",2883092,"1",
"900160",55092,"2",2883092,"1",
"900160",10241,"3",2883092,"1",
"900160",6639,"4",2883092,"1",
"900160",26423,"5",2883092,"1",
"980000",298549,"1",2883092,"1","T"
"980000",298549,"2",2883092,"1","T"
"980000",298549,"3",2883092,"1","T"
"980000",298549,"4",2883092,"1","T"
"980000",298549,"5",2883092,"1","T"
"980070",298549,"1",2883092,"1","T"
"980070",298549,"2",2883092,"1","T"
"980070",298549,"3",2883092,"1","T"
"980070",298549,"4",2883092,"1","T"
"980070",298549,"5",2883092,"1","T"
"800940",10967,"1",2883111,"1","T"
"800940",10967,"2",2883111,"1","T"
"800940",10967,"3",2883111,"1","T"
"800940",10967,"4",2883111,"1","T"
"800940",10967,"5",2883111,"1","T"
"900000",78000,"1",2883111,"1",
"900000",78000,"2",2883111,"1",
"900000",78000,"3",2883111,"1",
"900000",78000,"4",2883111,"1",
"900000",78000,"5",2883111,"1",
"900160",13298,"1",2883111,"1",
"900160",54423,"2",2883111,"1",
"900160",35202,"3",2883111,"1",
"900160",3563,"4",2883111,"1",
"900160",8303,"5",2883111,"1",
"980000",91298,"1",2883111,"1",
"980000",132423,"2",2883111,"1",
"980000",113202,"3",2883111,"1",
"980000",81563,"4",2883111,"1",
"980000",86303,"5",2883111,"1",
"980070",77798,"1",2883111,"1",
"980070",118923,"2",2883111,"1",
"980070",99702,"3",2883111,"1",
"980070",68063,"4",2883111,"1",
"980070",72803,"5",2883111,"1",
"800940",2793,"1",2883112,"1",
"800940",7824,"2",2883112,"1",
"800940",3578,"3",2883112,"1",
"800940",2538,"4",2883112,"1",
"800940",2404,"5",2883112,"1",
"900000",78000,"1",2883112,"1",
"900000",78000,"2",2883112,"1",
"900000",78000,"3",2883112,"1",
"900000",78000,"4",2883112,"1",
"900000",78000,"5",2883112,"1",
"900160",2753,"1",2883112,"1",
"900160",35637,"2",2883112,"1",
"900160",7886,"3",2883112,"1",
"900160",1090,"4",2883112,"1",
"900160",215,"5",2883112,"1",
"980000",80753,"1",2883112,"1",
"980000",113637,"2",2883112,"1",
"980000",85886,"3",2883112,"1",
"980000",79090,"4",2883112,"1",
"980000",78215,"5",2883112,"1",
"980070",67253,"1",2883112,"1",
"980070",100137,"2",2883112,"1",
"980070",72386,"3",2883112,"1",
"980070",65590,"4",2883112,"1",
"980070",64715,"5",2883112,"1",
"900000",115000,"1",2883121,"1",
"900000",115000,"2",2883121,"1",
"900000",115000,"3",2883121,"1",
"900000",115000,"4",2883121,"1",
"900000",115000,"5",2883121,"1",
"900180",1446,"1",2883121,"1",
"900180",1020,"2",2883121,"1",
"900180",1118,"3",2883121,"1",
"900180",1006,"4",2883121,"1",
"900180",1052,"5",2883121,"1",
"980000",116446,"1",2883121,"1",
"980000",116020,"2",2883121,"1",
"980000",116118,"3",2883121,"1",
"980000",116006,"4",2883121,"1",
"980000",116052,"5",2883121,"1",
"980070",116446,"1",2883121,"1",
"980070",116020,"2",2883121,"1",
"980070",116118,"3",2883121,"1",
"980070",116006,"4",2883121,"1",
"980070",116052,"5",2883121,"1",
"900000",115000,"1",2883122,"1",
"900000",115000,"2",2883122,"1",
"900000",115000,"3",2883122,"1",
"900000",115000,"4",2883122,"1",
"900000",115000,"5",2883122,"1",
"900180",1088,"1",2883122,"1",
"900180",1100,"2",2883122,"1",
"900180",1120,"3",2883122,"1",
"900180",1428,"4",2883122,"1",
"900180",1031,"5",2883122,"1",
"980000",116088,"1",2883122,"1",
"980000",116100,"2",2883122,"1",
"980000",116120,"3",2883122,"1",
"980000",116428,"4",2883122,"1",
"980000",116031,"5",2883122,"1",
"980070",116088,"1",2883122,"1",
"980070",116100,"2",2883122,"1",
"980070",116120,"3",2883122,"1",
"980070",116428,"4",2883122,"1",
"980070",116031,"5",2883122,"1",
"900000",2500,"1",2883131,"1",
"900000",2500,"2",2883131,"1",
"900000",2500,"3",2883131,"1",
"900000",2500,"4",2883131,"1",
"900000",2500,"5",2883131,"1",
"900030",11532,"1",2883131,"1",
"900030",11532,"2",2883131,"1",
"900030",11532,"3",2883131,"1",
"900030",11532,"4",2883131,"1",
"900030",11532,"5",2883131,"1",
"980000",14032,"1",2883131,"1",
"980000",14032,"2",2883131,"1",
"980000",14032,"3",2883131,"1",
"980000",14032,"4",2883131,"1",
"980000",14032,"5",2883131,"1",
"980070",15072,"1",2883131,"1",
"980070",15072,"2",2883131,"1",
"980070",15072,"3",2883131,"1",
"980070",15072,"4",2883131,"1",
"980070",15072,"5",2883131,"1",
"900000",2500,"1",2883132,"1",
"900000",2500,"2",2883132,"1",
"900000",2500,"3",2883132,"1",
"900000",2500,"4",2883132,"1",
"900000",2500,"5",2883132,"1",
"900030",11532,"1",2883132,"1",
"900030",11532,"2",2883132,"1",
"900030",11532,"3",2883132,"1",
"900030",11532,"4",2883132,"1",
"900030",11532,"5",2883132,"1",
"980000",14032,"1",2883132,"1",
"980000",14032,"2",2883132,"1",
"980000",14032,"3",2883132,"1",
"980000",14032,"4",2883132,"1",
"980000",14032,"5",2883132,"1",
"980070",15072,"1",2883132,"1",
"980070",15072,"2",2883132,"1",
"980070",15072,"3",2883132,"1",
"980070",15072,"4",2883132,"1",
"980070",15072,"5",2883132,"1",
"900000",41588,"1",2883152,"1",
"900000",40426,"2",2883152,"1",
"900000",46400,"3",2883152,"1",
"900000",49564,"4",2883152,"1",
"900000",44640,"5",2883152,"1",
"900160",655,"1",2883152,"1",
"900160",3300,"2",2883152,"1",
"900160",2393,"3",2883152,"1",
"900160",13265,"4",2883152,"1",
"900160",4,"5",2883152,"1",
"980000",42243,"1",2883152,"1",
"980000",43726,"2",2883152,"1",
"980000",48793,"3",2883152,"1",
"980000",62829,"4",2883152,"1",
"980000",44644,"5",2883152,"1",
"980070",42243,"1",2883152,"1",
"980070",43726,"2",2883152,"1",
"980070",48793,"3",2883152,"1",
"980070",62829,"4",2883152,"1",
"980070",44644,"5",2883152,"1",
"900000",270487,"1",2883161,"1","T"
"900000",270487,"2",2883161,"1","T"
"900000",270487,"3",2883161,"1","T"
"900000",270487,"4",2883161,"1","T"
"900000",270487,"5",2883161,"1","T"
"980000",270487,"1",2883161,"1","T"
"980000",270487,"2",2883161,"1","T"
"980000",270487,"3",2883161,"1","T"
"980000",270487,"4",2883161,"1","T"
"980000",270487,"5",2883161,"1","T"
"980070",270487,"1",2883161,"1","T"
"980070",270487,"2",2883161,"1","T"
"980070",270487,"3",2883161,"1","T"
"980070",270487,"4",2883161,"1","T"
"980070",270487,"5",2883161,"1","T"
"900000",270487,"1",2883162,"1","T"
"900000",270487,"2",2883162,"1","T"
"900000",270487,"3",2883162,"1","T"
"900000",270487,"4",2883162,"1","T"
"900000",270487,"5",2883162,"1","T"
"980000",270487,"1",2883162,"1","T"
"980000",270487,"2",2883162,"1","T"
"980000",270487,"3",2883162,"1","T"
"980000",270487,"4",2883162,"1","T"
"980000",270487,"5",2883162,"1","T"
"980070",270487,"1",2883162,"1","T"
"980070",270487,"2",2883162,"1","T"
"980070",270487,"3",2883162,"1","T"
"980070",270487,"4",2883162,"1","T"
"980070",270487,"5",2883162,"1","T"
"900000",1000,"1",2883191,"1",
"900000",1000,"2",2883191,"1",
"900000",1000,"3",2883191,"1",
"900000",1000,"4",2883191,"1",
"900000",1000,"5",2883191,"1",
"900170",1600,"1",2883191,"1",
"900170",1600,"2",2883191,"1",
"900170",1600,"3",2883191,"1",
"900170",1600,"4",2883191,"1",
"900170",1600,"5",2883191,"1",
"900200",2000,"1",2883191,"1",
"900200",2000,"2",2883191,"1",
"900200",2000,"3",2883191,"1",
"900200",2000,"4",2883191,"1",
"900200",2000,"5",2883191,"1",
"980000",4600,"1",2883191,"1",
"980000",4600,"2",2883191,"1",
"980000",4600,"3",2883191,"1",
"980000",4600,"4",2883191,"1",
"980000",4600,"5",2883191,"1",
"980070",4600,"1",2883191,"1",
"980070",4600,"2",2883191,"1",
"980070",4600,"3",2883191,"1",
"980070",4600,"4",2883191,"1",
"980070",4600,"5",2883191,"1",
"900000",1000,"1",2883192,"1",
"900000",1000,"2",2883192,"1",
"900000",1000,"3",2883192,"1",
"900000",1000,"4",2883192,"1",
"900000",1000,"5",2883192,"1",
"900170",1600,"1",2883192,"1",
"900170",1600,"2",2883192,"1",
"900170",1600,"3",2883192,"1",
"900170",1600,"4",2883192,"1",
"900170",1600,"5",2883192,"1",
"900200",2000,"1",2883192,"1",
"900200",2000,"2",2883192,"1",
"900200",2000,"3",2883192,"1",
"900200",2000,"4",2883192,"1",
"900200",2000,"5",2883192,"1",
"980000",4600,"1",2883192,"1",
"980000",4600,"2",2883192,"1",
"980000",4600,"3",2883192,"1",
"980000",4600,"4",2883192,"1",
"980000",4600,"5",2883192,"1",
"980070",4600,"1",2883192,"1",
"980070",4600,"2",2883192,"1",
"980070",4600,"3",2883192,"1",
"980070",4600,"4",2883192,"1",
"980070",4600,"5",2883192,"1",
"900030",8879,"1",2883201,"1",
"900030",8879,"2",2883201,"1",
"900030",8879,"3",2883201,"1",
"900030",8879,"4",2883201,"1",
"900030",8879,"5",2883201,"1",
"900150",640,"1",2883201,"1",
"900150",640,"2",2883201,"1",
"900150",640,"3",2883201,"1",
"900150",640,"4",2883201,"1",
"900150",640,"5",2883201,"1",
"900170",792,"1",2883201,"1",
"900170",792,"2",2883201,"1",
"900170",792,"3",2883201,"1",
"900170",792,"4",2883201,"1",
"900170",792,"5",2883201,"1",
"980000",10311,"1",2883201,"1",
"980000",10311,"2",2883201,"1",
"980000",10311,"3",2883201,"1",
"980000",10311,"4",2883201,"1",
"980000",10311,"5",2883201,"1",
"980070",10311,"1",2883201,"1",
"980070",10311,"2",2883201,"1",
"980070",10311,"3",2883201,"1",
"980070",10311,"4",2883201,"1",
"980070",10311,"5",2883201,"1",
"900030",8879,"1",2883202,"1",
"900030",8879,"2",2883202,"1",
"900030",8879,"3",2883202,"1",
"900030",8879,"4",2883202,"1",
"900030",8879,"5",2883202,"1",
"900150",640,"1",2883202,"1",
"900150",640,"2",2883202,"1",
"900150",640,"3",2883202,"1",
"900150",640,"4",2883202,"1",
"900150",640,"5",2883202,"1",
"900170",792,"1",2883202,"1",
"900170",792,"2",2883202,"1",
"900170",792,"3",2883202,"1",
"900170",792,"4",2883202,"1",
"900170",792,"5",2883202,"1",
"980000",10311,"1",2883202,"1",
"980000",10311,"2",2883202,"1",
"980000",10311,"3",2883202,"1",
"980000",10311,"4",2883202,"1",
"980000",10311,"5",2883202,"1",
"980070",10311,"1",2883202,"1",
"980070",10311,"2",2883202,"1",
"980070",10311,"3",2883202,"1",
"980070",10311,"4",2883202,"1",
"980070",10311,"5",2883202,"1",
"900000",33784,"1",2883211,"1",
"900000",33784,"2",2883211,"1",
"900000",33784,"3",2883211,"1",
"900000",33784,"4",2883211,"1",
"900000",33784,"5",2883211,"1",
"900150",3828,"1",2883211,"1",
"900150",3828,"2",2883211,"1",
"900150",3828,"3",2883211,"1",
"900150",3828,"4",2883211,"1",
"900150",3828,"5",2883211,"1",
"950002",917,"1",2883211,"1",
"950002",917,"2",2883211,"1",
"950002",917,"3",2883211,"1",
"950002",917,"4",2883211,"1",
"950002",917,"5",2883211,"1",
"950012",866,"1",2883211,"1",
"950012",866,"2",2883211,"1",
"950012",866,"3",2883211,"1",
"950012",866,"4",2883211,"1",
"950012",866,"5",2883211,"1",
"980000",37612,"1",2883211,"1",
"980000",37612,"2",2883211,"1",
"980000",37612,"3",2883211,"1",
"980000",37612,"4",2883211,"1",
"980000",37612,"5",2883211,"1",
"980070",39990,"1",2883211,"1","T"
"980070",39990,"2",2883211,"1","T"
"980070",39990,"3",2883211,"1","T"
"980070",39990,"4",2883211,"1","T"
"980070",39990,"5",2883211,"1","T"
"900000",33784,"1",2883212,"1",
"900000",33784,"2",2883212,"1",
"900000",33784,"3",2883212,"1",
"900000",33784,"4",2883212,"1",
"900000",33784,"5",2883212,"1",
"900150",3828,"1",2883212,"1",
"900150",3828,"2",2883212,"1",
"900150",3828,"3",2883212,"1",
"900150",3828,"4",2883212,"1",
"900150",3828,"5",2883212,"1",
"950002",917,"1",2883212,"1",
"950002",917,"2",2883212,"1",
"950002",917,"3",2883212,"1",
"950002",917,"4",2883212,"1",
"950002",917,"5",2883212,"1",
"950012",866,"1",2883212,"1",
"950012",866,"2",2883212,"1",
"950012",866,"3",2883212,"1",
"950012",866,"4",2883212,"1",
"950012",866,"5",2883212,"1",
"980000",37612,"1",2883212,"1",
"980000",37612,"2",2883212,"1",
"980000",37612,"3",2883212,"1",
"980000",37612,"4",2883212,"1",
"980000",37612,"5",2883212,"1",
"980070",39990,"1",2883212,"1","T"
"980070",39990,"2",2883212,"1","T"
"980070",39990,"3",2883212,"1","T"
"980070",39990,"4",2883212,"1","T"
"980070",39990,"5",2883212,"1","T"
"900000",80000,"1",2883221,"1",
"900000",80000,"2",2883221,"1",
"900000",80000,"3",2883221,"1",
"900000",80000,"4",2883221,"1",
"900000",80000,"5",2883221,"1",
"980000",80000,"1",2883221,"1",
"980000",80000,"2",2883221,"1",
"980000",80000,"3",2883221,"1",
"980000",80000,"4",2883221,"1",
"980000",80000,"5",2883221,"1",
"980070",81000,"1",2883221,"1",
"980070",81000,"2",2883221,"1",
"980070",81000,"3",2883221,"1",
"980070",81000,"4",2883221,"1",
"980070",81000,"5",2883221,"1",
"900000",80000,"1",2883222,"1",
"900000",80000,"2",2883222,"1",
"900000",80000,"3",2883222,"1",
"900000",80000,"4",2883222,"1",
"900000",80000,"5",2883222,"1",
"980000",80000,"1",2883222,"1",
"980000",80000,"2",2883222,"1",
"980000",80000,"3",2883222,"1",
"980000",80000,"4",2883222,"1",
"980000",80000,"5",2883222,"1",
"980070",81000,"1",2883222,"1",
"980070",81000,"2",2883222,"1",
"980070",81000,"3",2883222,"1",
"980070",81000,"4",2883222,"1",
"980070",81000,"5",2883222,"1",
"900030",27600,"1",2883241,"1",
"900030",27600,"2",2883241,"1",
"900030",27600,"3",2883241,"1",
"900030",27600,"4",2883241,"1",
"900030",27600,"5",2883241,"1",
"900180",2800,"1",2883241,"1",
"900180",2800,"2",2883241,"1",
"900180",2800,"3",2883241,"1",
"900180",2800,"4",2883241,"1",
"900180",2800,"5",2883241,"1",
"980000",30400,"1",2883241,"1",
"980000",30400,"2",2883241,"1",
"980000",30400,"3",2883241,"1",
"980000",30400,"4",2883241,"1",
"980000",30400,"5",2883241,"1",
"980070",30400,"1",2883241,"1",
"980070",30400,"2",2883241,"1",
"980070",30400,"3",2883241,"1",
"980070",30400,"4",2883241,"1",
"980070",30400,"5",2883241,"1",
"900030",27600,"1",2883242,"1",
"900030",27600,"2",2883242,"1",
"900030",27600,"3",2883242,"1",
"900030",27600,"4",2883242,"1",
"900030",27600,"5",2883242,"1",
"900180",2800,"1",2883242,"1",
"900180",2800,"2",2883242,"1",
"900180",2800,"3",2883242,"1",
"900180",2800,"4",2883242,"1",
"900180",2800,"5",2883242,"1",
"980000",30400,"1",2883242,"1",
"980000",30400,"2",2883242,"1",
"980000",30400,"3",2883242,"1",
"980000",30400,"4",2883242,"1",
"980000",30400,"5",2883242,"1",
"980070",30400,"1",2883242,"1",
"980070",30400,"2",2883242,"1",
"980070",30400,"3",2883242,"1",
"980070",30400,"4",2883242,"1",
"980070",30400,"5",2883242,"1",
"900030",3744,"1",2883251,"1",
"900030",11112,"2",2883251,"1",
"900030",6228,"3",2883251,"1",
"900030",12480,"4",2883251,"1",
"900030",7776,"5",2883251,"1",
"900150",1044,"1",2883251,"1",
"900150",2352,"2",2883251,"1",
"900150",2520,"3",2883251,"1",
"900150",2448,"4",2883251,"1",
"900150",2628,"5",2883251,"1",
"980000",4788,"1",2883251,"1",
"980000",13464,"2",2883251,"1",
"980000",8748,"3",2883251,"1",
"980000",14928,"4",2883251,"1",
"980000",10404,"5",2883251,"1",
"980070",4788,"1",2883251,"1",
"980070",13464,"2",2883251,"1",
"980070",8748,"3",2883251,"1",
"980070",14928,"4",2883251,"1",
"980070",10404,"5",2883251,"1",
"900210",8948,"1",2883252,"1",
"900210",6304,"2",2883252,"1",
"900210",2790,"3",2883252,"1",
"900210",28489,"4",2883252,"1",
"900210",4254,"5",2883252,"1",
"980000",8948,"1",2883252,"1",
"980000",6304,"2",2883252,"1",
"980000",2790,"3",2883252,"1",
"980000",28489,"4",2883252,"1",
"980000",4254,"5",2883252,"1",
"980070",8948,"1",2883252,"1",
"980070",6304,"2",2883252,"1",
"980070",2790,"3",2883252,"1",
"980070",28489,"4",2883252,"1",
"980070",4254,"5",2883252,"1",
"900030",11183,"1",2883261,"1",
"900030",11183,"2",2883261,"1",
"900030",11183,"3",2883261,"1",
"900030",11183,"4",2883261,"1",
"900030",11183,"5",2883261,"1",
"980000",11183,"1",2883261,"1",
"980000",11183,"2",2883261,"1",
"980000",11183,"3",2883261,"1",
"980000",11183,"4",2883261,"1",
"980000",11183,"5",2883261,"1",
"980070",11183,"1",2883261,"1",
"980070",11183,"2",2883261,"1",
"980070",11183,"3",2883261,"1",
"980070",11183,"4",2883261,"1",
"980070",11183,"5",2883261,"1",
"900030",11183,"1",2883262,"1",
"900030",11183,"2",2883262,"1",
"900030",11183,"3",2883262,"1",
"900030",11183,"4",2883262,"1",
"900030",11183,"5",2883262,"1",
"980000",11183,"1",2883262,"1",
"980000",11183,"2",2883262,"1",
"980000",11183,"3",2883262,"1",
"980000",11183,"4",2883262,"1",
"980000",11183,"5",2883262,"1",
"980070",11183,"1",2883262,"1",
"980070",11183,"2",2883262,"1",
"980070",11183,"3",2883262,"1",
"980070",11183,"4",2883262,"1",
"980070",11183,"5",2883262,"1",
"900000",40179,"1",2883271,"1",
"900000",49937,"2",2883271,"1",
"900000",41862,"3",2883271,"1",
"900000",40648,"4",2883271,"1",
"900000",46508,"5",2883271,"1",
"980000",40179,"1",2883271,"1",
"980000",49937,"2",2883271,"1",
"980000",41862,"3",2883271,"1",
"980000",40648,"4",2883271,"1",
"980000",46508,"5",2883271,"1",
"980070",40179,"1",2883271,"1",
"980070",49937,"2",2883271,"1",
"980070",41862,"3",2883271,"1",
"980070",40648,"4",2883271,"1",
"980070",46508,"5",2883271,"1",
"900000",175000,"1",2883291,"1",
"900000",175000,"2",2883291,"1",
"900000",175000,"3",2883291,"1",
"900000",175000,"4",2883291,"1",
"900000",175000,"5",2883291,"1",
"980000",175000,"1",2883291,"1",
"980000",175000,"2",2883291,"1",
"980000",175000,"3",2883291,"1",
"980000",175000,"4",2883291,"1",
"980000",175000,"5",2883291,"1",
"980070",166000,"1",2883291,"1",
"980070",166000,"2",2883291,"1",
"980070",166000,"3",2883291,"1",
"980070",166000,"4",2883291,"1",
"980070",166000,"5",2883291,"1",
"900000",175000,"1",2883292,"1",
"900000",175000,"2",2883292,"1",
"900000",175000,"3",2883292,"1",
"900000",175000,"4",2883292,"1",
"900000",175000,"5",2883292,"1",
"980000",175000,"1",2883292,"1",
"980000",175000,"2",2883292,"1",
"980000",175000,"3",2883292,"1",
"980000",175000,"4",2883292,"1",
"980000",175000,"5",2883292,"1",
"980070",166000,"1",2883292,"1",
"980070",166000,"2",2883292,"1",
"980070",166000,"3",2883292,"1",
"980070",166000,"4",2883292,"1",
"980070",166000,"5",2883292,"1",
"900000",30903,"1",2883301,"1",
"900000",44984,"2",2883301,"1",
"900000",71271,"3",2883301,"1",
"900000",14008,"4",2883301,"1",
"900000",55242,"5",2883301,"1",
"900140",2000,"1",2883301,"1",
"900140",2000,"2",2883301,"1",
"900140",2000,"3",2883301,"1",
"900140",2000,"4",2883301,"1",
"900140",2000,"5",2883301,"1",
"980000",32903,"1",2883301,"1",
"980000",46984,"2",2883301,"1",
"980000",73271,"3",2883301,"1",
"980000",16008,"4",2883301,"1",
"980000",57242,"5",2883301,"1",
"980070",32903,"1",2883301,"1",
"980070",46984,"2",2883301,"1",
"980070",73271,"3",2883301,"1",
"980070",16008,"4",2883301,"1",
"980070",57242,"5",2883301,"1",
"900000",7377,"1",2883302,"1",
"900000",32289,"2",2883302,"1",
"900000",54284,"3",2883302,"1",
"900000",24071,"4",2883302,"1",
"900000",69170,"5",2883302,"1",
"900140",2000,"1",2883302,"1",
"900140",2000,"2",2883302,"1",
"900140",2000,"3",2883302,"1",
"900140",2000,"4",2883302,"1",
"900140",2000,"5",2883302,"1",
"980000",9377,"1",2883302,"1",
"980000",34289,"2",2883302,"1",
"980000",56284,"3",2883302,"1",
"980000",26071,"4",2883302,"1",
"980000",71170,"5",2883302,"1",
"980070",9377,"1",2883302,"1",
"980070",34289,"2",2883302,"1",
"980070",56284,"3",2883302,"1",
"980070",26071,"4",2883302,"1",
"980070",71170,"5",2883302,"1",
"900000",29000,"1",2883321,"1",
"900000",29000,"2",2883321,"1",
"900000",29000,"3",2883321,"1",
"900000",29000,"4",2883321,"1",
"900000",29000,"5",2883321,"1",
"980000",29000,"1",2883321,"1",
"980000",29000,"2",2883321,"1",
"980000",29000,"3",2883321,"1",
"980000",29000,"4",2883321,"1",
"980000",29000,"5",2883321,"1",
"980070",29780,"1",2883321,"1",
"980070",29780,"2",2883321,"1",
"980070",29780,"3",2883321,"1",
"980070",29780,"4",2883321,"1",
"980070",29780,"5",2883321,"1",
"900000",29000,"1",2883322,"1",
"900000",29000,"2",2883322,"1",
"900000",29000,"3",2883322,"1",
"900000",29000,"4",2883322,"1",
"900000",29000,"5",2883322,"1",
"980000",29000,"1",2883322,"1",
"980000",29000,"2",2883322,"1",
"980000",29000,"3",2883322,"1",
"980000",29000,"4",2883322,"1",
"980000",29000,"5",2883322,"1",
"980070",29780,"1",2883322,"1",
"980070",29780,"2",2883322,"1",
"980070",29780,"3",2883322,"1",
"980070",29780,"4",2883322,"1",
"980070",29780,"5",2883322,"1",
"900000",35856,"1",2883361,"1",
"900000",33988,"2",2883361,"1",
"900000",34210,"3",2883361,"1",
"900000",30438,"4",2883361,"1",
"900000",34255,"5",2883361,"1",
"900190",-8342,"1",2883361,"1","T"
"900190",-8342,"2",2883361,"1","T"
"900190",-8342,"3",2883361,"1","T"
"900190",-8342,"4",2883361,"1","T"
"900190",-8342,"5",2883361,"1","T"
"980000",25407,"1",2883361,"1","T"
"980000",25407,"2",2883361,"1","T"
"980000",25407,"3",2883361,"1","T"
"980000",25407,"4",2883361,"1","T"
"980000",25407,"5",2883361,"1","T"
"980070",27407,"1",2883361,"1","T"
"980070",27407,"2",2883361,"1","T"
"980070",27407,"3",2883361,"1","T"
"980070",27407,"4",2883361,"1","T"
"980070",27407,"5",2883361,"1","T"
"900000",33123,"1",2883362,"1",
"900000",36433,"2",2883362,"1",
"900000",31832,"3",2883362,"1",
"900000",35570,"4",2883362,"1",
"900000",38025,"5",2883362,"1",
"900190",-8017,"1",2883362,"1",
"900190",-7649,"2",2883362,"1",
"900190",-3879,"3",2883362,"1",
"900190",-2487,"4",2883362,"1",
"900190",-3812,"5",2883362,"1",
"980000",25106,"1",2883362,"1",
"980000",28784,"2",2883362,"1",
"980000",27953,"3",2883362,"1",
"980000",33083,"4",2883362,"1",
"980000",34213,"5",2883362,"1",
"980070",27106,"1",2883362,"1",
"980070",30784,"2",2883362,"1",
"980070",29953,"3",2883362,"1",
"980070",35083,"4",2883362,"1",
"980070",36213,"5",2883362,"1",
"900000",130053,"1",2883371,"1",
"900000",138679,"2",2883371,"1",
"900000",143782,"3",2883371,"1",
"900000",138846,"4",2883371,"1",
"900000",126087,"5",2883371,"1",
"980000",130053,"1",2883371,"1",
"980000",138679,"2",2883371,"1",
"980000",143782,"3",2883371,"1",
"980000",138846,"4",2883371,"1",
"980000",126087,"5",2883371,"1",
"980070",130053,"1",2883371,"1",
"980070",138679,"2",2883371,"1",
"980070",143782,"3",2883371,"1",
"980070",138846,"4",2883371,"1",
"980070",126087,"5",2883371,"1",
"900000",130705,"1",2883372,"1",
"900000",143632,"2",2883372,"1",
"900000",133849,"3",2883372,"1",
"900000",132314,"4",2883372,"1",
"900000",140945,"5",2883372,"1",
"980000",130705,"1",2883372,"1",
"980000",143632,"2",2883372,"1",
"980000",133849,"3",2883372,"1",
"980000",132314,"4",2883372,"1",
"980000",140945,"5",2883372,"1",
"980070",130705,"1",2883372,"1",
"980070",143632,"2",2883372,"1",
"980070",133849,"3",2883372,"1",
"980070",132314,"4",2883372,"1",
"980070",140945,"5",2883372,"1",
"900030",14771,"1",2883382,"1",
"900030",14771,"2",2883382,"1",
"900030",14771,"3",2883382,"1",
"900030",14771,"4",2883382,"1",
"900030",14771,"5",2883382,"1",
"900150",180,"1",2883382,"1",
"900150",180,"2",2883382,"1",
"900150",180,"3",2883382,"1",
"900150",180,"4",2883382,"1",
"900150",180,"5",2883382,"1",
"980000",14951,"1",2883382,"1",
"980000",14951,"2",2883382,"1",
"980000",14951,"3",2883382,"1",
"980000",14951,"4",2883382,"1",
"980000",14951,"5",2883382,"1",
"980070",14951,"1",2883382,"1",
"980070",14951,"2",2883382,"1",
"980070",14951,"3",2883382,"1",
"980070",14951,"4",2883382,"1",
"980070",14951,"5",2883382,"1",
"800940",1992,"1",2883391,"1",
"800940",3038,"2",2883391,"1",
"800940",2479,"3",2883391,"1",
"800940",6689,"4",2883391,"1",
"800940",6307,"5",2883391,"1",
"900000",162000,"1",2883391,"1",
"900000",162000,"2",2883391,"1",
"900000",162000,"3",2883391,"1",
"900000",162000,"4",2883391,"1",
"900000",162000,"5",2883391,"1",
"900160",2017,"1",2883391,"1",
"900160",8859,"2",2883391,"1",
"900160",5203,"3",2883391,"1",
"900160",32719,"4",2883391,"1",
"900160",30220,"5",2883391,"1",
"900180",70,"1",2883391,"1",
"900180",70,"2",2883391,"1",
"900180",70,"3",2883391,"1",
"900180",70,"4",2883391,"1",
"900180",70,"5",2883391,"1",
"980000",164087,"1",2883391,"1",
"980000",170929,"2",2883391,"1",
"980000",167273,"3",2883391,"1",
"980000",194789,"4",2883391,"1",
"980000",192290,"5",2883391,"1",
"980070",166087,"1",2883391,"1",
"980070",172929,"2",2883391,"1",
"980070",169273,"3",2883391,"1",
"980070",196789,"4",2883391,"1",
"980070",194290,"5",2883391,"1",
"800940",10967,"1",2883392,"1","T"
"800940",10967,"2",2883392,"1","T"
"800940",10967,"3",2883392,"1","T"
"800940",10967,"4",2883392,"1","T"
"800940",10967,"5",2883392,"1","T"
"900000",162000,"1",2883392,"1",
"900000",162000,"2",2883392,"1",
"900000",162000,"3",2883392,"1",
"900000",162000,"4",2883392,"1",
"900000",162000,"5",2883392,"1",
"900160",20328,"1",2883392,"1",
"900160",69911,"2",2883392,"1",
"900160",84243,"3",2883392,"1",
"900160",11943,"4",2883392,"1",
"900160",11606,"5",2883392,"1",
"900180",70,"1",2883392,"1",
"900180",70,"2",2883392,"1",
"900180",70,"3",2883392,"1",
"900180",70,"4",2883392,"1",
"900180",70,"5",2883392,"1",
"980000",182398,"1",2883392,"1",
"980000",231981,"2",2883392,"1",
"980000",246313,"3",2883392,"1",
"980000",174013,"4",2883392,"1",
"980000",173676,"5",2883392,"1",
"980070",184398,"1",2883392,"1",
"980070",233981,"2",2883392,"1",
"980070",248313,"3",2883392,"1",
"980070",176013,"4",2883392,"1",
"980070",175676,"5",2883392,"1",
"900000",40000,"1",2883401,"1",
"900000",40000,"2",2883401,"1",
"900000",40000,"3",2883401,"1",
"900000",40000,"4",2883401,"1",
"900000",40000,"5",2883401,"1",
"900180",525,"1",2883401,"1",
"900180",525,"2",2883401,"1",
"900180",525,"3",2883401,"1",
"900180",525,"4",2883401,"1",
"900180",525,"5",2883401,"1",
"950002",425,"1",2883401,"1",
"950002",425,"2",2883401,"1",
"950002",425,"3",2883401,"1",
"950002",425,"4",2883401,"1",
"950002",425,"5",2883401,"1",
"950012",224,"1",2883401,"1",
"950012",224,"2",2883401,"1",
"950012",224,"3",2883401,"1",
"950012",224,"4",2883401,"1",
"950012",224,"5",2883401,"1",
"980000",40525,"1",2883401,"1",
"980000",40525,"2",2883401,"1",
"980000",40525,"3",2883401,"1",
"980000",40525,"4",2883401,"1",
"980000",40525,"5",2883401,"1",
"980070",39876,"1",2883401,"1",
"980070",39876,"2",2883401,"1",
"980070",39876,"3",2883401,"1",
"980070",39876,"4",2883401,"1",
"980070",39876,"5",2883401,"1",
"900000",40000,"1",2883402,"1",
"900000",40000,"2",2883402,"1",
"900000",40000,"3",2883402,"1",
"900000",40000,"4",2883402,"1",
"900000",40000,"5",2883402,"1",
"900180",525,"1",2883402,"1",
"900180",525,"2",2883402,"1",
"900180",525,"3",2883402,"1",
"900180",525,"4",2883402,"1",
"900180",525,"5",2883402,"1",
"950002",425,"1",2883402,"1",
"950002",425,"2",2883402,"1",
"950002",425,"3",2883402,"1",
"950002",425,"4",2883402,"1",
"950002",425,"5",2883402,"1",
"950012",224,"1",2883402,"1",
"950012",224,"2",2883402,"1",
"950012",224,"3",2883402,"1",
"950012",224,"4",2883402,"1",
"950012",224,"5",2883402,"1",
"980000",40525,"1",2883402,"1",
"980000",40525,"2",2883402,"1",
"980000",40525,"3",2883402,"1",
"980000",40525,"4",2883402,"1",
"980000",40525,"5",2883402,"1",
"980070",39876,"1",2883402,"1",
"980070",39876,"2",2883402,"1",
"980070",39876,"3",2883402,"1",
"980070",39876,"4",2883402,"1",
"980070",39876,"5",2883402,"1",
"900000",35000,"1",2883411,"1",
"900000",35000,"2",2883411,"1",
"900000",35000,"3",2883411,"1",
"900000",35000,"4",2883411,"1",
"900000",35000,"5",2883411,"1",
"980000",35000,"1",2883411,"1",
"980000",35000,"2",2883411,"1",
"980000",35000,"3",2883411,"1",
"980000",35000,"4",2883411,"1",
"980000",35000,"5",2883411,"1",
"980070",39300,"1",2883411,"1",
"980070",39300,"2",2883411,"1",
"980070",39300,"3",2883411,"1",
"980070",39300,"4",2883411,"1",
"980070",39300,"5",2883411,"1",
"900000",35000,"1",2883412,"1",
"900000",35000,"2",2883412,"1",
"900000",35000,"3",2883412,"1",
"900000",35000,"4",2883412,"1",
"900000",35000,"5",2883412,"1",
"980000",35000,"1",2883412,"1",
"980000",35000,"2",2883412,"1",
"980000",35000,"3",2883412,"1",
"980000",35000,"4",2883412,"1",
"980000",35000,"5",2883412,"1",
"980070",39300,"1",2883412,"1",
"980070",39300,"2",2883412,"1",
"980070",39300,"3",2883412,"1",
"980070",39300,"4",2883412,"1",
"980070",39300,"5",2883412,"1",
"900000",45000,"1",2883421,"1",
"900000",45000,"2",2883421,"1",
"900000",45000,"3",2883421,"1",
"900000",45000,"4",2883421,"1",
"900000",45000,"5",2883421,"1",
"900150",7200,"1",2883421,"1",
"900150",7200,"2",2883421,"1",
"900150",7200,"3",2883421,"1",
"900150",7200,"4",2883421,"1",
"900150",7200,"5",2883421,"1",
"900160",3166,"1",2883421,"1",
"900160",-995,"2",2883421,"1",
"900160",5216,"3",2883421,"1",
"900160",-6820,"4",2883421,"1",
"900160",622,"5",2883421,"1",
"980000",55366,"1",2883421,"1",
"980000",51205,"2",2883421,"1",
"980000",57416,"3",2883421,"1",
"980000",45380,"4",2883421,"1",
"980000",52822,"5",2883421,"1",
"980070",60366,"1",2883421,"1",
"980070",56205,"2",2883421,"1",
"980070",62416,"3",2883421,"1",
"980070",50380,"4",2883421,"1",
"980070",57822,"5",2883421,"1",
"900000",45000,"1",2883422,"1",
"900000",45000,"2",2883422,"1",
"900000",45000,"3",2883422,"1",
"900000",45000,"4",2883422,"1",
"900000",45000,"5",2883422,"1",
"900150",7200,"1",2883422,"1",
"900150",7200,"2",2883422,"1",
"900150",7200,"3",2883422,"1",
"900150",7200,"4",2883422,"1",
"900150",7200,"5",2883422,"1",
"900160",77,"1",2883422,"1",
"900160",31470,"2",2883422,"1",
"900160",10744,"3",2883422,"1",
"900160",16337,"4",2883422,"1",
"900160",8165,"5",2883422,"1",
"980000",52277,"1",2883422,"1",
"980000",83670,"2",2883422,"1",
"980000",62944,"3",2883422,"1",
"980000",68537,"4",2883422,"1",
"980000",60365,"5",2883422,"1",
"980070",57277,"1",2883422,"1",
"980070",88670,"2",2883422,"1",
"980070",67944,"3",2883422,"1",
"980070",73537,"4",2883422,"1",
"980070",65365,"5",2883422,"1",
"900000",77499,"1",2883441,"1",
"900000",145163,"2",2883441,"1",
"900000",69409,"3",2883441,"1",
"900000",60771,"4",2883441,"1",
"900000",52016,"5",2883441,"1",
"980000",77499,"1",2883441,"1",
"980000",145163,"2",2883441,"1",
"980000",69409,"3",2883441,"1",
"980000",60771,"4",2883441,"1",
"980000",52016,"5",2883441,"1",
"980070",77499,"1",2883441,"1",
"980070",145163,"2",2883441,"1",
"980070",69409,"3",2883441,"1",
"980070",60771,"4",2883441,"1",
"980070",52016,"5",2883441,"1",
"900000",43269,"1",2883442,"1",
"900000",117835,"2",2883442,"1",
"900000",95087,"3",2883442,"1",
"900000",35691,"4",2883442,"1",
"900000",76106,"5",2883442,"1",
"980000",43269,"1",2883442,"1",
"980000",117835,"2",2883442,"1",
"980000",95087,"3",2883442,"1",
"980000",35691,"4",2883442,"1",
"980000",76106,"5",2883442,"1",
"980070",43269,"1",2883442,"1",
"980070",117835,"2",2883442,"1",
"980070",95087,"3",2883442,"1",
"980070",35691,"4",2883442,"1",
"980070",76106,"5",2883442,"1",
"900000",132000,"1",2883451,"1",
"900000",132000,"2",2883451,"1",
"900000",132000,"3",2883451,"1",
"900000",132000,"4",2883451,"1",
"900000",132000,"5",2883451,"1",
"900180",770,"1",2883451,"1",
"900180",139,"2",2883451,"1",
"900180",81,"3",2883451,"1",
"900180",11,"4",2883451,"1",
"900180",95,"5",2883451,"1",
"980000",132770,"1",2883451,"1",
"980000",132139,"2",2883451,"1",
"980000",132081,"3",2883451,"1",
"980000",132011,"4",2883451,"1",
"980000",132095,"5",2883451,"1",
"980070",132670,"1",2883451,"1",
"980070",132039,"2",2883451,"1",
"980070",131981,"3",2883451,"1",
"980070",131911,"4",2883451,"1",
"980070",131995,"5",2883451,"1",
"900000",132000,"1",2883452,"1",
"900000",132000,"2",2883452,"1",
"900000",132000,"3",2883452,"1",
"900000",132000,"4",2883452,"1",
"900000",132000,"5",2883452,"1",
"900180",123,"1",2883452,"1",
"900180",276,"2",2883452,"1",
"900180",129,"3",2883452,"1",
"900180",38,"4",2883452,"1",
"900180",493,"5",2883452,"1",
"980000",132123,"1",2883452,"1",
"980000",132276,"2",2883452,"1",
"980000",132129,"3",2883452,"1",
"980000",132038,"4",2883452,"1",
"980000",132493,"5",2883452,"1",
"980070",132023,"1",2883452,"1",
"980070",132176,"2",2883452,"1",
"980070",132029,"3",2883452,"1",
"980070",131938,"4",2883452,"1",
"980070",132393,"5",2883452,"1",
"900000",42200,"1",2883471,"1",
"900000",42200,"2",2883471,"1",
"900000",42200,"3",2883471,"1",
"900000",42200,"4",2883471,"1",
"900000",42200,"5",2883471,"1",
"950012",1320,"1",2883471,"1",
"950012",1320,"2",2883471,"1",
"950012",1320,"3",2883471,"1",
"950012",1320,"4",2883471,"1",
"950012",1320,"5",2883471,"1",
"980000",42200,"1",2883471,"1",
"980000",42200,"2",2883471,"1",
"980000",42200,"3",2883471,"1",
"980000",42200,"4",2883471,"1",
"980000",42200,"5",2883471,"1",
"980070",40880,"1",2883471,"1",
"980070",40880,"2",2883471,"1",
"980070",40880,"3",2883471,"1",
"980070",40880,"4",2883471,"1",
"980070",40880,"5",2883471,"1",
"900000",42200,"1",2883472,"1",
"900000",42200,"2",2883472,"1",
"900000",42200,"3",2883472,"1",
"900000",42200,"4",2883472,"1",
"900000",42200,"5",2883472,"1",
"950012",1320,"1",2883472,"1",
"950012",1320,"2",2883472,"1",
"950012",1320,"3",2883472,"1",
"950012",1320,"4",2883472,"1",
"950012",1320,"5",2883472,"1",
"980000",42200,"1",2883472,"1",
"980000",42200,"2",2883472,"1",
"980000",42200,"3",2883472,"1",
"980000",42200,"4",2883472,"1",
"980000",42200,"5",2883472,"1",
"980070",40880,"1",2883472,"1",
"980070",40880,"2",2883472,"1",
"980070",40880,"3",2883472,"1",
"980070",40880,"4",2883472,"1",
"980070",40880,"5",2883472,"1",
"900030",33490,"1",2883501,"1",
"900030",33490,"2",2883501,"1",
"900030",33490,"3",2883501,"1",
"900030",33490,"4",2883501,"1",
"900030",33490,"5",2883501,"1",
"980000",33490,"1",2883501,"1",
"980000",33490,"2",2883501,"1",
"980000",33490,"3",2883501,"1",
"980000",33490,"4",2883501,"1",
"980000",33490,"5",2883501,"1",
"980070",33490,"1",2883501,"1",
"980070",33490,"2",2883501,"1",
"980070",33490,"3",2883501,"1",
"980070",33490,"4",2883501,"1",
"980070",33490,"5",2883501,"1",
"900030",33490,"1",2883502,"1",
"900030",33490,"2",2883502,"1",
"900030",33490,"3",2883502,"1",
"900030",33490,"4",2883502,"1",
"900030",33490,"5",2883502,"1",
"980000",33490,"1",2883502,"1",
"980000",33490,"2",2883502,"1",
"980000",33490,"3",2883502,"1",
"980000",33490,"4",2883502,"1",
"980000",33490,"5",2883502,"1",
"980070",33490,"1",2883502,"1",
"980070",33490,"2",2883502,"1",
"980070",33490,"3",2883502,"1",
"980070",33490,"4",2883502,"1",
"980070",33490,"5",2883502,"1",
"800940",4284,"1",2883511,"1",
"800940",4284,"2",2883511,"1",
"800940",4284,"3",2883511,"1",
"800940",4284,"4",2883511,"1",
"800940",4284,"5",2883511,"1",
"900000",74000,"1",2883511,"1",
"900000",74000,"2",2883511,"1",
"900000",74000,"3",2883511,"1",
"900000",74000,"4",2883511,"1",
"900000",74000,"5",2883511,"1",
"900160",-9000,"1",2883511,"1",
"900160",-9000,"2",2883511,"1",
"900160",-9000,"3",2883511,"1",
"900160",-9000,"4",2883511,"1",
"900160",-9000,"5",2883511,"1",
"900180",2000,"1",2883511,"1",
"900180",2000,"2",2883511,"1",
"900180",2000,"3",2883511,"1",
"900180",2000,"4",2883511,"1",
"900180",2000,"5",2883511,"1",
"980000",67000,"1",2883511,"1",
"980000",67000,"2",2883511,"1",
"980000",67000,"3",2883511,"1",
"980000",67000,"4",2883511,"1",
"980000",67000,"5",2883511,"1",
"980070",69000,"1",2883511,"1",
"980070",69000,"2",2883511,"1",
"980070",69000,"3",2883511,"1",
"980070",69000,"4",2883511,"1",
"980070",69000,"5",2883511,"1",
"800940",4284,"1",2883512,"1",
"800940",4284,"2",2883512,"1",
"800940",4284,"3",2883512,"1",
"800940",4284,"4",2883512,"1",
"800940",4284,"5",2883512,"1",
"900000",74000,"1",2883512,"1",
"900000",74000,"2",2883512,"1",
"900000",74000,"3",2883512,"1",
"900000",74000,"4",2883512,"1",
"900000",74000,"5",2883512,"1",
"900160",-9000,"1",2883512,"1",
"900160",-9000,"2",2883512,"1",
"900160",-9000,"3",2883512,"1",
"900160",-9000,"4",2883512,"1",
"900160",-9000,"5",2883512,"1",
"900180",2000,"1",2883512,"1",
"900180",2000,"2",2883512,"1",
"900180",2000,"3",2883512,"1",
"900180",2000,"4",2883512,"1",
"900180",2000,"5",2883512,"1",
"980000",67000,"1",2883512,"1",
"980000",67000,"2",2883512,"1",
"980000",67000,"3",2883512,"1",
"980000",67000,"4",2883512,"1",
"980000",67000,"5",2883512,"1",
"980070",69000,"1",2883512,"1",
"980070",69000,"2",2883512,"1",
"980070",69000,"3",2883512,"1",
"980070",69000,"4",2883512,"1",
"980070",69000,"5",2883512,"1",
"900000",40000,"1",2883522,"1",
"900000",40000,"2",2883522,"1",
"900000",40000,"3",2883522,"1",
"900000",40000,"4",2883522,"1",
"900000",40000,"5",2883522,"1",
"900180",200,"1",2883522,"1",
"900180",200,"2",2883522,"1",
"900180",200,"3",2883522,"1",
"900180",200,"4",2883522,"1",
"900180",200,"5",2883522,"1",
"900210",36000,"1",2883522,"1",
"900210",36000,"2",2883522,"1",
"900210",36000,"3",2883522,"1",
"900210",36000,"4",2883522,"1",
"900210",36000,"5",2883522,"1",
"980000",76200,"1",2883522,"1",
"980000",76200,"2",2883522,"1",
"980000",76200,"3",2883522,"1",
"980000",76200,"4",2883522,"1",
"980000",76200,"5",2883522,"1",
"980070",76200,"1",2883522,"1",
"980070",76200,"2",2883522,"1",
"980070",76200,"3",2883522,"1",
"980070",76200,"4",2883522,"1",
"980070",76200,"5",2883522,"1",
"900000",60000,"1",2883531,"1",
"900000",60000,"2",2883531,"1",
"900000",60000,"3",2883531,"1",
"900000",60000,"4",2883531,"1",
"900000",60000,"5",2883531,"1",
"980000",60000,"1",2883531,"1",
"980000",60000,"2",2883531,"1",
"980000",60000,"3",2883531,"1",
"980000",60000,"4",2883531,"1",
"980000",60000,"5",2883531,"1",
"980070",60100,"1",2883531,"1",
"980070",60100,"2",2883531,"1",
"980070",60100,"3",2883531,"1",
"980070",60100,"4",2883531,"1",
"980070",60100,"5",2883531,"1",
"900000",60000,"1",2883532,"1",
"900000",60000,"2",2883532,"1",
"900000",60000,"3",2883532,"1",
"900000",60000,"4",2883532,"1",
"900000",60000,"5",2883532,"1",
"980000",60000,"1",2883532,"1",
"980000",60000,"2",2883532,"1",
"980000",60000,"3",2883532,"1",
"980000",60000,"4",2883532,"1",
"980000",60000,"5",2883532,"1",
"980070",60100,"1",2883532,"1",
"980070",60100,"2",2883532,"1",
"980070",60100,"3",2883532,"1",
"980070",60100,"4",2883532,"1",
"980070",60100,"5",2883532,"1",
"900000",70000,"1",2883541,"1",
"900000",70000,"2",2883541,"1",
"900000",70000,"3",2883541,"1",
"900000",70000,"4",2883541,"1",
"900000",70000,"5",2883541,"1",
"980000",70000,"1",2883541,"1",
"980000",70000,"2",2883541,"1",
"980000",70000,"3",2883541,"1",
"980000",70000,"4",2883541,"1",
"980000",70000,"5",2883541,"1",
"980070",70000,"1",2883541,"1",
"980070",70000,"2",2883541,"1",
"980070",70000,"3",2883541,"1",
"980070",70000,"4",2883541,"1",
"980070",70000,"5",2883541,"1",
"900000",94000,"1",2883571,"1",
"900000",94000,"2",2883571,"1",
"900000",94000,"3",2883571,"1",
"900000",94000,"4",2883571,"1",
"900000",94000,"5",2883571,"1",
"980000",94000,"1",2883571,"1",
"980000",94000,"2",2883571,"1",
"980000",94000,"3",2883571,"1",
"980000",94000,"4",2883571,"1",
"980000",94000,"5",2883571,"1",
"980070",96200,"1",2883571,"1",
"980070",96200,"2",2883571,"1",
"980070",96200,"3",2883571,"1",
"980070",96200,"4",2883571,"1",
"980070",96200,"5",2883571,"1",
"900000",94000,"1",2883572,"1",
"900000",94000,"2",2883572,"1",
"900000",94000,"3",2883572,"1",
"900000",94000,"4",2883572,"1",
"900000",94000,"5",2883572,"1",
"980000",94000,"1",2883572,"1",
"980000",94000,"2",2883572,"1",
"980000",94000,"3",2883572,"1",
"980000",94000,"4",2883572,"1",
"980000",94000,"5",2883572,"1",
"980070",96200,"1",2883572,"1",
"980070",96200,"2",2883572,"1",
"980070",96200,"3",2883572,"1",
"980070",96200,"4",2883572,"1",
"980070",96200,"5",2883572,"1",
"900000",625,"1",2883581,"1",
"900000",18088,"2",2883581,"1",
"900000",35053,"3",2883581,"1",
"900000",46444,"4",2883581,"1",
"900000",41982,"5",2883581,"1",
"900150",300,"1",2883581,"1",
"900150",300,"2",2883581,"1",
"900150",300,"3",2883581,"1",
"900150",300,"4",2883581,"1",
"900150",300,"5",2883581,"1",
"980000",925,"1",2883581,"1",
"980000",18388,"2",2883581,"1",
"980000",35353,"3",2883581,"1",
"980000",46744,"4",2883581,"1",
"980000",42282,"5",2883581,"1",
"980070",925,"1",2883581,"1",
"980070",18388,"2",2883581,"1",
"980070",35353,"3",2883581,"1",
"980070",46744,"4",2883581,"1",
"980070",42282,"5",2883581,"1",
"900000",5442,"1",2883582,"1",
"900000",2073,"2",2883582,"1",
"900000",1098,"3",2883582,"1",
"900000",27619,"4",2883582,"1",
"900000",30829,"5",2883582,"1",
"900150",300,"1",2883582,"1",
"900150",300,"2",2883582,"1",
"900150",300,"3",2883582,"1",
"900150",300,"4",2883582,"1",
"900150",300,"5",2883582,"1",
"980000",5742,"1",2883582,"1",
"980000",2373,"2",2883582,"1",
"980000",1398,"3",2883582,"1",
"980000",27919,"4",2883582,"1",
"980000",31129,"5",2883582,"1",
"980070",5742,"1",2883582,"1",
"980070",2373,"2",2883582,"1",
"980070",1398,"3",2883582,"1",
"980070",27919,"4",2883582,"1",
"980070",31129,"5",2883582,"1",
"900030",22308,"1",2883591,"1",
"900030",10932,"2",2883591,"1",
"900030",3960,"3",2883591,"1",
"900030",20904,"4",2883591,"1",
"900030",22572,"5",2883591,"1",
"900170",4341,"1",2883591,"1",
"900170",15613,"2",2883591,"1",
"900170",2817,"3",2883591,"1",
"900170",7654,"4",2883591,"1",
"900170",20860,"5",2883591,"1",
"980000",26649,"1",2883591,"1",
"980000",26545,"2",2883591,"1",
"980000",6777,"3",2883591,"1",
"980000",28558,"4",2883591,"1",
"980000",43432,"5",2883591,"1",
"980070",26649,"1",2883591,"1",
"980070",26545,"2",2883591,"1",
"980070",6777,"3",2883591,"1",
"980070",28558,"4",2883591,"1",
"980070",43432,"5",2883591,"1",
"900030",21528,"1",2883592,"1",
"900030",22596,"2",2883592,"1",
"900030",18768,"3",2883592,"1",
"900030",24840,"4",2883592,"1",
"900030",21600,"5",2883592,"1",
"900170",25192,"1",2883592,"1",
"900170",16804,"2",2883592,"1",
"900170",5426,"3",2883592,"1",
"900170",501,"4",2883592,"1",
"900170",43152,"5",2883592,"1",
"980000",46720,"1",2883592,"1",
"980000",39400,"2",2883592,"1",
"980000",24194,"3",2883592,"1",
"980000",25341,"4",2883592,"1",
"980000",64752,"5",2883592,"1",
"980070",46720,"1",2883592,"1",
"980070",39400,"2",2883592,"1",
"980070",24194,"3",2883592,"1",
"980070",25341,"4",2883592,"1",
"980070",64752,"5",2883592,"1",
"900000",40000,"1",2883611,"1",
"900000",40000,"2",2883611,"1",
"900000",40000,"3",2883611,"1",
"900000",40000,"4",2883611,"1",
"900000",40000,"5",2883611,"1",
"980000",40000,"1",2883611,"1",
"980000",40000,"2",2883611,"1",
"980000",40000,"3",2883611,"1",
"980000",40000,"4",2883611,"1",
"980000",40000,"5",2883611,"1",
"980070",40000,"1",2883611,"1",
"980070",40000,"2",2883611,"1",
"980070",40000,"3",2883611,"1",
"980070",40000,"4",2883611,"1",
"980070",40000,"5",2883611,"1",
"900000",40000,"1",2883612,"1",
"900000",40000,"2",2883612,"1",
"900000",40000,"3",2883612,"1",
"900000",40000,"4",2883612,"1",
"900000",40000,"5",2883612,"1",
"980000",40000,"1",2883612,"1",
"980000",40000,"2",2883612,"1",
"980000",40000,"3",2883612,"1",
"980000",40000,"4",2883612,"1",
"980000",40000,"5",2883612,"1",
"980070",40000,"1",2883612,"1",
"980070",40000,"2",2883612,"1",
"980070",40000,"3",2883612,"1",
"980070",40000,"4",2883612,"1",
"980070",40000,"5",2883612,"1",
"900000",62707,"1",2883621,"1",
"900000",60279,"2",2883621,"1",
"900000",60583,"3",2883621,"1",
"900000",60565,"4",2883621,"1",
"900000",62780,"5",2883621,"1",
"980000",62707,"1",2883621,"1",
"980000",60279,"2",2883621,"1",
"980000",60583,"3",2883621,"1",
"980000",60565,"4",2883621,"1",
"980000",62780,"5",2883621,"1",
"980070",63807,"1",2883621,"1",
"980070",61379,"2",2883621,"1",
"980070",61683,"3",2883621,"1",
"980070",61665,"4",2883621,"1",
"980070",63880,"5",2883621,"1",
"900000",61522,"1",2883622,"1",
"900000",62853,"2",2883622,"1",
"900000",69462,"3",2883622,"1",
"900000",63731,"4",2883622,"1",
"900000",67176,"5",2883622,"1",
"980000",61522,"1",2883622,"1",
"980000",62853,"2",2883622,"1",
"980000",69462,"3",2883622,"1",
"980000",63731,"4",2883622,"1",
"980000",67176,"5",2883622,"1",
"980070",62622,"1",2883622,"1",
"980070",63953,"2",2883622,"1",
"980070",70562,"3",2883622,"1",
"980070",64831,"4",2883622,"1",
"980070",68276,"5",2883622,"1",
"900030",30384,"1",2883641,"1",
"900030",31872,"2",2883641,"1",
"900030",13944,"3",2883641,"1",
"900030",24192,"4",2883641,"1",
"900030",37488,"5",2883641,"1",
"980000",30384,"1",2883641,"1",
"980000",31872,"2",2883641,"1",
"980000",13944,"3",2883641,"1",
"980000",24192,"4",2883641,"1",
"980000",37488,"5",2883641,"1",
"980070",30384,"1",2883641,"1",
"980070",31872,"2",2883641,"1",
"980070",13944,"3",2883641,"1",
"980070",24192,"4",2883641,"1",
"980070",37488,"5",2883641,"1",
"900030",26460,"1",2883642,"1",
"900030",23964,"2",2883642,"1",
"900030",24924,"3",2883642,"1",
"900030",24528,"4",2883642,"1",
"900030",21732,"5",2883642,"1",
"900170",71786,"1",2883642,"1","T"
"900170",71786,"2",2883642,"1","T"
"900170",71786,"3",2883642,"1","T"
"900170",71786,"4",2883642,"1","T"
"900170",71786,"5",2883642,"1","T"
"980000",96108,"1",2883642,"1","T"
"980000",96108,"2",2883642,"1","T"
"980000",96108,"3",2883642,"1","T"
"980000",96108,"4",2883642,"1","T"
"980000",96108,"5",2883642,"1","T"
"980070",96108,"1",2883642,"1","T"
"980070",96108,"2",2883642,"1","T"
"980070",96108,"3",2883642,"1","T"
"980070",96108,"4",2883642,"1","T"
"980070",96108,"5",2883642,"1","T"
"900000",122000,"1",2883651,"1",
"900000",122000,"2",2883651,"1",
"900000",122000,"3",2883651,"1",
"900000",122000,"4",2883651,"1",
"900000",122000,"5",2883651,"1",
"980000",122000,"1",2883651,"1",
"980000",122000,"2",2883651,"1",
"980000",122000,"3",2883651,"1",
"980000",122000,"4",2883651,"1",
"980000",122000,"5",2883651,"1",
"980070",125179,"1",2883651,"1",
"980070",125179,"2",2883651,"1",
"980070",125179,"3",2883651,"1",
"980070",125179,"4",2883651,"1",
"980070",125179,"5",2883651,"1",
"900000",122000,"1",2883652,"1",
"900000",122000,"2",2883652,"1",
"900000",122000,"3",2883652,"1",
"900000",122000,"4",2883652,"1",
"900000",122000,"5",2883652,"1",
"980000",122000,"1",2883652,"1",
"980000",122000,"2",2883652,"1",
"980000",122000,"3",2883652,"1",
"980000",122000,"4",2883652,"1",
"980000",122000,"5",2883652,"1",
"980070",125179,"1",2883652,"1",
"980070",125179,"2",2883652,"1",
"980070",125179,"3",2883652,"1",
"980070",125179,"4",2883652,"1",
"980070",125179,"5",2883652,"1",
"900000",50000,"1",2883671,"1",
"900000",50000,"2",2883671,"1",
"900000",50000,"3",2883671,"1",
"900000",50000,"4",2883671,"1",
"900000",50000,"5",2883671,"1",
"900180",10,"1",2883671,"1",
"900180",10,"2",2883671,"1",
"900180",10,"3",2883671,"1",
"900180",10,"4",2883671,"1",
"900180",10,"5",2883671,"1",
"980000",50010,"1",2883671,"1",
"980000",50010,"2",2883671,"1",
"980000",50010,"3",2883671,"1",
"980000",50010,"4",2883671,"1",
"980000",50010,"5",2883671,"1",
"980070",54010,"1",2883671,"1",
"980070",54010,"2",2883671,"1",
"980070",54010,"3",2883671,"1",
"980070",54010,"4",2883671,"1",
"980070",54010,"5",2883671,"1",
"900000",50000,"1",2883672,"1",
"900000",50000,"2",2883672,"1",
"900000",50000,"3",2883672,"1",
"900000",50000,"4",2883672,"1",
"900000",50000,"5",2883672,"1",
"900180",10,"1",2883672,"1",
"900180",10,"2",2883672,"1",
"900180",10,"3",2883672,"1",
"900180",10,"4",2883672,"1",
"900180",10,"5",2883672,"1",
"980000",50010,"1",2883672,"1",
"980000",50010,"2",2883672,"1",
"980000",50010,"3",2883672,"1",
"980000",50010,"4",2883672,"1",
"980000",50010,"5",2883672,"1",
"980070",54010,"1",2883672,"1",
"980070",54010,"2",2883672,"1",
"980070",54010,"3",2883672,"1",
"980070",54010,"4",2883672,"1",
"980070",54010,"5",2883672,"1",
"800940",14646,"1",2883691,"1","T"
"800940",14646,"2",2883691,"1","T"
"800940",14646,"3",2883691,"1","T"
"800940",14646,"4",2883691,"1","T"
"800940",14646,"5",2883691,"1","T"
"900000",108000,"1",2883691,"1",
"900000",108000,"2",2883691,"1",
"900000",108000,"3",2883691,"1",
"900000",108000,"4",2883691,"1",
"900000",108000,"5",2883691,"1",
"900160",20365,"1",2883691,"1",
"900160",61837,"2",2883691,"1",
"900160",145354,"3",2883691,"1",
"900160",10760,"4",2883691,"1",
"900160",31400,"5",2883691,"1",
"980000",128365,"1",2883691,"1",
"980000",169837,"2",2883691,"1",
"980000",253354,"3",2883691,"1",
"980000",118760,"4",2883691,"1",
"980000",139400,"5",2883691,"1",
"980070",128365,"1",2883691,"1",
"980070",169837,"2",2883691,"1",
"980070",253354,"3",2883691,"1",
"980070",118760,"4",2883691,"1",
"980070",139400,"5",2883691,"1",
"800940",14472,"1",2883692,"1","T"
"800940",14472,"2",2883692,"1","T"
"800940",14472,"3",2883692,"1","T"
"800940",14472,"4",2883692,"1","T"
"800940",14472,"5",2883692,"1","T"
"900000",108000,"1",2883692,"1",
"900000",108000,"2",2883692,"1",
"900000",108000,"3",2883692,"1",
"900000",108000,"4",2883692,"1",
"900000",108000,"5",2883692,"1",
"900160",57336,"1",2883692,"1",
"900160",35998,"2",2883692,"1",
"900160",9808,"3",2883692,"1",
"900160",3517,"4",2883692,"1",
"900160",44594,"5",2883692,"1",
"980000",165336,"1",2883692,"1",
"980000",143998,"2",2883692,"1",
"980000",117808,"3",2883692,"1",
"980000",111517,"4",2883692,"1",
"980000",152594,"5",2883692,"1",
"980070",165336,"1",2883692,"1",
"980070",143998,"2",2883692,"1",
"980070",117808,"3",2883692,"1",
"980070",111517,"4",2883692,"1",
"980070",152594,"5",2883692,"1",
"900030",18287,"1",2883711,"1",
"900030",17963,"2",2883711,"1",
"900030",19127,"3",2883711,"1",
"900030",18683,"4",2883711,"1",
"900030",19163,"5",2883711,"1",
"900170",9273,"1",2883711,"1",
"900170",37259,"2",2883711,"1",
"900170",20287,"3",2883711,"1",
"900170",6204,"4",2883711,"1",
"900170",10593,"5",2883711,"1",
"980000",27560,"1",2883711,"1",
"980000",55222,"2",2883711,"1",
"980000",39414,"3",2883711,"1",
"980000",24887,"4",2883711,"1",
"980000",29756,"5",2883711,"1",
"980070",27560,"1",2883711,"1",
"980070",55222,"2",2883711,"1",
"980070",39414,"3",2883711,"1",
"980070",24887,"4",2883711,"1",
"980070",29756,"5",2883711,"1",
"900030",18371,"1",2883712,"1",
"900030",17795,"2",2883712,"1",
"900030",18371,"3",2883712,"1",
"900030",18575,"4",2883712,"1",
"900030",20291,"5",2883712,"1",
"900170",436,"1",2883712,"1",
"900170",6098,"2",2883712,"1",
"900170",41314,"3",2883712,"1",
"900170",1794,"4",2883712,"1",
"900170",42283,"5",2883712,"1",
"980000",18807,"1",2883712,"1",
"980000",23893,"2",2883712,"1",
"980000",59685,"3",2883712,"1",
"980000",20369,"4",2883712,"1",
"980000",62574,"5",2883712,"1",
"980070",18807,"1",2883712,"1",
"980070",23893,"2",2883712,"1",
"980070",59685,"3",2883712,"1",
"980070",20369,"4",2883712,"1",
"980070",62574,"5",2883712,"1",
"900030",39898,"1",2883731,"1",
"900030",39898,"2",2883731,"1",
"900030",39898,"3",2883731,"1",
"900030",39898,"4",2883731,"1",
"900030",39898,"5",2883731,"1",
"900180",10,"1",2883731,"1",
"900180",6,"2",2883731,"1",
"900180",39,"3",2883731,"1",
"900180",81,"4",2883731,"1",
"900180",47,"5",2883731,"1",
"980000",39908,"1",2883731,"1",
"980000",39904,"2",2883731,"1",
"980000",39937,"3",2883731,"1",
"980000",39979,"4",2883731,"1",
"980000",39945,"5",2883731,"1",
"980070",37708,"1",2883731,"1",
"980070",37704,"2",2883731,"1",
"980070",37737,"3",2883731,"1",
"980070",37779,"4",2883731,"1",
"980070",37745,"5",2883731,"1",
"900030",39898,"1",2883732,"1",
"900030",39898,"2",2883732,"1",
"900030",39898,"3",2883732,"1",
"900030",39898,"4",2883732,"1",
"900030",39898,"5",2883732,"1",
"900180",85,"1",2883732,"1",
"900180",29,"2",2883732,"1",
"900180",59,"3",2883732,"1",
"900180",134,"4",2883732,"1",
"900180",5,"5",2883732,"1",
"980000",39983,"1",2883732,"1",
"980000",39927,"2",2883732,"1",
"980000",39957,"3",2883732,"1",
"980000",40032,"4",2883732,"1",
"980000",39903,"5",2883732,"1",
"980070",37783,"1",2883732,"1",
"980070",37727,"2",2883732,"1",
"980070",37757,"3",2883732,"1",
"980070",37832,"4",2883732,"1",
"980070",37703,"5",2883732,"1",
"900000",42905,"1",2883741,"1",
"900000",46442,"2",2883741,"1",
"900000",43973,"3",2883741,"1",
"900000",49991,"4",2883741,"1",
"900000",47654,"5",2883741,"1",
"980000",42905,"1",2883741,"1",
"980000",46442,"2",2883741,"1",
"980000",43973,"3",2883741,"1",
"980000",49991,"4",2883741,"1",
"980000",47654,"5",2883741,"1",
"980070",42905,"1",2883741,"1",
"980070",46442,"2",2883741,"1",
"980070",43973,"3",2883741,"1",
"980070",49991,"4",2883741,"1",
"980070",47654,"5",2883741,"1",
"900000",40847,"1",2883742,"1",
"900000",41181,"2",2883742,"1",
"900000",48797,"3",2883742,"1",
"900000",40573,"4",2883742,"1",
"900000",41657,"5",2883742,"1",
"980000",40847,"1",2883742,"1",
"980000",41181,"2",2883742,"1",
"980000",48797,"3",2883742,"1",
"980000",40573,"4",2883742,"1",
"980000",41657,"5",2883742,"1",
"980070",40847,"1",2883742,"1",
"980070",41181,"2",2883742,"1",
"980070",48797,"3",2883742,"1",
"980070",40573,"4",2883742,"1",
"980070",41657,"5",2883742,"1",
"900000",60709,"1",2883751,"1",
"900000",67968,"2",2883751,"1",
"900000",59863,"3",2883751,"1",
"900000",57470,"4",2883751,"1",
"900000",56867,"5",2883751,"1",
"900030",33130,"1",2883751,"1",
"900030",33670,"2",2883751,"1",
"900030",34426,"3",2883751,"1",
"900030",32674,"4",2883751,"1",
"900030",32854,"5",2883751,"1",
"900170",117,"1",2883751,"1",
"900170",1053,"2",2883751,"1",
"900170",8215,"3",2883751,"1",
"900170",604,"4",2883751,"1",
"900170",305,"5",2883751,"1",
"980000",93956,"1",2883751,"1",
"980000",102691,"2",2883751,"1",
"980000",102504,"3",2883751,"1",
"980000",90748,"4",2883751,"1",
"980000",90026,"5",2883751,"1",
"980070",93956,"1",2883751,"1",
"980070",102691,"2",2883751,"1",
"980070",102504,"3",2883751,"1",
"980070",90748,"4",2883751,"1",
"980070",90026,"5",2883751,"1",
"900000",60271,"1",2883752,"1",
"900000",54772,"2",2883752,"1",
"900000",56915,"3",2883752,"1",
"900000",68610,"4",2883752,"1",
"900000",69581,"5",2883752,"1",
"900030",37402,"1",2883752,"1",
"900030",34762,"2",2883752,"1",
"900030",32650,"3",2883752,"1",
"900030",32314,"4",2883752,"1",
"900030",33670,"5",2883752,"1",
"900170",20472,"1",2883752,"1",
"900170",22345,"2",2883752,"1",
"900170",10973,"3",2883752,"1",
"900170",73156,"4",2883752,"1",
"900170",13088,"5",2883752,"1",
"980000",118145,"1",2883752,"1",
"980000",111879,"2",2883752,"1",
"980000",100538,"3",2883752,"1",
"980000",174080,"4",2883752,"1",
"980000",116339,"5",2883752,"1",
"980070",118145,"1",2883752,"1",
"980070",111879,"2",2883752,"1",
"980070",100538,"3",2883752,"1",
"980070",174080,"4",2883752,"1",
"980070",116339,"5",2883752,"1",
"900000",24000,"1",2883761,"1",
"900000",24000,"2",2883761,"1",
"900000",24000,"3",2883761,"1",
"900000",24000,"4",2883761,"1",
"900000",24000,"5",2883761,"1",
"980000",24000,"1",2883761,"1",
"980000",24000,"2",2883761,"1",
"980000",24000,"3",2883761,"1",
"980000",24000,"4",2883761,"1",
"980000",24000,"5",2883761,"1",
"980070",24000,"1",2883761,"1",
"980070",24000,"2",2883761,"1",
"980070",24000,"3",2883761,"1",
"980070",24000,"4",2883761,"1",
"980070",24000,"5",2883761,"1",
"900000",24000,"1",2883762,"1",
"900000",24000,"2",2883762,"1",
"900000",24000,"3",2883762,"1",
"900000",24000,"4",2883762,"1",
"900000",24000,"5",2883762,"1",
"980000",24000,"1",2883762,"1",
"980000",24000,"2",2883762,"1",
"980000",24000,"3",2883762,"1",
"980000",24000,"4",2883762,"1",
"980000",24000,"5",2883762,"1",
"980070",24000,"1",2883762,"1",
"980070",24000,"2",2883762,"1",
"980070",24000,"3",2883762,"1",
"980070",24000,"4",2883762,"1",
"980070",24000,"5",2883762,"1",
"900000",33744,"1",2883771,"1",
"900000",32261,"2",2883771,"1",
"900000",39586,"3",2883771,"1",
"900000",31536,"4",2883771,"1",
"900000",31671,"5",2883771,"1",
"900190",33414,"1",2883771,"1",
"900190",35003,"2",2883771,"1",
"900190",36359,"3",2883771,"1",
"900190",39049,"4",2883771,"1",
"900190",37531,"5",2883771,"1",
"980000",67158,"1",2883771,"1",
"980000",67264,"2",2883771,"1",
"980000",75945,"3",2883771,"1",
"980000",70585,"4",2883771,"1",
"980000",69202,"5",2883771,"1",
"980070",67158,"1",2883771,"1",
"980070",67264,"2",2883771,"1",
"980070",75945,"3",2883771,"1",
"980070",70585,"4",2883771,"1",
"980070",69202,"5",2883771,"1",
"900000",34611,"1",2883772,"1",
"900000",30393,"2",2883772,"1",
"900000",33286,"3",2883772,"1",
"900000",34360,"4",2883772,"1",
"900000",31470,"5",2883772,"1",
"900190",39205,"1",2883772,"1",
"900190",32338,"2",2883772,"1",
"900190",31385,"3",2883772,"1",
"900190",33913,"4",2883772,"1",
"900190",33723,"5",2883772,"1",
"980000",73816,"1",2883772,"1",
"980000",62731,"2",2883772,"1",
"980000",64671,"3",2883772,"1",
"980000",68273,"4",2883772,"1",
"980000",65193,"5",2883772,"1",
"980070",73816,"1",2883772,"1",
"980070",62731,"2",2883772,"1",
"980070",64671,"3",2883772,"1",
"980070",68273,"4",2883772,"1",
"980070",65193,"5",2883772,"1",
"900030",25894,"1",2883821,"1",
"900030",25894,"2",2883821,"1",
"900030",25894,"3",2883821,"1",
"900030",25894,"4",2883821,"1",
"900030",25894,"5",2883821,"1",
"900150",850,"1",2883821,"1",
"900150",850,"2",2883821,"1",
"900150",850,"3",2883821,"1",
"900150",850,"4",2883821,"1",
"900150",850,"5",2883821,"1",
"980000",26744,"1",2883821,"1",
"980000",26744,"2",2883821,"1",
"980000",26744,"3",2883821,"1",
"980000",26744,"4",2883821,"1",
"980000",26744,"5",2883821,"1",
"980070",26744,"1",2883821,"1",
"980070",26744,"2",2883821,"1",
"980070",26744,"3",2883821,"1",
"980070",26744,"4",2883821,"1",
"980070",26744,"5",2883821,"1",
"900030",25894,"1",2883822,"1",
"900030",25894,"2",2883822,"1",
"900030",25894,"3",2883822,"1",
"900030",25894,"4",2883822,"1",
"900030",25894,"5",2883822,"1",
"900150",850,"1",2883822,"1",
"900150",850,"2",2883822,"1",
"900150",850,"3",2883822,"1",
"900150",850,"4",2883822,"1",
"900150",850,"5",2883822,"1",
"980000",26744,"1",2883822,"1",
"980000",26744,"2",2883822,"1",
"980000",26744,"3",2883822,"1",
"980000",26744,"4",2883822,"1",
"980000",26744,"5",2883822,"1",
"980070",26744,"1",2883822,"1",
"980070",26744,"2",2883822,"1",
"980070",26744,"3",2883822,"1",
"980070",26744,"4",2883822,"1",
"980070",26744,"5",2883822,"1",
"900000",57000,"1",2883831,"1",
"900000",74176,"2",2883831,"1",
"900000",53454,"3",2883831,"1",
"900000",63231,"4",2883831,"1",
"900000",61436,"5",2883831,"1",
"900030",6719,"1",2883831,"1",
"900030",13535,"2",2883831,"1",
"900030",12671,"3",2883831,"1",
"900030",15035,"4",2883831,"1",
"900030",12239,"5",2883831,"1",
"900170",1334,"1",2883831,"1",
"900170",2582,"2",2883831,"1",
"900170",532,"3",2883831,"1",
"900170",1274,"4",2883831,"1",
"900170",1116,"5",2883831,"1",
"980000",65053,"1",2883831,"1",
"980000",90293,"2",2883831,"1",
"980000",66657,"3",2883831,"1",
"980000",79540,"4",2883831,"1",
"980000",74791,"5",2883831,"1",
"980070",65053,"1",2883831,"1",
"980070",90293,"2",2883831,"1",
"980070",66657,"3",2883831,"1",
"980070",79540,"4",2883831,"1",
"980070",74791,"5",2883831,"1",
"900000",50718,"1",2883832,"1",
"900000",51811,"2",2883832,"1",
"900000",75034,"3",2883832,"1",
"900000",51906,"4",2883832,"1",
"900000",58503,"5",2883832,"1",
"900030",10007,"1",2883832,"1",
"900030",6359,"2",2883832,"1",
"900030",6803,"3",2883832,"1",
"900030",18731,"4",2883832,"1",
"900030",6335,"5",2883832,"1",
"900170",8656,"1",2883832,"1",
"900170",191,"2",2883832,"1",
"900170",1302,"3",2883832,"1",
"900170",1831,"4",2883832,"1",
"900170",89,"5",2883832,"1",
"980000",69381,"1",2883832,"1",
"980000",58361,"2",2883832,"1",
"980000",83139,"3",2883832,"1",
"980000",72468,"4",2883832,"1",
"980000",64927,"5",2883832,"1",
"980070",69381,"1",2883832,"1",
"980070",58361,"2",2883832,"1",
"980070",83139,"3",2883832,"1",
"980070",72468,"4",2883832,"1",
"980070",64927,"5",2883832,"1",
"900000",26784,"1",2883841,"1",
"900000",26556,"2",2883841,"1",
"900000",21162,"3",2883841,"1",
"900000",24250,"4",2883841,"1",
"900000",22208,"5",2883841,"1",
"900150",4800,"1",2883841,"1",
"900150",4800,"2",2883841,"1",
"900150",4800,"3",2883841,"1",
"900150",4800,"4",2883841,"1",
"900150",4800,"5",2883841,"1",
"980000",31584,"1",2883841,"1",
"980000",31356,"2",2883841,"1",
"980000",25962,"3",2883841,"1",
"980000",29050,"4",2883841,"1",
"980000",27008,"5",2883841,"1",
"980070",33984,"1",2883841,"1",
"980070",33756,"2",2883841,"1",
"980070",28362,"3",2883841,"1",
"980070",31450,"4",2883841,"1",
"980070",29408,"5",2883841,"1",
"900000",20577,"1",2883842,"1",
"900000",27441,"2",2883842,"1",
"900000",22346,"3",2883842,"1",
"900000",25959,"4",2883842,"1",
"900000",21469,"5",2883842,"1",
"900150",4800,"1",2883842,"1",
"900150",4800,"2",2883842,"1",
"900150",4800,"3",2883842,"1",
"900150",4800,"4",2883842,"1",
"900150",4800,"5",2883842,"1",
"980000",25377,"1",2883842,"1",
"980000",32241,"2",2883842,"1",
"980000",27146,"3",2883842,"1",
"980000",30759,"4",2883842,"1",
"980000",26269,"5",2883842,"1",
"980070",27777,"1",2883842,"1",
"980070",34641,"2",2883842,"1",
"980070",29546,"3",2883842,"1",
"980070",33159,"4",2883842,"1",
"980070",28669,"5",2883842,"1",
"900000",25000,"1",2883851,"1",
"900000",25000,"2",2883851,"1",
"900000",25000,"3",2883851,"1",
"900000",25000,"4",2883851,"1",
"900000",25000,"5",2883851,"1",
"980000",25000,"1",2883851,"1",
"980000",25000,"2",2883851,"1",
"980000",25000,"3",2883851,"1",
"980000",25000,"4",2883851,"1",
"980000",25000,"5",2883851,"1",
"980070",25000,"1",2883851,"1",
"980070",25000,"2",2883851,"1",
"980070",25000,"3",2883851,"1",
"980070",25000,"4",2883851,"1",
"980070",25000,"5",2883851,"1",
"900000",25000,"1",2883852,"1",
"900000",25000,"2",2883852,"1",
"900000",25000,"3",2883852,"1",
"900000",25000,"4",2883852,"1",
"900000",25000,"5",2883852,"1",
"980000",25000,"1",2883852,"1",
"980000",25000,"2",2883852,"1",
"980000",25000,"3",2883852,"1",
"980000",25000,"4",2883852,"1",
"980000",25000,"5",2883852,"1",
"980070",25000,"1",2883852,"1",
"980070",25000,"2",2883852,"1",
"980070",25000,"3",2883852,"1",
"980070",25000,"4",2883852,"1",
"980070",25000,"5",2883852,"1",
"800940",918,"1",2883861,"1",
"800940",918,"2",2883861,"1",
"800940",918,"3",2883861,"1",
"800940",918,"4",2883861,"1",
"800940",918,"5",2883861,"1",
"900000",12000,"1",2883861,"1",
"900000",12000,"2",2883861,"1",
"900000",12000,"3",2883861,"1",
"900000",12000,"4",2883861,"1",
"900000",12000,"5",2883861,"1",
"900030",9360,"1",2883861,"1",
"900030",9360,"2",2883861,"1",
"900030",9360,"3",2883861,"1",
"900030",9360,"4",2883861,"1",
"900030",9360,"5",2883861,"1",
"900140",10500,"1",2883861,"1",
"900140",10500,"2",2883861,"1",
"900140",10500,"3",2883861,"1",
"900140",10500,"4",2883861,"1",
"900140",10500,"5",2883861,"1",
"900160",125000,"1",2883861,"1",
"900160",125000,"2",2883861,"1",
"900160",125000,"3",2883861,"1",
"900160",125000,"4",2883861,"1",
"900160",125000,"5",2883861,"1",
"900180",150,"1",2883861,"1",
"900180",150,"2",2883861,"1",
"900180",150,"3",2883861,"1",
"900180",150,"4",2883861,"1",
"900180",150,"5",2883861,"1",
"900190",15000,"1",2883861,"1",
"900190",15000,"2",2883861,"1",
"900190",15000,"3",2883861,"1",
"900190",15000,"4",2883861,"1",
"900190",15000,"5",2883861,"1",
"980000",172010,"1",2883861,"1",
"980000",172010,"2",2883861,"1",
"980000",172010,"3",2883861,"1",
"980000",172010,"4",2883861,"1",
"980000",172010,"5",2883861,"1",
"980070",132010,"1",2883861,"1",
"980070",132010,"2",2883861,"1",
"980070",132010,"3",2883861,"1",
"980070",132010,"4",2883861,"1",
"980070",132010,"5",2883861,"1",
"800940",918,"1",2883862,"1",
"800940",918,"2",2883862,"1",
"800940",918,"3",2883862,"1",
"800940",918,"4",2883862,"1",
"800940",918,"5",2883862,"1",
"900000",12000,"1",2883862,"1",
"900000",12000,"2",2883862,"1",
"900000",12000,"3",2883862,"1",
"900000",12000,"4",2883862,"1",
"900000",12000,"5",2883862,"1",
"900030",9360,"1",2883862,"1",
"900030",9360,"2",2883862,"1",
"900030",9360,"3",2883862,"1",
"900030",9360,"4",2883862,"1",
"900030",9360,"5",2883862,"1",
"900140",10500,"1",2883862,"1",
"900140",10500,"2",2883862,"1",
"900140",10500,"3",2883862,"1",
"900140",10500,"4",2883862,"1",
"900140",10500,"5",2883862,"1",
"900160",125000,"1",2883862,"1",
"900160",125000,"2",2883862,"1",
"900160",125000,"3",2883862,"1",
"900160",125000,"4",2883862,"1",
"900160",125000,"5",2883862,"1",
"900180",150,"1",2883862,"1",
"900180",150,"2",2883862,"1",
"900180",150,"3",2883862,"1",
"900180",150,"4",2883862,"1",
"900180",150,"5",2883862,"1",
"900190",15000,"1",2883862,"1",
"900190",15000,"2",2883862,"1",
"900190",15000,"3",2883862,"1",
"900190",15000,"4",2883862,"1",
"900190",15000,"5",2883862,"1",
"980000",172010,"1",2883862,"1",
"980000",172010,"2",2883862,"1",
"980000",172010,"3",2883862,"1",
"980000",172010,"4",2883862,"1",
"980000",172010,"5",2883862,"1",
"980070",132010,"1",2883862,"1",
"980070",132010,"2",2883862,"1",
"980070",132010,"3",2883862,"1",
"980070",132010,"4",2883862,"1",
"980070",132010,"5",2883862,"1",
"900000",51486,"1",2883871,"1",
"900000",68674,"2",2883871,"1",
"900000",44265,"3",2883871,"1",
"900000",71048,"4",2883871,"1",
"900000",86580,"5",2883871,"1",
"980000",51486,"1",2883871,"1",
"980000",68674,"2",2883871,"1",
"980000",44265,"3",2883871,"1",
"980000",71048,"4",2883871,"1",
"980000",86580,"5",2883871,"1",
"980070",52136,"1",2883871,"1",
"980070",69324,"2",2883871,"1",
"980070",44915,"3",2883871,"1",
"980070",71698,"4",2883871,"1",
"980070",87230,"5",2883871,"1",
"900000",47753,"1",2883872,"1",
"900000",74899,"2",2883872,"1",
"900000",54998,"3",2883872,"1",
"900000",43816,"4",2883872,"1",
"900000",11193,"5",2883872,"1",
"980000",47753,"1",2883872,"1",
"980000",74899,"2",2883872,"1",
"980000",54998,"3",2883872,"1",
"980000",43816,"4",2883872,"1",
"980000",11193,"5",2883872,"1",
"980070",48403,"1",2883872,"1",
"980070",75549,"2",2883872,"1",
"980070",55648,"3",2883872,"1",
"980070",44466,"4",2883872,"1",
"980070",11843,"5",2883872,"1",
"900030",27539,"1",2883881,"1",
"900030",25103,"2",2883881,"1",
"900030",24119,"3",2883881,"1",
"900030",23999,"4",2883881,"1",
"900030",26963,"5",2883881,"1",
"980000",27539,"1",2883881,"1",
"980000",25103,"2",2883881,"1",
"980000",24119,"3",2883881,"1",
"980000",23999,"4",2883881,"1",
"980000",26963,"5",2883881,"1",
"980070",28139,"1",2883881,"1",
"980070",25703,"2",2883881,"1",
"980070",24719,"3",2883881,"1",
"980070",24599,"4",2883881,"1",
"980070",27563,"5",2883881,"1",
"900030",27827,"1",2883882,"1",
"900030",24203,"2",2883882,"1",
"900030",23291,"3",2883882,"1",
"900030",24971,"4",2883882,"1",
"900030",25355,"5",2883882,"1",
"980000",27827,"1",2883882,"1",
"980000",24203,"2",2883882,"1",
"980000",23291,"3",2883882,"1",
"980000",24971,"4",2883882,"1",
"980000",25355,"5",2883882,"1",
"980070",28427,"1",2883882,"1",
"980070",24803,"2",2883882,"1",
"980070",23891,"3",2883882,"1",
"980070",25571,"4",2883882,"1",
"980070",25955,"5",2883882,"1",
"900000",205487,"1",2883901,"1","T"
"900000",205487,"2",2883901,"1","T"
"900000",205487,"3",2883901,"1","T"
"900000",205487,"4",2883901,"1","T"
"900000",205487,"5",2883901,"1","T"
"980000",205487,"1",2883901,"1","T"
"980000",205487,"2",2883901,"1","T"
"980000",205487,"3",2883901,"1","T"
"980000",205487,"4",2883901,"1","T"
"980000",205487,"5",2883901,"1","T"
"980070",205887,"1",2883901,"1","T"
"980070",205887,"2",2883901,"1","T"
"980070",205887,"3",2883901,"1","T"
"980070",205887,"4",2883901,"1","T"
"980070",205887,"5",2883901,"1","T"
"900000",205487,"1",2883902,"1","T"
"900000",205487,"2",2883902,"1","T"
"900000",205487,"3",2883902,"1","T"
"900000",205487,"4",2883902,"1","T"
"900000",205487,"5",2883902,"1","T"
"980000",205487,"1",2883902,"1","T"
"980000",205487,"2",2883902,"1","T"
"980000",205487,"3",2883902,"1","T"
"980000",205487,"4",2883902,"1","T"
"980000",205487,"5",2883902,"1","T"
"980070",205887,"1",2883902,"1","T"
"980070",205887,"2",2883902,"1","T"
"980070",205887,"3",2883902,"1","T"
"980070",205887,"4",2883902,"1","T"
"980070",205887,"5",2883902,"1","T"
"900030",27382,"1",2883921,"1",
"900030",31126,"2",2883921,"1",
"900030",17686,"3",2883921,"1",
"900030",22126,"4",2883921,"1",
"900030",26194,"5",2883921,"1",
"980000",27382,"1",2883921,"1",
"980000",31126,"2",2883921,"1",
"980000",17686,"3",2883921,"1",
"980000",22126,"4",2883921,"1",
"980000",26194,"5",2883921,"1",
"980070",27382,"1",2883921,"1",
"980070",31126,"2",2883921,"1",
"980070",17686,"3",2883921,"1",
"980070",22126,"4",2883921,"1",
"980070",26194,"5",2883921,"1",
"900030",36046,"1",2883922,"1",
"900030",23134,"2",2883922,"1",
"900030",30934,"3",2883922,"1",
"900030",33418,"4",2883922,"1",
"900030",22966,"5",2883922,"1",
"980000",36046,"1",2883922,"1",
"980000",23134,"2",2883922,"1",
"980000",30934,"3",2883922,"1",
"980000",33418,"4",2883922,"1",
"980000",22966,"5",2883922,"1",
"980070",36046,"1",2883922,"1",
"980070",23134,"2",2883922,"1",
"980070",30934,"3",2883922,"1",
"980070",33418,"4",2883922,"1",
"980070",22966,"5",2883922,"1",
"900000",37000,"1",2883932,"1",
"900000",37000,"2",2883932,"1",
"900000",37000,"3",2883932,"1",
"900000",37000,"4",2883932,"1",
"900000",37000,"5",2883932,"1",
"950002",3083,"1",2883932,"1",
"950002",3083,"2",2883932,"1",
"950002",3083,"3",2883932,"1",
"950002",3083,"4",2883932,"1",
"950002",3083,"5",2883932,"1",
"980000",37000,"1",2883932,"1",
"980000",37000,"2",2883932,"1",
"980000",37000,"3",2883932,"1",
"980000",37000,"4",2883932,"1",
"980000",37000,"5",2883932,"1",
"980070",35267,"1",2883932,"1",
"980070",35267,"2",2883932,"1",
"980070",35267,"3",2883932,"1",
"980070",35267,"4",2883932,"1",
"980070",35267,"5",2883932,"1",
"900000",52000,"1",2883941,"1",
"900000",52000,"2",2883941,"1",
"900000",52000,"3",2883941,"1",
"900000",52000,"4",2883941,"1",
"900000",52000,"5",2883941,"1",
"980000",52000,"1",2883941,"1",
"980000",52000,"2",2883941,"1",
"980000",52000,"3",2883941,"1",
"980000",52000,"4",2883941,"1",
"980000",52000,"5",2883941,"1",
"980070",52000,"1",2883941,"1",
"980070",52000,"2",2883941,"1",
"980070",52000,"3",2883941,"1",
"980070",52000,"4",2883941,"1",
"980070",52000,"5",2883941,"1",
"900000",52000,"1",2883942,"1",
"900000",52000,"2",2883942,"1",
"900000",52000,"3",2883942,"1",
"900000",52000,"4",2883942,"1",
"900000",52000,"5",2883942,"1",
"980000",52000,"1",2883942,"1",
"980000",52000,"2",2883942,"1",
"980000",52000,"3",2883942,"1",
"980000",52000,"4",2883942,"1",
"980000",52000,"5",2883942,"1",
"980070",52000,"1",2883942,"1",
"980070",52000,"2",2883942,"1",
"980070",52000,"3",2883942,"1",
"980070",52000,"4",2883942,"1",
"980070",52000,"5",2883942,"1",
"900000",6518,"1",2883961,"1",
"900000",24291,"2",2883961,"1",
"900000",105705,"3",2883961,"1",
"900000",50002,"4",2883961,"1",
"900000",37313,"5",2883961,"1",
"900030",10583,"1",2883961,"1",
"900030",20867,"2",2883961,"1",
"900030",18863,"3",2883961,"1",
"900030",18959,"4",2883961,"1",
"900030",16367,"5",2883961,"1",
"980000",17101,"1",2883961,"1",
"980000",45158,"2",2883961,"1",
"980000",124568,"3",2883961,"1",
"980000",68961,"4",2883961,"1",
"980000",53680,"5",2883961,"1",
"980070",17101,"1",2883961,"1",
"980070",45158,"2",2883961,"1",
"980070",124568,"3",2883961,"1",
"980070",68961,"4",2883961,"1",
"980070",53680,"5",2883961,"1",
"900000",52551,"1",2883962,"1",
"900000",32694,"2",2883962,"1",
"900000",43881,"3",2883962,"1",
"900000",71562,"4",2883962,"1",
"900000",49366,"5",2883962,"1",
"900030",15923,"1",2883962,"1",
"900030",10859,"2",2883962,"1",
"900030",15887,"3",2883962,"1",
"900030",10403,"4",2883962,"1",
"900030",17123,"5",2883962,"1",
"980000",68474,"1",2883962,"1",
"980000",43553,"2",2883962,"1",
"980000",59768,"3",2883962,"1",
"980000",81965,"4",2883962,"1",
"980000",66489,"5",2883962,"1",
"980070",68474,"1",2883962,"1",
"980070",43553,"2",2883962,"1",
"980070",59768,"3",2883962,"1",
"980070",81965,"4",2883962,"1",
"980070",66489,"5",2883962,"1",
"800940",5592,"1",2883971,"1",
"800940",5737,"2",2883971,"1",
"800940",5089,"3",2883971,"1",
"800940",7437,"4",2883971,"1",
"800940",6481,"5",2883971,"1",
"900000",56706,"1",2883971,"1",
"900000",66893,"2",2883971,"1",
"900000",67154,"3",2883971,"1",
"900000",55080,"4",2883971,"1",
"900000",53141,"5",2883971,"1",
"900160",8193,"1",2883971,"1",
"900160",4051,"2",2883971,"1",
"900160",-314,"3",2883971,"1",
"900160",21066,"4",2883971,"1",
"900160",15787,"5",2883971,"1",
"980000",64899,"1",2883971,"1",
"980000",70944,"2",2883971,"1",
"980000",66840,"3",2883971,"1",
"980000",76146,"4",2883971,"1",
"980000",68928,"5",2883971,"1",
"980070",64899,"1",2883971,"1",
"980070",70944,"2",2883971,"1",
"980070",66840,"3",2883971,"1",
"980070",76146,"4",2883971,"1",
"980070",68928,"5",2883971,"1",
"800940",4658,"1",2883972,"1",
"800940",6987,"2",2883972,"1",
"800940",5493,"3",2883972,"1",
"800940",6218,"4",2883972,"1",
"800940",6209,"5",2883972,"1",
"900000",56683,"1",2883972,"1",
"900000",50684,"2",2883972,"1",
"900000",63996,"3",2883972,"1",
"900000",58500,"4",2883972,"1",
"900000",66048,"5",2883972,"1",
"900160",2105,"1",2883972,"1",
"900160",20324,"2",2883972,"1",
"900160",3902,"3",2883972,"1",
"900160",11391,"4",2883972,"1",
"900160",7558,"5",2883972,"1",
"980000",58788,"1",2883972,"1",
"980000",71008,"2",2883972,"1",
"980000",67898,"3",2883972,"1",
"980000",69891,"4",2883972,"1",
"980000",73606,"5",2883972,"1",
"980070",58788,"1",2883972,"1",
"980070",71008,"2",2883972,"1",
"980070",67898,"3",2883972,"1",
"980070",69891,"4",2883972,"1",
"980070",73606,"5",2883972,"1",
"900000",101200,"1",2884021,"1",
"900000",101200,"2",2884021,"1",
"900000",101200,"3",2884021,"1",
"900000",101200,"4",2884021,"1",
"900000",101200,"5",2884021,"1",
"900180",1500,"1",2884021,"1",
"900180",1500,"2",2884021,"1",
"900180",1500,"3",2884021,"1",
"900180",1500,"4",2884021,"1",
"900180",1500,"5",2884021,"1",
"980000",102700,"1",2884021,"1",
"980000",102700,"2",2884021,"1",
"980000",102700,"3",2884021,"1",
"980000",102700,"4",2884021,"1",
"980000",102700,"5",2884021,"1",
"980070",105700,"1",2884021,"1",
"980070",105700,"2",2884021,"1",
"980070",105700,"3",2884021,"1",
"980070",105700,"4",2884021,"1",
"980070",105700,"5",2884021,"1",
"900000",101200,"1",2884022,"1",
"900000",101200,"2",2884022,"1",
"900000",101200,"3",2884022,"1",
"900000",101200,"4",2884022,"1",
"900000",101200,"5",2884022,"1",
"900180",1500,"1",2884022,"1",
"900180",1500,"2",2884022,"1",
"900180",1500,"3",2884022,"1",
"900180",1500,"4",2884022,"1",
"900180",1500,"5",2884022,"1",
"980000",102700,"1",2884022,"1",
"980000",102700,"2",2884022,"1",
"980000",102700,"3",2884022,"1",
"980000",102700,"4",2884022,"1",
"980000",102700,"5",2884022,"1",
"980070",105700,"1",2884022,"1",
"980070",105700,"2",2884022,"1",
"980070",105700,"3",2884022,"1",
"980070",105700,"4",2884022,"1",
"980070",105700,"5",2884022,"1",
"900030",16679,"1",2884061,"1",
"900030",13607,"2",2884061,"1",
"900030",16271,"3",2884061,"1",
"900030",15947,"4",2884061,"1",
"900030",14435,"5",2884061,"1",
"980000",16679,"1",2884061,"1",
"980000",13607,"2",2884061,"1",
"980000",16271,"3",2884061,"1",
"980000",15947,"4",2884061,"1",
"980000",14435,"5",2884061,"1",
"980070",16679,"1",2884061,"1",
"980070",13607,"2",2884061,"1",
"980070",16271,"3",2884061,"1",
"980070",15947,"4",2884061,"1",
"980070",14435,"5",2884061,"1",
"900030",14723,"1",2884062,"1",
"900030",15911,"2",2884062,"1",
"900030",14795,"3",2884062,"1",
"900030",16427,"4",2884062,"1",
"900030",16235,"5",2884062,"1",
"980000",14723,"1",2884062,"1",
"980000",15911,"2",2884062,"1",
"980000",14795,"3",2884062,"1",
"980000",16427,"4",2884062,"1",
"980000",16235,"5",2884062,"1",
"980070",14723,"1",2884062,"1",
"980070",15911,"2",2884062,"1",
"980070",14795,"3",2884062,"1",
"980070",16427,"4",2884062,"1",
"980070",16235,"5",2884062,"1",
"900000",33336,"1",2884071,"1",
"900000",33336,"2",2884071,"1",
"900000",33336,"3",2884071,"1",
"900000",33336,"4",2884071,"1",
"900000",33336,"5",2884071,"1",
"900180",1350,"1",2884071,"1",
"900180",1350,"2",2884071,"1",
"900180",1350,"3",2884071,"1",
"900180",1350,"4",2884071,"1",
"900180",1350,"5",2884071,"1",
"900210",10800,"1",2884071,"1",
"900210",10800,"2",2884071,"1",
"900210",10800,"3",2884071,"1",
"900210",10800,"4",2884071,"1",
"900210",10800,"5",2884071,"1",
"950002",1147,"1",2884071,"1",
"950002",1147,"2",2884071,"1",
"950002",1147,"3",2884071,"1",
"950002",1147,"4",2884071,"1",
"950002",1147,"5",2884071,"1",
"950012",1061,"1",2884071,"1",
"950012",1061,"2",2884071,"1",
"950012",1061,"3",2884071,"1",
"950012",1061,"4",2884071,"1",
"950012",1061,"5",2884071,"1",
"980000",45486,"1",2884071,"1",
"980000",45486,"2",2884071,"1",
"980000",45486,"3",2884071,"1",
"980000",45486,"4",2884071,"1",
"980000",45486,"5",2884071,"1",
"980070",54349,"1",2884071,"1","T"
"980070",54349,"2",2884071,"1","T"
"980070",54349,"3",2884071,"1","T"
"980070",54349,"4",2884071,"1","T"
"980070",54349,"5",2884071,"1","T"
"900000",33336,"1",2884072,"1",
"900000",33336,"2",2884072,"1",
"900000",33336,"3",2884072,"1",
"900000",33336,"4",2884072,"1",
"900000",33336,"5",2884072,"1",
"900180",1350,"1",2884072,"1",
"900180",1350,"2",2884072,"1",
"900180",1350,"3",2884072,"1",
"900180",1350,"4",2884072,"1",
"900180",1350,"5",2884072,"1",
"900210",10800,"1",2884072,"1",
"900210",10800,"2",2884072,"1",
"900210",10800,"3",2884072,"1",
"900210",10800,"4",2884072,"1",
"900210",10800,"5",2884072,"1",
"950002",1147,"1",2884072,"1",
"950002",1147,"2",2884072,"1",
"950002",1147,"3",2884072,"1",
"950002",1147,"4",2884072,"1",
"950002",1147,"5",2884072,"1",
"950012",1061,"1",2884072,"1",
"950012",1061,"2",2884072,"1",
"950012",1061,"3",2884072,"1",
"950012",1061,"4",2884072,"1",
"950012",1061,"5",2884072,"1",
"980000",45486,"1",2884072,"1",
"980000",45486,"2",2884072,"1",
"980000",45486,"3",2884072,"1",
"980000",45486,"4",2884072,"1",
"980000",45486,"5",2884072,"1",
"980070",54349,"1",2884072,"1","T"
"980070",54349,"2",2884072,"1","T"
"980070",54349,"3",2884072,"1","T"
"980070",54349,"4",2884072,"1","T"
"980070",54349,"5",2884072,"1","T"
"800940",10967,"1",2884131,"1","T"
"800940",10967,"2",2884131,"1","T"
"800940",10967,"3",2884131,"1","T"
"800940",10967,"4",2884131,"1","T"
"800940",10967,"5",2884131,"1","T"
"900000",67528,"1",2884131,"1",
"900000",59455,"2",2884131,"1",
"900000",61966,"3",2884131,"1",
"900000",58141,"4",2884131,"1",
"900000",57152,"5",2884131,"1",
"900160",51026,"1",2884131,"1",
"900160",27160,"2",2884131,"1",
"900160",10079,"3",2884131,"1",
"900160",12218,"4",2884131,"1",
"900160",48617,"5",2884131,"1",
"980000",118554,"1",2884131,"1",
"980000",86615,"2",2884131,"1",
"980000",72045,"3",2884131,"1",
"980000",70359,"4",2884131,"1",
"980000",105769,"5",2884131,"1",
"980070",118554,"1",2884131,"1",
"980070",86615,"2",2884131,"1",
"980070",72045,"3",2884131,"1",
"980070",70359,"4",2884131,"1",
"980070",105769,"5",2884131,"1",
"800940",6578,"1",2884132,"1",
"800940",3581,"2",2884132,"1",
"800940",3944,"3",2884132,"1",
"800940",2532,"4",2884132,"1",
"800940",2020,"5",2884132,"1",
"900000",54547,"1",2884132,"1",
"900000",63027,"2",2884132,"1",
"900000",59582,"3",2884132,"1",
"900000",63485,"4",2884132,"1",
"900000",62012,"5",2884132,"1",
"900160",32700,"1",2884132,"1",
"900160",10347,"2",2884132,"1",
"900160",12071,"3",2884132,"1",
"900160",2025,"4",2884132,"1",
"900160",1175,"5",2884132,"1",
"980000",87247,"1",2884132,"1",
"980000",73374,"2",2884132,"1",
"980000",71653,"3",2884132,"1",
"980000",65510,"4",2884132,"1",
"980000",63187,"5",2884132,"1",
"980070",87247,"1",2884132,"1",
"980070",73374,"2",2884132,"1",
"980070",71653,"3",2884132,"1",
"980070",65510,"4",2884132,"1",
"980070",63187,"5",2884132,"1",
"900000",55000,"1",2884141,"1",
"900000",55000,"2",2884141,"1",
"900000",55000,"3",2884141,"1",
"900000",55000,"4",2884141,"1",
"900000",55000,"5",2884141,"1",
"900180",25,"1",2884141,"1",
"900180",25,"2",2884141,"1",
"900180",25,"3",2884141,"1",
"900180",25,"4",2884141,"1",
"900180",25,"5",2884141,"1",
"980000",55025,"1",2884141,"1",
"980000",55025,"2",2884141,"1",
"980000",55025,"3",2884141,"1",
"980000",55025,"4",2884141,"1",
"980000",55025,"5",2884141,"1",
"980070",58853,"1",2884141,"1",
"980070",58853,"2",2884141,"1",
"980070",58853,"3",2884141,"1",
"980070",58853,"4",2884141,"1",
"980070",58853,"5",2884141,"1",
"900000",55000,"1",2884142,"1",
"900000",55000,"2",2884142,"1",
"900000",55000,"3",2884142,"1",
"900000",55000,"4",2884142,"1",
"900000",55000,"5",2884142,"1",
"900180",25,"1",2884142,"1",
"900180",25,"2",2884142,"1",
"900180",25,"3",2884142,"1",
"900180",25,"4",2884142,"1",
"900180",25,"5",2884142,"1",
"980000",55025,"1",2884142,"1",
"980000",55025,"2",2884142,"1",
"980000",55025,"3",2884142,"1",
"980000",55025,"4",2884142,"1",
"980000",55025,"5",2884142,"1",
"980070",58853,"1",2884142,"1",
"980070",58853,"2",2884142,"1",
"980070",58853,"3",2884142,"1",
"980070",58853,"4",2884142,"1",
"980070",58853,"5",2884142,"1",
"900000",69425,"1",2884161,"1",
"900000",60104,"2",2884161,"1",
"900000",62163,"3",2884161,"1",
"900000",65357,"4",2884161,"1",
"900000",66171,"5",2884161,"1",
"900180",7000,"1",2884161,"1",
"900180",7000,"2",2884161,"1",
"900180",7000,"3",2884161,"1",
"900180",7000,"4",2884161,"1",
"900180",7000,"5",2884161,"1",
"980000",76425,"1",2884161,"1",
"980000",67104,"2",2884161,"1",
"980000",69163,"3",2884161,"1",
"980000",72357,"4",2884161,"1",
"980000",73171,"5",2884161,"1",
"980070",79425,"1",2884161,"1",
"980070",70104,"2",2884161,"1",
"980070",72163,"3",2884161,"1",
"980070",75357,"4",2884161,"1",
"980070",76171,"5",2884161,"1",
"900160",7037,"1",2884171,"1",
"900160",10498,"2",2884171,"1",
"900160",5287,"3",2884171,"1",
"900160",20358,"4",2884171,"1",
"900160",11312,"5",2884171,"1",
"980000",7037,"1",2884171,"1",
"980000",10498,"2",2884171,"1",
"980000",5287,"3",2884171,"1",
"980000",20358,"4",2884171,"1",
"980000",11312,"5",2884171,"1",
"980070",7037,"1",2884171,"1",
"980070",10498,"2",2884171,"1",
"980070",5287,"3",2884171,"1",
"980070",20358,"4",2884171,"1",
"980070",11312,"5",2884171,"1",
"900160",61988,"1",2884172,"1",
"900160",53125,"2",2884172,"1",
"900160",3899,"3",2884172,"1",
"900160",46238,"4",2884172,"1",
"900160",40170,"5",2884172,"1",
"980000",61988,"1",2884172,"1",
"980000",53125,"2",2884172,"1",
"980000",3899,"3",2884172,"1",
"980000",46238,"4",2884172,"1",
"980000",40170,"5",2884172,"1",
"980070",61988,"1",2884172,"1",
"980070",53125,"2",2884172,"1",
"980070",3899,"3",2884172,"1",
"980070",46238,"4",2884172,"1",
"980070",40170,"5",2884172,"1",
"900030",41578,"1",2884181,"1",
"900030",39934,"2",2884181,"1",
"900030",40426,"3",2884181,"1",
"900030",43546,"4",2884181,"1",
"900030",44170,"5",2884181,"1",
"900180",2100,"1",2884181,"1",
"900180",2100,"2",2884181,"1",
"900180",2100,"3",2884181,"1",
"900180",2100,"4",2884181,"1",
"900180",2100,"5",2884181,"1",
"980000",43678,"1",2884181,"1",
"980000",42034,"2",2884181,"1",
"980000",42526,"3",2884181,"1",
"980000",45646,"4",2884181,"1",
"980000",46270,"5",2884181,"1",
"980070",43678,"1",2884181,"1",
"980070",42034,"2",2884181,"1",
"980070",42526,"3",2884181,"1",
"980070",45646,"4",2884181,"1",
"980070",46270,"5",2884181,"1",
"900030",41626,"1",2884182,"1",
"900030",42838,"2",2884182,"1",
"900030",43606,"3",2884182,"1",
"900030",40750,"4",2884182,"1",
"900030",42010,"5",2884182,"1",
"900180",2100,"1",2884182,"1",
"900180",2100,"2",2884182,"1",
"900180",2100,"3",2884182,"1",
"900180",2100,"4",2884182,"1",
"900180",2100,"5",2884182,"1",
"980000",43726,"1",2884182,"1",
"980000",44938,"2",2884182,"1",
"980000",45706,"3",2884182,"1",
"980000",42850,"4",2884182,"1",
"980000",44110,"5",2884182,"1",
"980070",43726,"1",2884182,"1",
"980070",44938,"2",2884182,"1",
"980070",45706,"3",2884182,"1",
"980070",42850,"4",2884182,"1",
"980070",44110,"5",2884182,"1",
"900000",205487,"1",2884201,"1","T"
"900000",205487,"2",2884201,"1","T"
"900000",205487,"3",2884201,"1","T"
"900000",205487,"4",2884201,"1","T"
"900000",205487,"5",2884201,"1","T"
"980000",205487,"1",2884201,"1","T"
"980000",205487,"2",2884201,"1","T"
"980000",205487,"3",2884201,"1","T"
"980000",205487,"4",2884201,"1","T"
"980000",205487,"5",2884201,"1","T"
"980070",205487,"1",2884201,"1","T"
"980070",205487,"2",2884201,"1","T"
"980070",205487,"3",2884201,"1","T"
"980070",205487,"4",2884201,"1","T"
"980070",205487,"5",2884201,"1","T"
"900000",205487,"1",2884202,"1","T"
"900000",205487,"2",2884202,"1","T"
"900000",205487,"3",2884202,"1","T"
"900000",205487,"4",2884202,"1","T"
"900000",205487,"5",2884202,"1","T"
"980000",205487,"1",2884202,"1","T"
"980000",205487,"2",2884202,"1","T"
"980000",205487,"3",2884202,"1","T"
"980000",205487,"4",2884202,"1","T"
"980000",205487,"5",2884202,"1","T"
"980070",205487,"1",2884202,"1","T"
"980070",205487,"2",2884202,"1","T"
"980070",205487,"3",2884202,"1","T"
"980070",205487,"4",2884202,"1","T"
"980070",205487,"5",2884202,"1","T"
"800940",2921,"1",2884221,"1",
"800940",1500,"2",2884221,"1",
"800940",2929,"3",2884221,"1",
"800940",2816,"4",2884221,"1",
"800940",3135,"5",2884221,"1",
"900000",39245,"1",2884221,"1",
"900000",36046,"2",2884221,"1",
"900000",35850,"3",2884221,"1",
"900000",37895,"4",2884221,"1",
"900000",36538,"5",2884221,"1",
"900030",28942,"1",2884221,"1",
"900030",28942,"2",2884221,"1",
"900030",28942,"3",2884221,"1",
"900030",28942,"4",2884221,"1",
"900030",28942,"5",2884221,"1",
"900160",-531,"1",2884221,"1",
"900160",-8218,"2",2884221,"1",
"900160",1216,"3",2884221,"1",
"900160",-540,"4",2884221,"1",
"900160",2223,"5",2884221,"1",
"980000",67656,"1",2884221,"1",
"980000",56770,"2",2884221,"1",
"980000",66008,"3",2884221,"1",
"980000",66297,"4",2884221,"1",
"980000",67703,"5",2884221,"1",
"980070",67656,"1",2884221,"1",
"980070",56770,"2",2884221,"1",
"980070",66008,"3",2884221,"1",
"980070",66297,"4",2884221,"1",
"980070",67703,"5",2884221,"1",
"800940",2472,"1",2884222,"1",
"800940",3317,"2",2884222,"1",
"800940",1662,"3",2884222,"1",
"800940",2641,"4",2884222,"1",
"800940",2541,"5",2884222,"1",
"900000",31304,"1",2884222,"1",
"900000",33757,"2",2884222,"1",
"900000",36481,"3",2884222,"1",
"900000",33327,"4",2884222,"1",
"900000",34250,"5",2884222,"1",
"900030",28942,"1",2884222,"1",
"900030",28942,"2",2884222,"1",
"900030",28942,"3",2884222,"1",
"900030",28942,"4",2884222,"1",
"900030",28942,"5",2884222,"1",
"900160",508,"1",2884222,"1",
"900160",4800,"2",2884222,"1",
"900160",-7377,"3",2884222,"1",
"900160",601,"4",2884222,"1",
"900160",-516,"5",2884222,"1",
"980000",60754,"1",2884222,"1",
"980000",67499,"2",2884222,"1",
"980000",58046,"3",2884222,"1",
"980000",62870,"4",2884222,"1",
"980000",62676,"5",2884222,"1",
"980070",60754,"1",2884222,"1",
"980070",67499,"2",2884222,"1",
"980070",58046,"3",2884222,"1",
"980070",62870,"4",2884222,"1",
"980070",62676,"5",2884222,"1",
"900000",245287,"1",2884231,"1","T"
"900000",245287,"2",2884231,"1","T"
"900000",245287,"3",2884231,"1","T"
"900000",245287,"4",2884231,"1","T"
"900000",245287,"5",2884231,"1","T"
"980000",245287,"1",2884231,"1","T"
"980000",245287,"2",2884231,"1","T"
"980000",245287,"3",2884231,"1","T"
"980000",245287,"4",2884231,"1","T"
"980000",245287,"5",2884231,"1","T"
"980070",245287,"1",2884231,"1","T"
"980070",245287,"2",2884231,"1","T"
"980070",245287,"3",2884231,"1","T"
"980070",245287,"4",2884231,"1","T"
"980070",245287,"5",2884231,"1","T"
"900000",118423,"1",2884232,"1",
"900000",119065,"2",2884232,"1",
"900000",130202,"3",2884232,"1",
"900000",129377,"4",2884232,"1",
"900000",18811,"5",2884232,"1",
"980000",118423,"1",2884232,"1",
"980000",119065,"2",2884232,"1",
"980000",130202,"3",2884232,"1",
"980000",129377,"4",2884232,"1",
"980000",18811,"5",2884232,"1",
"980070",118423,"1",2884232,"1",
"980070",119065,"2",2884232,"1",
"980070",130202,"3",2884232,"1",
"980070",129377,"4",2884232,"1",
"980070",18811,"5",2884232,"1",
"900000",24749,"1",2884241,"1",
"900000",24749,"2",2884241,"1",
"900000",24749,"3",2884241,"1",
"900000",24749,"4",2884241,"1",
"900000",24749,"5",2884241,"1",
"900180",131,"1",2884241,"1",
"900180",19,"2",2884241,"1",
"900180",107,"3",2884241,"1",
"900180",517,"4",2884241,"1",
"900180",147,"5",2884241,"1",
"950002",1873,"1",2884241,"1",
"950002",1873,"2",2884241,"1",
"950002",1873,"3",2884241,"1",
"950002",1873,"4",2884241,"1",
"950002",1873,"5",2884241,"1",
"950012",597,"1",2884241,"1",
"950012",597,"2",2884241,"1",
"950012",597,"3",2884241,"1",
"950012",597,"4",2884241,"1",
"950012",597,"5",2884241,"1",
"980000",24880,"1",2884241,"1",
"980000",24768,"2",2884241,"1",
"980000",24856,"3",2884241,"1",
"980000",25266,"4",2884241,"1",
"980000",24896,"5",2884241,"1",
"980070",24072,"1",2884241,"1",
"980070",23960,"2",2884241,"1",
"980070",24048,"3",2884241,"1",
"980070",24458,"4",2884241,"1",
"980070",24088,"5",2884241,"1",
"900000",24749,"1",2884242,"1",
"900000",24749,"2",2884242,"1",
"900000",24749,"3",2884242,"1",
"900000",24749,"4",2884242,"1",
"900000",24749,"5",2884242,"1",
"900180",107,"1",2884242,"1",
"900180",11,"2",2884242,"1",
"900180",23,"3",2884242,"1",
"900180",95,"4",2884242,"1",
"900180",110,"5",2884242,"1",
"950002",1873,"1",2884242,"1",
"950002",1873,"2",2884242,"1",
"950002",1873,"3",2884242,"1",
"950002",1873,"4",2884242,"1",
"950002",1873,"5",2884242,"1",
"950012",597,"1",2884242,"1",
"950012",597,"2",2884242,"1",
"950012",597,"3",2884242,"1",
"950012",597,"4",2884242,"1",
"950012",597,"5",2884242,"1",
"980000",24856,"1",2884242,"1",
"980000",24760,"2",2884242,"1",
"980000",24772,"3",2884242,"1",
"980000",24844,"4",2884242,"1",
"980000",24859,"5",2884242,"1",
"980070",24048,"1",2884242,"1",
"980070",23952,"2",2884242,"1",
"980070",23964,"3",2884242,"1",
"980070",24036,"4",2884242,"1",
"980070",24051,"5",2884242,"1",
"900000",66798,"1",2884261,"1",
"900000",33633,"2",2884261,"1",
"900000",18578,"3",2884261,"1",
"900000",66863,"4",2884261,"1",
"900000",57874,"5",2884261,"1",
"900030",12995,"1",2884261,"1",
"900030",15455,"2",2884261,"1",
"900030",19739,"3",2884261,"1",
"900030",16031,"4",2884261,"1",
"900030",9107,"5",2884261,"1",
"980000",79793,"1",2884261,"1",
"980000",49088,"2",2884261,"1",
"980000",38317,"3",2884261,"1",
"980000",82894,"4",2884261,"1",
"980000",66981,"5",2884261,"1",
"980070",79793,"1",2884261,"1",
"980070",49088,"2",2884261,"1",
"980070",38317,"3",2884261,"1",
"980070",82894,"4",2884261,"1",
"980070",66981,"5",2884261,"1",
"900000",75008,"1",2884262,"1",
"900000",43486,"2",2884262,"1",
"900000",47158,"3",2884262,"1",
"900000",45932,"4",2884262,"1",
"900000",37169,"5",2884262,"1",
"900030",13847,"1",2884262,"1",
"900030",18347,"2",2884262,"1",
"900030",17411,"3",2884262,"1",
"900030",24683,"4",2884262,"1",
"900030",15443,"5",2884262,"1",
"980000",88855,"1",2884262,"1",
"980000",61833,"2",2884262,"1",
"980000",64569,"3",2884262,"1",
"980000",70615,"4",2884262,"1",
"980000",52612,"5",2884262,"1",
"980070",88855,"1",2884262,"1",
"980070",61833,"2",2884262,"1",
"980070",64569,"3",2884262,"1",
"980070",70615,"4",2884262,"1",
"980070",52612,"5",2884262,"1",
"900030",26459,"1",2884271,"1",
"900030",26459,"2",2884271,"1",
"900030",26459,"3",2884271,"1",
"900030",26459,"4",2884271,"1",
"900030",26459,"5",2884271,"1",
"900170",50000,"1",2884271,"1",
"900170",50000,"2",2884271,"1",
"900170",50000,"3",2884271,"1",
"900170",50000,"4",2884271,"1",
"900170",50000,"5",2884271,"1",
"900180",38657,"1",2884271,"1","T"
"900180",38657,"2",2884271,"1","T"
"900180",38657,"3",2884271,"1","T"
"900180",38657,"4",2884271,"1","T"
"900180",38657,"5",2884271,"1","T"
"980000",115116,"1",2884271,"1","T"
"980000",115116,"2",2884271,"1","T"
"980000",115116,"3",2884271,"1","T"
"980000",115116,"4",2884271,"1","T"
"980000",115116,"5",2884271,"1","T"
"980070",103116,"1",2884271,"1","T"
"980070",103116,"2",2884271,"1","T"
"980070",103116,"3",2884271,"1","T"
"980070",103116,"4",2884271,"1","T"
"980070",103116,"5",2884271,"1","T"
"900030",26459,"1",2884272,"1",
"900030",26459,"2",2884272,"1",
"900030",26459,"3",2884272,"1",
"900030",26459,"4",2884272,"1",
"900030",26459,"5",2884272,"1",
"900170",50000,"1",2884272,"1",
"900170",50000,"2",2884272,"1",
"900170",50000,"3",2884272,"1",
"900170",50000,"4",2884272,"1",
"900170",50000,"5",2884272,"1",
"900180",38657,"1",2884272,"1","T"
"900180",38657,"2",2884272,"1","T"
"900180",38657,"3",2884272,"1","T"
"900180",38657,"4",2884272,"1","T"
"900180",38657,"5",2884272,"1","T"
"980000",115116,"1",2884272,"1","T"
"980000",115116,"2",2884272,"1","T"
"980000",115116,"3",2884272,"1","T"
"980000",115116,"4",2884272,"1","T"
"980000",115116,"5",2884272,"1","T"
"980070",103116,"1",2884272,"1","T"
"980070",103116,"2",2884272,"1","T"
"980070",103116,"3",2884272,"1","T"
"980070",103116,"4",2884272,"1","T"
"980070",103116,"5",2884272,"1","T"
"900000",329687,"1",2884291,"1","T"
"900000",329687,"2",2884291,"1","T"
"900000",329687,"3",2884291,"1","T"
"900000",329687,"4",2884291,"1","T"
"900000",329687,"5",2884291,"1","T"
"900180",21,"1",2884291,"1",
"900180",206,"2",2884291,"1",
"900180",679,"3",2884291,"1",
"900180",102,"4",2884291,"1",
"900180",12330,"5",2884291,"1",
"950002",49141,"1",2884291,"1","T"
"950002",49141,"2",2884291,"1","T"
"950002",49141,"3",2884291,"1","T"
"950002",49141,"4",2884291,"1","T"
"950002",49141,"5",2884291,"1","T"
"980000",332354,"1",2884291,"1","T"
"980000",332354,"2",2884291,"1","T"
"980000",332354,"3",2884291,"1","T"
"980000",332354,"4",2884291,"1","T"
"980000",332354,"5",2884291,"1","T"
"980070",283514,"1",2884291,"1","T"
"980070",283514,"2",2884291,"1","T"
"980070",283514,"3",2884291,"1","T"
"980070",283514,"4",2884291,"1","T"
"980070",283514,"5",2884291,"1","T"
"900000",329687,"1",2884292,"1","T"
"900000",329687,"2",2884292,"1","T"
"900000",329687,"3",2884292,"1","T"
"900000",329687,"4",2884292,"1","T"
"900000",329687,"5",2884292,"1","T"
"900180",2,"1",2884292,"1",
"900180",5,"2",2884292,"1",
"900180",510,"3",2884292,"1",
"900180",46,"4",2884292,"1",
"900180",3068,"5",2884292,"1",
"950002",49141,"1",2884292,"1","T"
"950002",49141,"2",2884292,"1","T"
"950002",49141,"3",2884292,"1","T"
"950002",49141,"4",2884292,"1","T"
"950002",49141,"5",2884292,"1","T"
"980000",330413,"1",2884292,"1","T"
"980000",330413,"2",2884292,"1","T"
"980000",330413,"3",2884292,"1","T"
"980000",330413,"4",2884292,"1","T"
"980000",330413,"5",2884292,"1","T"
"980070",281572,"1",2884292,"1","T"
"980070",281572,"2",2884292,"1","T"
"980070",281572,"3",2884292,"1","T"
"980070",281572,"4",2884292,"1","T"
"980070",281572,"5",2884292,"1","T"
"900000",63000,"1",2884301,"1",
"900000",63000,"2",2884301,"1",
"900000",63000,"3",2884301,"1",
"900000",63000,"4",2884301,"1",
"900000",63000,"5",2884301,"1",
"900170",1350,"1",2884301,"1",
"900170",1350,"2",2884301,"1",
"900170",1350,"3",2884301,"1",
"900170",1350,"4",2884301,"1",
"900170",1350,"5",2884301,"1",
"900210",620,"1",2884301,"1",
"900210",620,"2",2884301,"1",
"900210",620,"3",2884301,"1",
"900210",620,"4",2884301,"1",
"900210",620,"5",2884301,"1",
"950002",22050,"1",2884301,"1",
"950002",22050,"2",2884301,"1",
"950002",22050,"3",2884301,"1",
"950002",22050,"4",2884301,"1",
"950002",22050,"5",2884301,"1",
"980000",64970,"1",2884301,"1",
"980000",64970,"2",2884301,"1",
"980000",64970,"3",2884301,"1",
"980000",64970,"4",2884301,"1",
"980000",64970,"5",2884301,"1",
"980070",46520,"1",2884301,"1",
"980070",46520,"2",2884301,"1",
"980070",46520,"3",2884301,"1",
"980070",46520,"4",2884301,"1",
"980070",46520,"5",2884301,"1",
"900000",63000,"1",2884302,"1",
"900000",63000,"2",2884302,"1",
"900000",63000,"3",2884302,"1",
"900000",63000,"4",2884302,"1",
"900000",63000,"5",2884302,"1",
"900170",1350,"1",2884302,"1",
"900170",1350,"2",2884302,"1",
"900170",1350,"3",2884302,"1",
"900170",1350,"4",2884302,"1",
"900170",1350,"5",2884302,"1",
"900210",620,"1",2884302,"1",
"900210",620,"2",2884302,"1",
"900210",620,"3",2884302,"1",
"900210",620,"4",2884302,"1",
"900210",620,"5",2884302,"1",
"950002",22050,"1",2884302,"1",
"950002",22050,"2",2884302,"1",
"950002",22050,"3",2884302,"1",
"950002",22050,"4",2884302,"1",
"950002",22050,"5",2884302,"1",
"980000",64970,"1",2884302,"1",
"980000",64970,"2",2884302,"1",
"980000",64970,"3",2884302,"1",
"980000",64970,"4",2884302,"1",
"980000",64970,"5",2884302,"1",
"980070",46520,"1",2884302,"1",
"980070",46520,"2",2884302,"1",
"980070",46520,"3",2884302,"1",
"980070",46520,"4",2884302,"1",
"980070",46520,"5",2884302,"1",
"900000",42000,"1",2884311,"1",
"900000",42000,"2",2884311,"1",
"900000",42000,"3",2884311,"1",
"900000",42000,"4",2884311,"1",
"900000",42000,"5",2884311,"1",
"900180",10,"1",2884311,"1",
"900180",10,"2",2884311,"1",
"900180",10,"3",2884311,"1",
"900180",10,"4",2884311,"1",
"900180",10,"5",2884311,"1",
"980000",42010,"1",2884311,"1",
"980000",42010,"2",2884311,"1",
"980000",42010,"3",2884311,"1",
"980000",42010,"4",2884311,"1",
"980000",42010,"5",2884311,"1",
"980070",42010,"1",2884311,"1",
"980070",42010,"2",2884311,"1",
"980070",42010,"3",2884311,"1",
"980070",42010,"4",2884311,"1",
"980070",42010,"5",2884311,"1",
"900000",42000,"1",2884312,"1",
"900000",42000,"2",2884312,"1",
"900000",42000,"3",2884312,"1",
"900000",42000,"4",2884312,"1",
"900000",42000,"5",2884312,"1",
"900180",10,"1",2884312,"1",
"900180",10,"2",2884312,"1",
"900180",10,"3",2884312,"1",
"900180",10,"4",2884312,"1",
"900180",10,"5",2884312,"1",
"980000",42010,"1",2884312,"1",
"980000",42010,"2",2884312,"1",
"980000",42010,"3",2884312,"1",
"980000",42010,"4",2884312,"1",
"980000",42010,"5",2884312,"1",
"980070",42010,"1",2884312,"1",
"980070",42010,"2",2884312,"1",
"980070",42010,"3",2884312,"1",
"980070",42010,"4",2884312,"1",
"980070",42010,"5",2884312,"1",
"800940",10967,"1",2884341,"1","T"
"800940",10967,"2",2884341,"1","T"
"800940",10967,"3",2884341,"1","T"
"800940",10967,"4",2884341,"1","T"
"800940",10967,"5",2884341,"1","T"
"900000",105000,"1",2884341,"1",
"900000",105000,"2",2884341,"1",
"900000",105000,"3",2884341,"1",
"900000",105000,"4",2884341,"1",
"900000",105000,"5",2884341,"1",
"900030",23615,"1",2884341,"1",
"900030",23615,"2",2884341,"1",
"900030",23615,"3",2884341,"1",
"900030",23615,"4",2884341,"1",
"900030",23615,"5",2884341,"1",
"900160",51111,"1",2884341,"1",
"900160",3788,"2",2884341,"1",
"900160",6167,"3",2884341,"1",
"900160",7201,"4",2884341,"1",
"900160",5080,"5",2884341,"1",
"900180",7000,"1",2884341,"1",
"900180",7000,"2",2884341,"1",
"900180",7000,"3",2884341,"1",
"900180",7000,"4",2884341,"1",
"900180",7000,"5",2884341,"1",
"980000",186726,"1",2884341,"1",
"980000",139403,"2",2884341,"1",
"980000",141782,"3",2884341,"1",
"980000",142816,"4",2884341,"1",
"980000",140695,"5",2884341,"1",
"980070",186726,"1",2884341,"1",
"980070",139403,"2",2884341,"1",
"980070",141782,"3",2884341,"1",
"980070",142816,"4",2884341,"1",
"980070",140695,"5",2884341,"1",
"800940",10967,"1",2884342,"1","T"
"800940",10967,"2",2884342,"1","T"
"800940",10967,"3",2884342,"1","T"
"800940",10967,"4",2884342,"1","T"
"800940",10967,"5",2884342,"1","T"
"900000",105000,"1",2884342,"1",
"900000",105000,"2",2884342,"1",
"900000",105000,"3",2884342,"1",
"900000",105000,"4",2884342,"1",
"900000",105000,"5",2884342,"1",
"900030",23615,"1",2884342,"1",
"900030",23615,"2",2884342,"1",
"900030",23615,"3",2884342,"1",
"900030",23615,"4",2884342,"1",
"900030",23615,"5",2884342,"1",
"900160",1101,"1",2884342,"1",
"900160",30810,"2",2884342,"1",
"900160",11623,"3",2884342,"1",
"900160",32843,"4",2884342,"1",
"900160",61955,"5",2884342,"1",
"900180",7000,"1",2884342,"1",
"900180",7000,"2",2884342,"1",
"900180",7000,"3",2884342,"1",
"900180",7000,"4",2884342,"1",
"900180",7000,"5",2884342,"1",
"980000",136716,"1",2884342,"1",
"980000",166425,"2",2884342,"1",
"980000",147238,"3",2884342,"1",
"980000",168458,"4",2884342,"1",
"980000",197570,"5",2884342,"1",
"980070",136716,"1",2884342,"1",
"980070",166425,"2",2884342,"1",
"980070",147238,"3",2884342,"1",
"980070",168458,"4",2884342,"1",
"980070",197570,"5",2884342,"1",
"900000",34687,"1",2884391,"1",
"900000",33876,"2",2884391,"1",
"900000",30638,"3",2884391,"1",
"900000",38762,"4",2884391,"1",
"900000",36425,"5",2884391,"1",
"980000",34687,"1",2884391,"1",
"980000",33876,"2",2884391,"1",
"980000",30638,"3",2884391,"1",
"980000",38762,"4",2884391,"1",
"980000",36425,"5",2884391,"1",
"980070",33877,"1",2884391,"1",
"980070",33066,"2",2884391,"1",
"980070",29828,"3",2884391,"1",
"980070",37952,"4",2884391,"1",
"980070",35615,"5",2884391,"1",
"900000",33530,"1",2884392,"1",
"900000",33799,"2",2884392,"1",
"900000",39383,"3",2884392,"1",
"900000",30912,"4",2884392,"1",
"900000",38327,"5",2884392,"1",
"980000",33530,"1",2884392,"1",
"980000",33799,"2",2884392,"1",
"980000",39383,"3",2884392,"1",
"980000",30912,"4",2884392,"1",
"980000",38327,"5",2884392,"1",
"980070",32720,"1",2884392,"1",
"980070",32989,"2",2884392,"1",
"980070",38573,"3",2884392,"1",
"980070",30102,"4",2884392,"1",
"980070",37517,"5",2884392,"1",
"900000",25000,"1",2884401,"1",
"900000",25000,"2",2884401,"1",
"900000",25000,"3",2884401,"1",
"900000",25000,"4",2884401,"1",
"900000",25000,"5",2884401,"1",
"900140",6000,"1",2884401,"1",
"900140",6000,"2",2884401,"1",
"900140",6000,"3",2884401,"1",
"900140",6000,"4",2884401,"1",
"900140",6000,"5",2884401,"1",
"980000",31000,"1",2884401,"1",
"980000",31000,"2",2884401,"1",
"980000",31000,"3",2884401,"1",
"980000",31000,"4",2884401,"1",
"980000",31000,"5",2884401,"1",
"980070",31290,"1",2884401,"1",
"980070",31290,"2",2884401,"1",
"980070",31290,"3",2884401,"1",
"980070",31290,"4",2884401,"1",
"980070",31290,"5",2884401,"1",
"900000",25000,"1",2884402,"1",
"900000",25000,"2",2884402,"1",
"900000",25000,"3",2884402,"1",
"900000",25000,"4",2884402,"1",
"900000",25000,"5",2884402,"1",
"900140",6000,"1",2884402,"1",
"900140",6000,"2",2884402,"1",
"900140",6000,"3",2884402,"1",
"900140",6000,"4",2884402,"1",
"900140",6000,"5",2884402,"1",
"980000",31000,"1",2884402,"1",
"980000",31000,"2",2884402,"1",
"980000",31000,"3",2884402,"1",
"980000",31000,"4",2884402,"1",
"980000",31000,"5",2884402,"1",
"980070",31290,"1",2884402,"1",
"980070",31290,"2",2884402,"1",
"980070",31290,"3",2884402,"1",
"980070",31290,"4",2884402,"1",
"980070",31290,"5",2884402,"1",
"900000",61034,"1",2884411,"1",
"900000",60952,"2",2884411,"1",
"900000",81656,"3",2884411,"1",
"900000",109781,"4",2884411,"1",
"900000",61299,"5",2884411,"1",
"980000",61034,"1",2884411,"1",
"980000",60952,"2",2884411,"1",
"980000",81656,"3",2884411,"1",
"980000",109781,"4",2884411,"1",
"980000",61299,"5",2884411,"1",
"980070",61034,"1",2884411,"1",
"980070",60952,"2",2884411,"1",
"980070",81656,"3",2884411,"1",
"980070",109781,"4",2884411,"1",
"980070",61299,"5",2884411,"1",
"900000",85619,"1",2884412,"1",
"900000",76092,"2",2884412,"1",
"900000",74428,"3",2884412,"1",
"900000",63654,"4",2884412,"1",
"900000",64617,"5",2884412,"1",
"980000",85619,"1",2884412,"1",
"980000",76092,"2",2884412,"1",
"980000",74428,"3",2884412,"1",
"980000",63654,"4",2884412,"1",
"980000",64617,"5",2884412,"1",
"980070",85619,"1",2884412,"1",
"980070",76092,"2",2884412,"1",
"980070",74428,"3",2884412,"1",
"980070",63654,"4",2884412,"1",
"980070",64617,"5",2884412,"1",
"900000",38000,"1",2884431,"1",
"900000",38000,"2",2884431,"1",
"900000",38000,"3",2884431,"1",
"900000",38000,"4",2884431,"1",
"900000",38000,"5",2884431,"1",
"900030",20459,"1",2884431,"1",
"900030",20459,"2",2884431,"1",
"900030",20459,"3",2884431,"1",
"900030",20459,"4",2884431,"1",
"900030",20459,"5",2884431,"1",
"980000",58459,"1",2884431,"1",
"980000",58459,"2",2884431,"1",
"980000",58459,"3",2884431,"1",
"980000",58459,"4",2884431,"1",
"980000",58459,"5",2884431,"1",
"980070",60459,"1",2884431,"1",
"980070",60459,"2",2884431,"1",
"980070",60459,"3",2884431,"1",
"980070",60459,"4",2884431,"1",
"980070",60459,"5",2884431,"1",
"900000",38000,"1",2884432,"1",
"900000",38000,"2",2884432,"1",
"900000",38000,"3",2884432,"1",
"900000",38000,"4",2884432,"1",
"900000",38000,"5",2884432,"1",
"900030",20459,"1",2884432,"1",
"900030",20459,"2",2884432,"1",
"900030",20459,"3",2884432,"1",
"900030",20459,"4",2884432,"1",
"900030",20459,"5",2884432,"1",
"980000",58459,"1",2884432,"1",
"980000",58459,"2",2884432,"1",
"980000",58459,"3",2884432,"1",
"980000",58459,"4",2884432,"1",
"980000",58459,"5",2884432,"1",
"980070",60459,"1",2884432,"1",
"980070",60459,"2",2884432,"1",
"980070",60459,"3",2884432,"1",
"980070",60459,"4",2884432,"1",
"980070",60459,"5",2884432,"1",
"900000",2250,"1",2884461,"1",
"900000",2250,"2",2884461,"1",
"900000",2250,"3",2884461,"1",
"900000",2250,"4",2884461,"1",
"900000",2250,"5",2884461,"1",
"900030",15959,"1",2884461,"1",
"900030",15959,"2",2884461,"1",
"900030",15959,"3",2884461,"1",
"900030",15959,"4",2884461,"1",
"900030",15959,"5",2884461,"1",
"900170",2600,"1",2884461,"1",
"900170",2600,"2",2884461,"1",
"900170",2600,"3",2884461,"1",
"900170",2600,"4",2884461,"1",
"900170",2600,"5",2884461,"1",
"900180",200,"1",2884461,"1",
"900180",200,"2",2884461,"1",
"900180",200,"3",2884461,"1",
"900180",200,"4",2884461,"1",
"900180",200,"5",2884461,"1",
"980000",21009,"1",2884461,"1",
"980000",21009,"2",2884461,"1",
"980000",21009,"3",2884461,"1",
"980000",21009,"4",2884461,"1",
"980000",21009,"5",2884461,"1",
"980070",21049,"1",2884461,"1",
"980070",21049,"2",2884461,"1",
"980070",21049,"3",2884461,"1",
"980070",21049,"4",2884461,"1",
"980070",21049,"5",2884461,"1",
"900000",2250,"1",2884462,"1",
"900000",2250,"2",2884462,"1",
"900000",2250,"3",2884462,"1",
"900000",2250,"4",2884462,"1",
"900000",2250,"5",2884462,"1",
"900030",15959,"1",2884462,"1",
"900030",15959,"2",2884462,"1",
"900030",15959,"3",2884462,"1",
"900030",15959,"4",2884462,"1",
"900030",15959,"5",2884462,"1",
"900170",2600,"1",2884462,"1",
"900170",2600,"2",2884462,"1",
"900170",2600,"3",2884462,"1",
"900170",2600,"4",2884462,"1",
"900170",2600,"5",2884462,"1",
"900180",200,"1",2884462,"1",
"900180",200,"2",2884462,"1",
"900180",200,"3",2884462,"1",
"900180",200,"4",2884462,"1",
"900180",200,"5",2884462,"1",
"980000",21009,"1",2884462,"1",
"980000",21009,"2",2884462,"1",
"980000",21009,"3",2884462,"1",
"980000",21009,"4",2884462,"1",
"980000",21009,"5",2884462,"1",
"980070",21049,"1",2884462,"1",
"980070",21049,"2",2884462,"1",
"980070",21049,"3",2884462,"1",
"980070",21049,"4",2884462,"1",
"980070",21049,"5",2884462,"1",
"900030",19259,"1",2884471,"1",
"900030",19259,"2",2884471,"1",
"900030",19259,"3",2884471,"1",
"900030",19259,"4",2884471,"1",
"900030",19259,"5",2884471,"1",
"900170",27000,"1",2884471,"1",
"900170",27000,"2",2884471,"1",
"900170",27000,"3",2884471,"1",
"900170",27000,"4",2884471,"1",
"900170",27000,"5",2884471,"1",
"900210",30000,"1",2884471,"1",
"900210",30000,"2",2884471,"1",
"900210",30000,"3",2884471,"1",
"900210",30000,"4",2884471,"1",
"900210",30000,"5",2884471,"1",
"980000",76259,"1",2884471,"1",
"980000",76259,"2",2884471,"1",
"980000",76259,"3",2884471,"1",
"980000",76259,"4",2884471,"1",
"980000",76259,"5",2884471,"1",
"980070",79109,"1",2884471,"1",
"980070",79109,"2",2884471,"1",
"980070",79109,"3",2884471,"1",
"980070",79109,"4",2884471,"1",
"980070",79109,"5",2884471,"1",
"900030",19259,"1",2884472,"1",
"900030",19259,"2",2884472,"1",
"900030",19259,"3",2884472,"1",
"900030",19259,"4",2884472,"1",
"900030",19259,"5",2884472,"1",
"900170",27000,"1",2884472,"1",
"900170",27000,"2",2884472,"1",
"900170",27000,"3",2884472,"1",
"900170",27000,"4",2884472,"1",
"900170",27000,"5",2884472,"1",
"900210",30000,"1",2884472,"1",
"900210",30000,"2",2884472,"1",
"900210",30000,"3",2884472,"1",
"900210",30000,"4",2884472,"1",
"900210",30000,"5",2884472,"1",
"980000",76259,"1",2884472,"1",
"980000",76259,"2",2884472,"1",
"980000",76259,"3",2884472,"1",
"980000",76259,"4",2884472,"1",
"980000",76259,"5",2884472,"1",
"980070",79109,"1",2884472,"1",
"980070",79109,"2",2884472,"1",
"980070",79109,"3",2884472,"1",
"980070",79109,"4",2884472,"1",
"980070",79109,"5",2884472,"1",
"900000",70000,"1",2884481,"1",
"900000",70000,"2",2884481,"1",
"900000",70000,"3",2884481,"1",
"900000",70000,"4",2884481,"1",
"900000",70000,"5",2884481,"1",
"980000",70000,"1",2884481,"1",
"980000",70000,"2",2884481,"1",
"980000",70000,"3",2884481,"1",
"980000",70000,"4",2884481,"1",
"980000",70000,"5",2884481,"1",
"980070",70800,"1",2884481,"1",
"980070",70800,"2",2884481,"1",
"980070",70800,"3",2884481,"1",
"980070",70800,"4",2884481,"1",
"980070",70800,"5",2884481,"1",
"900000",70000,"1",2884482,"1",
"900000",70000,"2",2884482,"1",
"900000",70000,"3",2884482,"1",
"900000",70000,"4",2884482,"1",
"900000",70000,"5",2884482,"1",
"980000",70000,"1",2884482,"1",
"980000",70000,"2",2884482,"1",
"980000",70000,"3",2884482,"1",
"980000",70000,"4",2884482,"1",
"980000",70000,"5",2884482,"1",
"980070",70800,"1",2884482,"1",
"980070",70800,"2",2884482,"1",
"980070",70800,"3",2884482,"1",
"980070",70800,"4",2884482,"1",
"980070",70800,"5",2884482,"1",
"900000",32621,"1",2884491,"1",
"900000",326,"2",2884491,"1",
"900000",16100,"3",2884491,"1",
"900000",7287,"4",2884491,"1",
"900000",35845,"5",2884491,"1",
"980000",32621,"1",2884491,"1",
"980000",326,"2",2884491,"1",
"980000",16100,"3",2884491,"1",
"980000",7287,"4",2884491,"1",
"980000",35845,"5",2884491,"1",
"980070",32621,"1",2884491,"1",
"980070",326,"2",2884491,"1",
"980070",16100,"3",2884491,"1",
"980070",7287,"4",2884491,"1",
"980070",35845,"5",2884491,"1",
"900000",5505,"1",2884492,"1",
"900000",10715,"2",2884492,"1",
"900000",10898,"3",2884492,"1",
"900000",21541,"4",2884492,"1",
"900000",2183,"5",2884492,"1",
"980000",5505,"1",2884492,"1",
"980000",10715,"2",2884492,"1",
"980000",10898,"3",2884492,"1",
"980000",21541,"4",2884492,"1",
"980000",2183,"5",2884492,"1",
"980070",5505,"1",2884492,"1",
"980070",10715,"2",2884492,"1",
"980070",10898,"3",2884492,"1",
"980070",21541,"4",2884492,"1",
"980070",2183,"5",2884492,"1",
"900000",10534,"1",2884501,"1",
"900000",13279,"2",2884501,"1",
"900000",12153,"3",2884501,"1",
"900000",509,"4",2884501,"1",
"900000",600,"5",2884501,"1",
"980000",10534,"1",2884501,"1",
"980000",13279,"2",2884501,"1",
"980000",12153,"3",2884501,"1",
"980000",509,"4",2884501,"1",
"980000",600,"5",2884501,"1",
"980070",10534,"1",2884501,"1",
"980070",13279,"2",2884501,"1",
"980070",12153,"3",2884501,"1",
"980070",509,"4",2884501,"1",
"980070",600,"5",2884501,"1",
"900000",12198,"1",2884502,"1",
"900000",16328,"2",2884502,"1",
"900000",15094,"3",2884502,"1",
"900000",44689,"4",2884502,"1",
"900000",10000,"5",2884502,"1",
"980000",12198,"1",2884502,"1",
"980000",16328,"2",2884502,"1",
"980000",15094,"3",2884502,"1",
"980000",44689,"4",2884502,"1",
"980000",10000,"5",2884502,"1",
"980070",12198,"1",2884502,"1",
"980070",16328,"2",2884502,"1",
"980070",15094,"3",2884502,"1",
"980070",44689,"4",2884502,"1",
"980070",10000,"5",2884502,"1",
"900210",8578,"1",2884511,"1",
"900210",5082,"2",2884511,"1",
"900210",1750,"3",2884511,"1",
"900210",1747,"4",2884511,"1",
"900210",55,"5",2884511,"1",
"980000",8578,"1",2884511,"1",
"980000",5082,"2",2884511,"1",
"980000",1750,"3",2884511,"1",
"980000",1747,"4",2884511,"1",
"980000",55,"5",2884511,"1",
"980070",8578,"1",2884511,"1",
"980070",5082,"2",2884511,"1",
"980070",1750,"3",2884511,"1",
"980070",1747,"4",2884511,"1",
"980070",55,"5",2884511,"1",
"900210",28309,"1",2884512,"1",
"900210",704,"2",2884512,"1",
"900210",22,"3",2884512,"1",
"900210",211,"4",2884512,"1",
"900210",276,"5",2884512,"1",
"980000",28309,"1",2884512,"1",
"980000",704,"2",2884512,"1",
"980000",22,"3",2884512,"1",
"980000",211,"4",2884512,"1",
"980000",276,"5",2884512,"1",
"980070",28309,"1",2884512,"1",
"980070",704,"2",2884512,"1",
"980070",22,"3",2884512,"1",
"980070",211,"4",2884512,"1",
"980070",276,"5",2884512,"1",
"900000",130000,"1",2884531,"1",
"900000",130000,"2",2884531,"1",
"900000",130000,"3",2884531,"1",
"900000",130000,"4",2884531,"1",
"900000",130000,"5",2884531,"1",
"900180",300,"1",2884531,"1",
"900180",300,"2",2884531,"1",
"900180",300,"3",2884531,"1",
"900180",300,"4",2884531,"1",
"900180",300,"5",2884531,"1",
"980000",130300,"1",2884531,"1",
"980000",130300,"2",2884531,"1",
"980000",130300,"3",2884531,"1",
"980000",130300,"4",2884531,"1",
"980000",130300,"5",2884531,"1",
"980070",130300,"1",2884531,"1",
"980070",130300,"2",2884531,"1",
"980070",130300,"3",2884531,"1",
"980070",130300,"4",2884531,"1",
"980070",130300,"5",2884531,"1",
"900000",130000,"1",2884532,"1",
"900000",130000,"2",2884532,"1",
"900000",130000,"3",2884532,"1",
"900000",130000,"4",2884532,"1",
"900000",130000,"5",2884532,"1",
"900180",300,"1",2884532,"1",
"900180",300,"2",2884532,"1",
"900180",300,"3",2884532,"1",
"900180",300,"4",2884532,"1",
"900180",300,"5",2884532,"1",
"980000",130300,"1",2884532,"1",
"980000",130300,"2",2884532,"1",
"980000",130300,"3",2884532,"1",
"980000",130300,"4",2884532,"1",
"980000",130300,"5",2884532,"1",
"980070",130300,"1",2884532,"1",
"980070",130300,"2",2884532,"1",
"980070",130300,"3",2884532,"1",
"980070",130300,"4",2884532,"1",
"980070",130300,"5",2884532,"1",
"900000",93000,"1",2884561,"1",
"900000",93000,"2",2884561,"1",
"900000",93000,"3",2884561,"1",
"900000",93000,"4",2884561,"1",
"900000",93000,"5",2884561,"1",
"980000",93000,"1",2884561,"1",
"980000",93000,"2",2884561,"1",
"980000",93000,"3",2884561,"1",
"980000",93000,"4",2884561,"1",
"980000",93000,"5",2884561,"1",
"980070",93000,"1",2884561,"1",
"980070",93000,"2",2884561,"1",
"980070",93000,"3",2884561,"1",
"980070",93000,"4",2884561,"1",
"980070",93000,"5",2884561,"1",
"900000",93000,"1",2884562,"1",
"900000",93000,"2",2884562,"1",
"900000",93000,"3",2884562,"1",
"900000",93000,"4",2884562,"1",
"900000",93000,"5",2884562,"1",
"980000",93000,"1",2884562,"1",
"980000",93000,"2",2884562,"1",
"980000",93000,"3",2884562,"1",
"980000",93000,"4",2884562,"1",
"980000",93000,"5",2884562,"1",
"980070",93000,"1",2884562,"1",
"980070",93000,"2",2884562,"1",
"980070",93000,"3",2884562,"1",
"980070",93000,"4",2884562,"1",
"980070",93000,"5",2884562,"1",
"900000",93195,"1",2884571,"1",
"900000",105052,"2",2884571,"1",
"900000",94984,"3",2884571,"1",
"900000",94730,"4",2884571,"1",
"900000",96684,"5",2884571,"1",
"950002",11921,"1",2884571,"1",
"950002",11921,"2",2884571,"1",
"950002",11921,"3",2884571,"1",
"950002",11921,"4",2884571,"1",
"950002",11921,"5",2884571,"1",
"950012",3709,"1",2884571,"1",
"950012",3709,"2",2884571,"1",
"950012",3709,"3",2884571,"1",
"950012",3709,"4",2884571,"1",
"950012",3709,"5",2884571,"1",
"980000",93195,"1",2884571,"1",
"980000",105052,"2",2884571,"1",
"980000",94984,"3",2884571,"1",
"980000",94730,"4",2884571,"1",
"980000",96684,"5",2884571,"1",
"980070",80142,"1",2884571,"1",
"980070",91999,"2",2884571,"1",
"980070",81931,"3",2884571,"1",
"980070",81677,"4",2884571,"1",
"980070",83631,"5",2884571,"1",
"900000",84182,"1",2884572,"1",
"900000",80260,"2",2884572,"1",
"900000",112810,"3",2884572,"1",
"900000",143456,"4",2884572,"1",
"900000",111534,"5",2884572,"1",
"950002",11921,"1",2884572,"1",
"950002",11921,"2",2884572,"1",
"950002",11921,"3",2884572,"1",
"950002",11921,"4",2884572,"1",
"950002",11921,"5",2884572,"1",
"950012",3709,"1",2884572,"1",
"950012",3709,"2",2884572,"1",
"950012",3709,"3",2884572,"1",
"950012",3709,"4",2884572,"1",
"950012",3709,"5",2884572,"1",
"980000",84182,"1",2884572,"1",
"980000",80260,"2",2884572,"1",
"980000",112810,"3",2884572,"1",
"980000",143456,"4",2884572,"1",
"980000",111534,"5",2884572,"1",
"980070",71129,"1",2884572,"1",
"980070",67207,"2",2884572,"1",
"980070",99757,"3",2884572,"1",
"980070",130403,"4",2884572,"1",
"980070",98481,"5",2884572,"1",
"900000",74000,"1",2884591,"1",
"900000",74000,"2",2884591,"1",
"900000",74000,"3",2884591,"1",
"900000",74000,"4",2884591,"1",
"900000",74000,"5",2884591,"1",
"900160",220000,"1",2884591,"1",
"900160",220000,"2",2884591,"1",
"900160",220000,"3",2884591,"1",
"900160",220000,"4",2884591,"1",
"900160",220000,"5",2884591,"1",
"900180",150,"1",2884591,"1",
"900180",150,"2",2884591,"1",
"900180",150,"3",2884591,"1",
"900180",150,"4",2884591,"1",
"900180",150,"5",2884591,"1",
"900190",-6000,"1",2884591,"1",
"900190",-6000,"2",2884591,"1",
"900190",-6000,"3",2884591,"1",
"900190",-6000,"4",2884591,"1",
"900190",-6000,"5",2884591,"1",
"980000",288150,"1",2884591,"1",
"980000",288150,"2",2884591,"1",
"980000",288150,"3",2884591,"1",
"980000",288150,"4",2884591,"1",
"980000",288150,"5",2884591,"1",
"980070",224390,"1",2884591,"1","T"
"980070",224390,"2",2884591,"1","T"
"980070",224390,"3",2884591,"1","T"
"980070",224390,"4",2884591,"1","T"
"980070",224390,"5",2884591,"1","T"
"900000",74000,"1",2884592,"1",
"900000",74000,"2",2884592,"1",
"900000",74000,"3",2884592,"1",
"900000",74000,"4",2884592,"1",
"900000",74000,"5",2884592,"1",
"900160",220000,"1",2884592,"1",
"900160",220000,"2",2884592,"1",
"900160",220000,"3",2884592,"1",
"900160",220000,"4",2884592,"1",
"900160",220000,"5",2884592,"1",
"900180",150,"1",2884592,"1",
"900180",150,"2",2884592,"1",
"900180",150,"3",2884592,"1",
"900180",150,"4",2884592,"1",
"900180",150,"5",2884592,"1",
"900190",-6000,"1",2884592,"1",
"900190",-6000,"2",2884592,"1",
"900190",-6000,"3",2884592,"1",
"900190",-6000,"4",2884592,"1",
"900190",-6000,"5",2884592,"1",
"980000",288150,"1",2884592,"1",
"980000",288150,"2",2884592,"1",
"980000",288150,"3",2884592,"1",
"980000",288150,"4",2884592,"1",
"980000",288150,"5",2884592,"1",
"980070",224390,"1",2884592,"1","T"
"980070",224390,"2",2884592,"1","T"
"980070",224390,"3",2884592,"1","T"
"980070",224390,"4",2884592,"1","T"
"980070",224390,"5",2884592,"1","T"
"900140",1669,"1",2884601,"1",
"900140",1097,"2",2884601,"1",
"900140",896,"3",2884601,"1",
"900140",903,"4",2884601,"1",
"900140",5227,"5",2884601,"1",
"980000",1669,"1",2884601,"1",
"980000",1097,"2",2884601,"1",
"980000",896,"3",2884601,"1",
"980000",903,"4",2884601,"1",
"980000",5227,"5",2884601,"1",
"980070",1669,"1",2884601,"1",
"980070",1097,"2",2884601,"1",
"980070",896,"3",2884601,"1",
"980070",903,"4",2884601,"1",
"980070",5227,"5",2884601,"1",
"900140",26253,"1",2884602,"1",
"900140",1080,"2",2884602,"1",
"900140",7556,"3",2884602,"1",
"900140",8673,"4",2884602,"1",
"900140",7535,"5",2884602,"1",
"900150",1344,"1",2884602,"1",
"900150",2340,"2",2884602,"1",
"900150",204,"3",2884602,"1",
"900150",2292,"4",2884602,"1",
"900150",1380,"5",2884602,"1",
"980000",27597,"1",2884602,"1",
"980000",3420,"2",2884602,"1",
"980000",7760,"3",2884602,"1",
"980000",10965,"4",2884602,"1",
"980000",8915,"5",2884602,"1",
"980070",27597,"1",2884602,"1",
"980070",3420,"2",2884602,"1",
"980070",7760,"3",2884602,"1",
"980070",10965,"4",2884602,"1",
"980070",8915,"5",2884602,"1",
"900000",6840,"1",2884631,"1",
"900000",38644,"2",2884631,"1",
"900000",21383,"3",2884631,"1",
"900000",38362,"4",2884631,"1",
"900000",71466,"5",2884631,"1",
"980000",6840,"1",2884631,"1",
"980000",38644,"2",2884631,"1",
"980000",21383,"3",2884631,"1",
"980000",38362,"4",2884631,"1",
"980000",71466,"5",2884631,"1",
"980070",6840,"1",2884631,"1",
"980070",38644,"2",2884631,"1",
"980070",21383,"3",2884631,"1",
"980070",38362,"4",2884631,"1",
"980070",71466,"5",2884631,"1",
"900000",5718,"1",2884632,"1",
"900000",13652,"2",2884632,"1",
"900000",10416,"3",2884632,"1",
"900000",3360,"4",2884632,"1",
"900000",8637,"5",2884632,"1",
"980000",5718,"1",2884632,"1",
"980000",13652,"2",2884632,"1",
"980000",10416,"3",2884632,"1",
"980000",3360,"4",2884632,"1",
"980000",8637,"5",2884632,"1",
"980070",5718,"1",2884632,"1",
"980070",13652,"2",2884632,"1",
"980070",10416,"3",2884632,"1",
"980070",3360,"4",2884632,"1",
"980070",8637,"5",2884632,"1",
"900000",68000,"1",2884641,"1",
"900000",68000,"2",2884641,"1",
"900000",68000,"3",2884641,"1",
"900000",68000,"4",2884641,"1",
"900000",68000,"5",2884641,"1",
"980000",68000,"1",2884641,"1",
"980000",68000,"2",2884641,"1",
"980000",68000,"3",2884641,"1",
"980000",68000,"4",2884641,"1",
"980000",68000,"5",2884641,"1",
"980070",72800,"1",2884641,"1",
"980070",72800,"2",2884641,"1",
"980070",72800,"3",2884641,"1",
"980070",72800,"4",2884641,"1",
"980070",72800,"5",2884641,"1",
"900000",68000,"1",2884642,"1",
"900000",68000,"2",2884642,"1",
"900000",68000,"3",2884642,"1",
"900000",68000,"4",2884642,"1",
"900000",68000,"5",2884642,"1",
"980000",68000,"1",2884642,"1",
"980000",68000,"2",2884642,"1",
"980000",68000,"3",2884642,"1",
"980000",68000,"4",2884642,"1",
"980000",68000,"5",2884642,"1",
"980070",72800,"1",2884642,"1",
"980070",72800,"2",2884642,"1",
"980070",72800,"3",2884642,"1",
"980070",72800,"4",2884642,"1",
"980070",72800,"5",2884642,"1",
"900000",113605,"1",2884651,"1",
"900000",98927,"2",2884651,"1",
"900000",101511,"3",2884651,"1",
"900000",100363,"4",2884651,"1",
"900000",118089,"5",2884651,"1",
"980000",113605,"1",2884651,"1",
"980000",98927,"2",2884651,"1",
"980000",101511,"3",2884651,"1",
"980000",100363,"4",2884651,"1",
"980000",118089,"5",2884651,"1",
"980070",117805,"1",2884651,"1",
"980070",103127,"2",2884651,"1",
"980070",105711,"3",2884651,"1",
"980070",104563,"4",2884651,"1",
"980070",122289,"5",2884651,"1",
"900000",101352,"1",2884652,"1",
"900000",98377,"2",2884652,"1",
"900000",105210,"3",2884652,"1",
"900000",98358,"4",2884652,"1",
"900000",115672,"5",2884652,"1",
"980000",101352,"1",2884652,"1",
"980000",98377,"2",2884652,"1",
"980000",105210,"3",2884652,"1",
"980000",98358,"4",2884652,"1",
"980000",115672,"5",2884652,"1",
"980070",105552,"1",2884652,"1",
"980070",102577,"2",2884652,"1",
"980070",109410,"3",2884652,"1",
"980070",102558,"4",2884652,"1",
"980070",119872,"5",2884652,"1",
"900000",205487,"1",2884661,"1","T"
"900000",205487,"2",2884661,"1","T"
"900000",205487,"3",2884661,"1","T"
"900000",205487,"4",2884661,"1","T"
"900000",205487,"5",2884661,"1","T"
"900030",12564,"1",2884661,"1",
"900030",7632,"2",2884661,"1",
"900030",13572,"3",2884661,"1",
"900030",5928,"4",2884661,"1",
"900030",8568,"5",2884661,"1",
"900170",71786,"1",2884661,"1","T"
"900170",71786,"2",2884661,"1","T"
"900170",71786,"3",2884661,"1","T"
"900170",71786,"4",2884661,"1","T"
"900170",71786,"5",2884661,"1","T"
"900180",38657,"1",2884661,"1","T"
"900180",38657,"2",2884661,"1","T"
"900180",38657,"3",2884661,"1","T"
"900180",38657,"4",2884661,"1","T"
"900180",38657,"5",2884661,"1","T"
"980000",325582,"1",2884661,"1","T"
"980000",325582,"2",2884661,"1","T"
"980000",325582,"3",2884661,"1","T"
"980000",325582,"4",2884661,"1","T"
"980000",325582,"5",2884661,"1","T"
"980070",325582,"1",2884661,"1","T"
"980070",325582,"2",2884661,"1","T"
"980070",325582,"3",2884661,"1","T"
"980070",325582,"4",2884661,"1","T"
"980070",325582,"5",2884661,"1","T"
"900000",103468,"1",2884662,"1",
"900000",101388,"2",2884662,"1",
"900000",136194,"3",2884662,"1",
"900000",98991,"4",2884662,"1",
"900000",90000,"5",2884662,"1",
"900030",9960,"1",2884662,"1",
"900030",14340,"2",2884662,"1",
"900030",13020,"3",2884662,"1",
"900030",4920,"4",2884662,"1",
"900030",4692,"5",2884662,"1",
"900170",18942,"1",2884662,"1",
"900170",15889,"2",2884662,"1",
"900170",691,"3",2884662,"1",
"900170",3686,"4",2884662,"1",
"900170",62002,"5",2884662,"1",
"900180",2802,"1",2884662,"1",
"900180",21483,"2",2884662,"1",
"900180",500,"3",2884662,"1",
"900180",10000,"4",2884662,"1",
"900180",23068,"5",2884662,"1",
"980000",135172,"1",2884662,"1",
"980000",153100,"2",2884662,"1",
"980000",150405,"3",2884662,"1",
"980000",117597,"4",2884662,"1",
"980000",179762,"5",2884662,"1",
"980070",135172,"1",2884662,"1",
"980070",153100,"2",2884662,"1",
"980070",150405,"3",2884662,"1",
"980070",117597,"4",2884662,"1",
"980070",179762,"5",2884662,"1",
"900030",14291,"1",2884671,"1",
"900030",14291,"2",2884671,"1",
"900030",14291,"3",2884671,"1",
"900030",14291,"4",2884671,"1",
"900030",14291,"5",2884671,"1",
"900170",6000,"1",2884671,"1",
"900170",6000,"2",2884671,"1",
"900170",6000,"3",2884671,"1",
"900170",6000,"4",2884671,"1",
"900170",6000,"5",2884671,"1",
"900180",2000,"1",2884671,"1",
"900180",2000,"2",2884671,"1",
"900180",2000,"3",2884671,"1",
"900180",2000,"4",2884671,"1",
"900180",2000,"5",2884671,"1",
"980000",22291,"1",2884671,"1",
"980000",22291,"2",2884671,"1",
"980000",22291,"3",2884671,"1",
"980000",22291,"4",2884671,"1",
"980000",22291,"5",2884671,"1",
"980070",22634,"1",2884671,"1",
"980070",22634,"2",2884671,"1",
"980070",22634,"3",2884671,"1",
"980070",22634,"4",2884671,"1",
"980070",22634,"5",2884671,"1",
"900030",14291,"1",2884672,"1",
"900030",14291,"2",2884672,"1",
"900030",14291,"3",2884672,"1",
"900030",14291,"4",2884672,"1",
"900030",14291,"5",2884672,"1",
"900170",6000,"1",2884672,"1",
"900170",6000,"2",2884672,"1",
"900170",6000,"3",2884672,"1",
"900170",6000,"4",2884672,"1",
"900170",6000,"5",2884672,"1",
"900180",2000,"1",2884672,"1",
"900180",2000,"2",2884672,"1",
"900180",2000,"3",2884672,"1",
"900180",2000,"4",2884672,"1",
"900180",2000,"5",2884672,"1",
"980000",22291,"1",2884672,"1",
"980000",22291,"2",2884672,"1",
"980000",22291,"3",2884672,"1",
"980000",22291,"4",2884672,"1",
"980000",22291,"5",2884672,"1",
"980070",22634,"1",2884672,"1",
"980070",22634,"2",2884672,"1",
"980070",22634,"3",2884672,"1",
"980070",22634,"4",2884672,"1",
"980070",22634,"5",2884672,"1",
"900160",13379,"1",2884681,"1",
"900160",22152,"2",2884681,"1",
"900160",42026,"3",2884681,"1",
"900160",50246,"4",2884681,"1",
"900160",87274,"5",2884681,"1",
"980000",13379,"1",2884681,"1",
"980000",22152,"2",2884681,"1",
"980000",42026,"3",2884681,"1",
"980000",50246,"4",2884681,"1",
"980000",87274,"5",2884681,"1",
"980070",13379,"1",2884681,"1",
"980070",22152,"2",2884681,"1",
"980070",42026,"3",2884681,"1",
"980070",50246,"4",2884681,"1",
"980070",87274,"5",2884681,"1",
"900160",37011,"1",2884682,"1",
"900160",60981,"2",2884682,"1",
"900160",79588,"3",2884682,"1",
"900160",43990,"4",2884682,"1",
"900160",83802,"5",2884682,"1",
"980000",37011,"1",2884682,"1",
"980000",60981,"2",2884682,"1",
"980000",79588,"3",2884682,"1",
"980000",43990,"4",2884682,"1",
"980000",83802,"5",2884682,"1",
"980070",37011,"1",2884682,"1",
"980070",60981,"2",2884682,"1",
"980070",79588,"3",2884682,"1",
"980070",43990,"4",2884682,"1",
"980070",83802,"5",2884682,"1",
"900160",2500,"1",2884701,"1",
"900160",2500,"2",2884701,"1",
"900160",2500,"3",2884701,"1",
"900160",2500,"4",2884701,"1",
"900160",2500,"5",2884701,"1",
"980000",2500,"1",2884701,"1",
"980000",2500,"2",2884701,"1",
"980000",2500,"3",2884701,"1",
"980000",2500,"4",2884701,"1",
"980000",2500,"5",2884701,"1",
"980070",1294,"1",2884701,"1",
"980070",1294,"2",2884701,"1",
"980070",1294,"3",2884701,"1",
"980070",1294,"4",2884701,"1",
"980070",1294,"5",2884701,"1",
"900160",2500,"1",2884702,"1",
"900160",2500,"2",2884702,"1",
"900160",2500,"3",2884702,"1",
"900160",2500,"4",2884702,"1",
"900160",2500,"5",2884702,"1",
"980000",2500,"1",2884702,"1",
"980000",2500,"2",2884702,"1",
"980000",2500,"3",2884702,"1",
"980000",2500,"4",2884702,"1",
"980000",2500,"5",2884702,"1",
"980070",1294,"1",2884702,"1",
"980070",1294,"2",2884702,"1",
"980070",1294,"3",2884702,"1",
"980070",1294,"4",2884702,"1",
"980070",1294,"5",2884702,"1",
"900000",36000,"1",2884761,"1",
"900000",36000,"2",2884761,"1",
"900000",36000,"3",2884761,"1",
"900000",36000,"4",2884761,"1",
"900000",36000,"5",2884761,"1",
"900030",18059,"1",2884761,"1",
"900030",18059,"2",2884761,"1",
"900030",18059,"3",2884761,"1",
"900030",18059,"4",2884761,"1",
"900030",18059,"5",2884761,"1",
"980000",54059,"1",2884761,"1",
"980000",54059,"2",2884761,"1",
"980000",54059,"3",2884761,"1",
"980000",54059,"4",2884761,"1",
"980000",54059,"5",2884761,"1",
"980070",54059,"1",2884761,"1",
"980070",54059,"2",2884761,"1",
"980070",54059,"3",2884761,"1",
"980070",54059,"4",2884761,"1",
"980070",54059,"5",2884761,"1",
"900000",36000,"1",2884762,"1",
"900000",36000,"2",2884762,"1",
"900000",36000,"3",2884762,"1",
"900000",36000,"4",2884762,"1",
"900000",36000,"5",2884762,"1",
"900030",18059,"1",2884762,"1",
"900030",18059,"2",2884762,"1",
"900030",18059,"3",2884762,"1",
"900030",18059,"4",2884762,"1",
"900030",18059,"5",2884762,"1",
"980000",54059,"1",2884762,"1",
"980000",54059,"2",2884762,"1",
"980000",54059,"3",2884762,"1",
"980000",54059,"4",2884762,"1",
"980000",54059,"5",2884762,"1",
"980070",54059,"1",2884762,"1",
"980070",54059,"2",2884762,"1",
"980070",54059,"3",2884762,"1",
"980070",54059,"4",2884762,"1",
"980070",54059,"5",2884762,"1",
"900000",95719,"1",2884791,"1",
"900000",103398,"2",2884791,"1",
"900000",105826,"3",2884791,"1",
"900000",110400,"4",2884791,"1",
"900000",172037,"5",2884791,"1",
"900160",-5956,"1",2884791,"1",
"900160",9148,"2",2884791,"1",
"900160",1356,"3",2884791,"1",
"900160",611,"4",2884791,"1",
"900160",20370,"5",2884791,"1",
"980000",89763,"1",2884791,"1",
"980000",112546,"2",2884791,"1",
"980000",107182,"3",2884791,"1",
"980000",111011,"4",2884791,"1",
"980000",192407,"5",2884791,"1",
"980070",89763,"1",2884791,"1",
"980070",112546,"2",2884791,"1",
"980070",107182,"3",2884791,"1",
"980070",111011,"4",2884791,"1",
"980070",192407,"5",2884791,"1",
"900000",93259,"1",2884792,"1",
"900000",103571,"2",2884792,"1",
"900000",77029,"3",2884792,"1",
"900000",149285,"4",2884792,"1",
"900000",82978,"5",2884792,"1",
"900160",2179,"1",2884792,"1",
"900160",3863,"2",2884792,"1",
"900160",30199,"3",2884792,"1",
"900160",1008,"4",2884792,"1",
"900160",1108,"5",2884792,"1",
"980000",95438,"1",2884792,"1",
"980000",107434,"2",2884792,"1",
"980000",107228,"3",2884792,"1",
"980000",150293,"4",2884792,"1",
"980000",84086,"5",2884792,"1",
"980070",95438,"1",2884792,"1",
"980070",107434,"2",2884792,"1",
"980070",107228,"3",2884792,"1",
"980070",150293,"4",2884792,"1",
"980070",84086,"5",2884792,"1",
"900000",40000,"1",2884821,"1",
"900000",40000,"2",2884821,"1",
"900000",40000,"3",2884821,"1",
"900000",40000,"4",2884821,"1",
"900000",40000,"5",2884821,"1",
"980000",40000,"1",2884821,"1",
"980000",40000,"2",2884821,"1",
"980000",40000,"3",2884821,"1",
"980000",40000,"4",2884821,"1",
"980000",40000,"5",2884821,"1",
"980070",40000,"1",2884821,"1",
"980070",40000,"2",2884821,"1",
"980070",40000,"3",2884821,"1",
"980070",40000,"4",2884821,"1",
"980070",40000,"5",2884821,"1",
"900000",40000,"1",2884822,"1",
"900000",40000,"2",2884822,"1",
"900000",40000,"3",2884822,"1",
"900000",40000,"4",2884822,"1",
"900000",40000,"5",2884822,"1",
"980000",40000,"1",2884822,"1",
"980000",40000,"2",2884822,"1",
"980000",40000,"3",2884822,"1",
"980000",40000,"4",2884822,"1",
"980000",40000,"5",2884822,"1",
"980070",40000,"1",2884822,"1",
"980070",40000,"2",2884822,"1",
"980070",40000,"3",2884822,"1",
"980070",40000,"4",2884822,"1",
"980070",40000,"5",2884822,"1",
"900030",10859,"1",2884851,"1",
"900030",10859,"2",2884851,"1",
"900030",10859,"3",2884851,"1",
"900030",10859,"4",2884851,"1",
"900030",10859,"5",2884851,"1",
"900170",720,"1",2884851,"1",
"900170",720,"2",2884851,"1",
"900170",720,"3",2884851,"1",
"900170",720,"4",2884851,"1",
"900170",720,"5",2884851,"1",
"980000",11579,"1",2884851,"1",
"980000",11579,"2",2884851,"1",
"980000",11579,"3",2884851,"1",
"980000",11579,"4",2884851,"1",
"980000",11579,"5",2884851,"1",
"980070",11579,"1",2884851,"1",
"980070",11579,"2",2884851,"1",
"980070",11579,"3",2884851,"1",
"980070",11579,"4",2884851,"1",
"980070",11579,"5",2884851,"1",
"900030",10859,"1",2884852,"1",
"900030",10859,"2",2884852,"1",
"900030",10859,"3",2884852,"1",
"900030",10859,"4",2884852,"1",
"900030",10859,"5",2884852,"1",
"900170",720,"1",2884852,"1",
"900170",720,"2",2884852,"1",
"900170",720,"3",2884852,"1",
"900170",720,"4",2884852,"1",
"900170",720,"5",2884852,"1",
"980000",11579,"1",2884852,"1",
"980000",11579,"2",2884852,"1",
"980000",11579,"3",2884852,"1",
"980000",11579,"4",2884852,"1",
"980000",11579,"5",2884852,"1",
"980070",11579,"1",2884852,"1",
"980070",11579,"2",2884852,"1",
"980070",11579,"3",2884852,"1",
"980070",11579,"4",2884852,"1",
"980070",11579,"5",2884852,"1",
"900000",86000,"1",2884861,"1",
"900000",86000,"2",2884861,"1",
"900000",86000,"3",2884861,"1",
"900000",86000,"4",2884861,"1",
"900000",86000,"5",2884861,"1",
"980000",86000,"1",2884861,"1",
"980000",86000,"2",2884861,"1",
"980000",86000,"3",2884861,"1",
"980000",86000,"4",2884861,"1",
"980000",86000,"5",2884861,"1",
"980070",87200,"1",2884861,"1",
"980070",87200,"2",2884861,"1",
"980070",87200,"3",2884861,"1",
"980070",87200,"4",2884861,"1",
"980070",87200,"5",2884861,"1",
"900000",86000,"1",2884862,"1",
"900000",86000,"2",2884862,"1",
"900000",86000,"3",2884862,"1",
"900000",86000,"4",2884862,"1",
"900000",86000,"5",2884862,"1",
"980000",86000,"1",2884862,"1",
"980000",86000,"2",2884862,"1",
"980000",86000,"3",2884862,"1",
"980000",86000,"4",2884862,"1",
"980000",86000,"5",2884862,"1",
"980070",87200,"1",2884862,"1",
"980070",87200,"2",2884862,"1",
"980070",87200,"3",2884862,"1",
"980070",87200,"4",2884862,"1",
"980070",87200,"5",2884862,"1",
"900030",6504,"1",2884871,"1",
"900030",6504,"2",2884871,"1",
"900030",6504,"3",2884871,"1",
"900030",6504,"4",2884871,"1",
"900030",6504,"5",2884871,"1",
"980000",6504,"1",2884871,"1",
"980000",6504,"2",2884871,"1",
"980000",6504,"3",2884871,"1",
"980000",6504,"4",2884871,"1",
"980000",6504,"5",2884871,"1",
"980070",6504,"1",2884871,"1",
"980070",6504,"2",2884871,"1",
"980070",6504,"3",2884871,"1",
"980070",6504,"4",2884871,"1",
"980070",6504,"5",2884871,"1",
"900000",205487,"1",2884881,"1","T"
"900000",205487,"2",2884881,"1","T"
"900000",205487,"3",2884881,"1","T"
"900000",205487,"4",2884881,"1","T"
"900000",205487,"5",2884881,"1","T"
"980000",205487,"1",2884881,"1","T"
"980000",205487,"2",2884881,"1","T"
"980000",205487,"3",2884881,"1","T"
"980000",205487,"4",2884881,"1","T"
"980000",205487,"5",2884881,"1","T"
"980070",204987,"1",2884881,"1","T"
"980070",204987,"2",2884881,"1","T"
"980070",204987,"3",2884881,"1","T"
"980070",204987,"4",2884881,"1","T"
"980070",204987,"5",2884881,"1","T"
"900000",51395,"1",2884882,"1",
"900000",42098,"2",2884882,"1",
"900000",99086,"3",2884882,"1",
"900000",104255,"4",2884882,"1",
"900000",65837,"5",2884882,"1",
"980000",51395,"1",2884882,"1",
"980000",42098,"2",2884882,"1",
"980000",99086,"3",2884882,"1",
"980000",104255,"4",2884882,"1",
"980000",65837,"5",2884882,"1",
"980070",50895,"1",2884882,"1",
"980070",41598,"2",2884882,"1",
"980070",98586,"3",2884882,"1",
"980070",103755,"4",2884882,"1",
"980070",65337,"5",2884882,"1",
"900000",66628,"1",2884931,"1",
"900000",28682,"2",2884931,"1",
"900000",56573,"3",2884931,"1",
"900000",43485,"4",2884931,"1",
"900000",33495,"5",2884931,"1",
"980000",66628,"1",2884931,"1",
"980000",28682,"2",2884931,"1",
"980000",56573,"3",2884931,"1",
"980000",43485,"4",2884931,"1",
"980000",33495,"5",2884931,"1",
"980070",66628,"1",2884931,"1",
"980070",28682,"2",2884931,"1",
"980070",56573,"3",2884931,"1",
"980070",43485,"4",2884931,"1",
"980070",33495,"5",2884931,"1",
"900000",101894,"1",2884932,"1",
"900000",112767,"2",2884932,"1",
"900000",30612,"3",2884932,"1",
"900000",109417,"4",2884932,"1",
"900000",125047,"5",2884932,"1",
"980000",101894,"1",2884932,"1",
"980000",112767,"2",2884932,"1",
"980000",30612,"3",2884932,"1",
"980000",109417,"4",2884932,"1",
"980000",125047,"5",2884932,"1",
"980070",101894,"1",2884932,"1",
"980070",112767,"2",2884932,"1",
"980070",30612,"3",2884932,"1",
"980070",109417,"4",2884932,"1",
"980070",125047,"5",2884932,"1",
"900000",65472,"1",2884951,"1",
"900000",68731,"2",2884951,"1",
"900000",68844,"3",2884951,"1",
"900000",59524,"4",2884951,"1",
"900000",56148,"5",2884951,"1",
"980000",65472,"1",2884951,"1",
"980000",68731,"2",2884951,"1",
"980000",68844,"3",2884951,"1",
"980000",59524,"4",2884951,"1",
"980000",56148,"5",2884951,"1",
"980070",59472,"1",2884951,"1",
"980070",62731,"2",2884951,"1",
"980070",62844,"3",2884951,"1",
"980070",53524,"4",2884951,"1",
"980070",50148,"5",2884951,"1",
"900000",59226,"1",2884952,"1",
"900000",55200,"2",2884952,"1",
"900000",56018,"3",2884952,"1",
"900000",62521,"4",2884952,"1",
"900000",52041,"5",2884952,"1",
"980000",59226,"1",2884952,"1",
"980000",55200,"2",2884952,"1",
"980000",56018,"3",2884952,"1",
"980000",62521,"4",2884952,"1",
"980000",52041,"5",2884952,"1",
"980070",53226,"1",2884952,"1",
"980070",49200,"2",2884952,"1",
"980070",50018,"3",2884952,"1",
"980070",56521,"4",2884952,"1",
"980070",46041,"5",2884952,"1",
"900030",26831,"1",2884961,"1",
"900030",24479,"2",2884961,"1",
"900030",24131,"3",2884961,"1",
"900030",22343,"4",2884961,"1",
"900030",24347,"5",2884961,"1",
"900150",180,"1",2884961,"1",
"900150",7500,"2",2884961,"1",
"900150",5532,"3",2884961,"1",
"900150",5040,"4",2884961,"1",
"900150",2460,"5",2884961,"1",
"980000",27011,"1",2884961,"1",
"980000",31979,"2",2884961,"1",
"980000",29663,"3",2884961,"1",
"980000",27383,"4",2884961,"1",
"980000",26807,"5",2884961,"1",
"980070",27011,"1",2884961,"1",
"980070",31979,"2",2884961,"1",
"980070",29663,"3",2884961,"1",
"980070",27383,"4",2884961,"1",
"980070",26807,"5",2884961,"1",
"900030",25415,"1",2884962,"1",
"900030",26399,"2",2884962,"1",
"900030",25835,"3",2884962,"1",
"900030",28355,"4",2884962,"1",
"900030",27635,"5",2884962,"1",
"900150",2868,"1",2884962,"1",
"900150",2616,"2",2884962,"1",
"900150",1068,"3",2884962,"1",
"900150",1152,"4",2884962,"1",
"900150",180,"5",2884962,"1",
"980000",28283,"1",2884962,"1",
"980000",29015,"2",2884962,"1",
"980000",26903,"3",2884962,"1",
"980000",29507,"4",2884962,"1",
"980000",27815,"5",2884962,"1",
"980070",28283,"1",2884962,"1",
"980070",29015,"2",2884962,"1",
"980070",26903,"3",2884962,"1",
"980070",29507,"4",2884962,"1",
"980070",27815,"5",2884962,"1",
"800940",8071,"1",2884991,"1",
"800940",8071,"2",2884991,"1",
"800940",8071,"3",2884991,"1",
"800940",8071,"4",2884991,"1",
"800940",8071,"5",2884991,"1",
"900000",95000,"1",2884991,"1",
"900000",95000,"2",2884991,"1",
"900000",95000,"3",2884991,"1",
"900000",95000,"4",2884991,"1",
"900000",95000,"5",2884991,"1",
"900160",5250,"1",2884991,"1",
"900160",5250,"2",2884991,"1",
"900160",5250,"3",2884991,"1",
"900160",5250,"4",2884991,"1",
"900160",5250,"5",2884991,"1",
"950002",5503,"1",2884991,"1",
"950002",5503,"2",2884991,"1",
"950002",5503,"3",2884991,"1",
"950002",5503,"4",2884991,"1",
"950002",5503,"5",2884991,"1",
"980000",100250,"1",2884991,"1",
"980000",100250,"2",2884991,"1",
"980000",100250,"3",2884991,"1",
"980000",100250,"4",2884991,"1",
"980000",100250,"5",2884991,"1",
"980070",94747,"1",2884991,"1",
"980070",94747,"2",2884991,"1",
"980070",94747,"3",2884991,"1",
"980070",94747,"4",2884991,"1",
"980070",94747,"5",2884991,"1",
"800940",8071,"1",2884992,"1",
"800940",8071,"2",2884992,"1",
"800940",8071,"3",2884992,"1",
"800940",8071,"4",2884992,"1",
"800940",8071,"5",2884992,"1",
"900000",95000,"1",2884992,"1",
"900000",95000,"2",2884992,"1",
"900000",95000,"3",2884992,"1",
"900000",95000,"4",2884992,"1",
"900000",95000,"5",2884992,"1",
"900160",5250,"1",2884992,"1",
"900160",5250,"2",2884992,"1",
"900160",5250,"3",2884992,"1",
"900160",5250,"4",2884992,"1",
"900160",5250,"5",2884992,"1",
"950002",5503,"1",2884992,"1",
"950002",5503,"2",2884992,"1",
"950002",5503,"3",2884992,"1",
"950002",5503,"4",2884992,"1",
"950002",5503,"5",2884992,"1",
"980000",100250,"1",2884992,"1",
"980000",100250,"2",2884992,"1",
"980000",100250,"3",2884992,"1",
"980000",100250,"4",2884992,"1",
"980000",100250,"5",2884992,"1",
"980070",94747,"1",2884992,"1",
"980070",94747,"2",2884992,"1",
"980070",94747,"3",2884992,"1",
"980070",94747,"4",2884992,"1",
"980070",94747,"5",2884992,"1",
"900000",103600,"1",2885001,"1",
"900000",103600,"2",2885001,"1",
"900000",103600,"3",2885001,"1",
"900000",103600,"4",2885001,"1",
"900000",103600,"5",2885001,"1",
"900180",1000,"1",2885001,"1",
"900180",1000,"2",2885001,"1",
"900180",1000,"3",2885001,"1",
"900180",1000,"4",2885001,"1",
"900180",1000,"5",2885001,"1",
"980000",104600,"1",2885001,"1",
"980000",104600,"2",2885001,"1",
"980000",104600,"3",2885001,"1",
"980000",104600,"4",2885001,"1",
"980000",104600,"5",2885001,"1",
"980070",7110,"1",2885001,"1","T"
"980070",7110,"2",2885001,"1","T"
"980070",7110,"3",2885001,"1","T"
"980070",7110,"4",2885001,"1","T"
"980070",7110,"5",2885001,"1","T"
"900000",103600,"1",2885002,"1",
"900000",103600,"2",2885002,"1",
"900000",103600,"3",2885002,"1",
"900000",103600,"4",2885002,"1",
"900000",103600,"5",2885002,"1",
"900180",1000,"1",2885002,"1",
"900180",1000,"2",2885002,"1",
"900180",1000,"3",2885002,"1",
"900180",1000,"4",2885002,"1",
"900180",1000,"5",2885002,"1",
"980000",104600,"1",2885002,"1",
"980000",104600,"2",2885002,"1",
"980000",104600,"3",2885002,"1",
"980000",104600,"4",2885002,"1",
"980000",104600,"5",2885002,"1",
"980070",7110,"1",2885002,"1","T"
"980070",7110,"2",2885002,"1","T"
"980070",7110,"3",2885002,"1","T"
"980070",7110,"4",2885002,"1","T"
"980070",7110,"5",2885002,"1","T"
"800940",4208,"1",2885041,"1",
"800940",4208,"2",2885041,"1",
"800940",4208,"3",2885041,"1",
"800940",4208,"4",2885041,"1",
"800940",4208,"5",2885041,"1",
"900000",55000,"1",2885041,"1",
"900000",55000,"2",2885041,"1",
"900000",55000,"3",2885041,"1",
"900000",55000,"4",2885041,"1",
"900000",55000,"5",2885041,"1",
"900180",200,"1",2885041,"1",
"900180",200,"2",2885041,"1",
"900180",200,"3",2885041,"1",
"900180",200,"4",2885041,"1",
"900180",200,"5",2885041,"1",
"900210",5400,"1",2885041,"1",
"900210",5400,"2",2885041,"1",
"900210",5400,"3",2885041,"1",
"900210",5400,"4",2885041,"1",
"900210",5400,"5",2885041,"1",
"980000",60600,"1",2885041,"1",
"980000",60600,"2",2885041,"1",
"980000",60600,"3",2885041,"1",
"980000",60600,"4",2885041,"1",
"980000",60600,"5",2885041,"1",
"980070",53600,"1",2885041,"1",
"980070",53600,"2",2885041,"1",
"980070",53600,"3",2885041,"1",
"980070",53600,"4",2885041,"1",
"980070",53600,"5",2885041,"1",
"800940",4208,"1",2885042,"1",
"800940",4208,"2",2885042,"1",
"800940",4208,"3",2885042,"1",
"800940",4208,"4",2885042,"1",
"800940",4208,"5",2885042,"1",
"900000",55000,"1",2885042,"1",
"900000",55000,"2",2885042,"1",
"900000",55000,"3",2885042,"1",
"900000",55000,"4",2885042,"1",
"900000",55000,"5",2885042,"1",
"900180",200,"1",2885042,"1",
"900180",200,"2",2885042,"1",
"900180",200,"3",2885042,"1",
"900180",200,"4",2885042,"1",
"900180",200,"5",2885042,"1",
"900210",5400,"1",2885042,"1",
"900210",5400,"2",2885042,"1",
"900210",5400,"3",2885042,"1",
"900210",5400,"4",2885042,"1",
"900210",5400,"5",2885042,"1",
"980000",60600,"1",2885042,"1",
"980000",60600,"2",2885042,"1",
"980000",60600,"3",2885042,"1",
"980000",60600,"4",2885042,"1",
"980000",60600,"5",2885042,"1",
"980070",53600,"1",2885042,"1",
"980070",53600,"2",2885042,"1",
"980070",53600,"3",2885042,"1",
"980070",53600,"4",2885042,"1",
"980070",53600,"5",2885042,"1",
"900000",113000,"1",2885051,"1",
"900000",113000,"2",2885051,"1",
"900000",113000,"3",2885051,"1",
"900000",113000,"4",2885051,"1",
"900000",113000,"5",2885051,"1",
"900180",4,"1",2885051,"1",
"900180",4,"2",2885051,"1",
"900180",4,"3",2885051,"1",
"900180",4,"4",2885051,"1",
"900180",4,"5",2885051,"1",
"980000",113004,"1",2885051,"1",
"980000",113004,"2",2885051,"1",
"980000",113004,"3",2885051,"1",
"980000",113004,"4",2885051,"1",
"980000",113004,"5",2885051,"1",
"980070",113607,"1",2885051,"1",
"980070",113607,"2",2885051,"1",
"980070",113607,"3",2885051,"1",
"980070",113607,"4",2885051,"1",
"980070",113607,"5",2885051,"1",
"900000",113000,"1",2885052,"1",
"900000",113000,"2",2885052,"1",
"900000",113000,"3",2885052,"1",
"900000",113000,"4",2885052,"1",
"900000",113000,"5",2885052,"1",
"900180",4,"1",2885052,"1",
"900180",4,"2",2885052,"1",
"900180",4,"3",2885052,"1",
"900180",4,"4",2885052,"1",
"900180",4,"5",2885052,"1",
"980000",113004,"1",2885052,"1",
"980000",113004,"2",2885052,"1",
"980000",113004,"3",2885052,"1",
"980000",113004,"4",2885052,"1",
"980000",113004,"5",2885052,"1",
"980070",113607,"1",2885052,"1",
"980070",113607,"2",2885052,"1",
"980070",113607,"3",2885052,"1",
"980070",113607,"4",2885052,"1",
"980070",113607,"5",2885052,"1",
"900000",80000,"1",2885071,"1",
"900000",80000,"2",2885071,"1",
"900000",80000,"3",2885071,"1",
"900000",80000,"4",2885071,"1",
"900000",80000,"5",2885071,"1",
"980000",80000,"1",2885071,"1",
"980000",80000,"2",2885071,"1",
"980000",80000,"3",2885071,"1",
"980000",80000,"4",2885071,"1",
"980000",80000,"5",2885071,"1",
"980070",80065,"1",2885071,"1",
"980070",80065,"2",2885071,"1",
"980070",80065,"3",2885071,"1",
"980070",80065,"4",2885071,"1",
"980070",80065,"5",2885071,"1",
"900000",80000,"1",2885072,"1",
"900000",80000,"2",2885072,"1",
"900000",80000,"3",2885072,"1",
"900000",80000,"4",2885072,"1",
"900000",80000,"5",2885072,"1",
"980000",80000,"1",2885072,"1",
"980000",80000,"2",2885072,"1",
"980000",80000,"3",2885072,"1",
"980000",80000,"4",2885072,"1",
"980000",80000,"5",2885072,"1",
"980070",80065,"1",2885072,"1",
"980070",80065,"2",2885072,"1",
"980070",80065,"3",2885072,"1",
"980070",80065,"4",2885072,"1",
"980070",80065,"5",2885072,"1",
"900000",59000,"1",2885081,"1",
"900000",59000,"2",2885081,"1",
"900000",59000,"3",2885081,"1",
"900000",59000,"4",2885081,"1",
"900000",59000,"5",2885081,"1",
"900140",2000,"1",2885081,"1",
"900140",2000,"2",2885081,"1",
"900140",2000,"3",2885081,"1",
"900140",2000,"4",2885081,"1",
"900140",2000,"5",2885081,"1",
"980000",61000,"1",2885081,"1",
"980000",61000,"2",2885081,"1",
"980000",61000,"3",2885081,"1",
"980000",61000,"4",2885081,"1",
"980000",61000,"5",2885081,"1",
"980070",64800,"1",2885081,"1",
"980070",64800,"2",2885081,"1",
"980070",64800,"3",2885081,"1",
"980070",64800,"4",2885081,"1",
"980070",64800,"5",2885081,"1",
"900000",59000,"1",2885082,"1",
"900000",59000,"2",2885082,"1",
"900000",59000,"3",2885082,"1",
"900000",59000,"4",2885082,"1",
"900000",59000,"5",2885082,"1",
"900140",2000,"1",2885082,"1",
"900140",2000,"2",2885082,"1",
"900140",2000,"3",2885082,"1",
"900140",2000,"4",2885082,"1",
"900140",2000,"5",2885082,"1",
"980000",61000,"1",2885082,"1",
"980000",61000,"2",2885082,"1",
"980000",61000,"3",2885082,"1",
"980000",61000,"4",2885082,"1",
"980000",61000,"5",2885082,"1",
"980070",64800,"1",2885082,"1",
"980070",64800,"2",2885082,"1",
"980070",64800,"3",2885082,"1",
"980070",64800,"4",2885082,"1",
"980070",64800,"5",2885082,"1",
"900000",60000,"1",2885101,"1",
"900000",60000,"2",2885101,"1",
"900000",60000,"3",2885101,"1",
"900000",60000,"4",2885101,"1",
"900000",60000,"5",2885101,"1",
"980000",60000,"1",2885101,"1",
"980000",60000,"2",2885101,"1",
"980000",60000,"3",2885101,"1",
"980000",60000,"4",2885101,"1",
"980000",60000,"5",2885101,"1",
"980070",66000,"1",2885101,"1",
"980070",66000,"2",2885101,"1",
"980070",66000,"3",2885101,"1",
"980070",66000,"4",2885101,"1",
"980070",66000,"5",2885101,"1",
"900000",60000,"1",2885102,"1",
"900000",60000,"2",2885102,"1",
"900000",60000,"3",2885102,"1",
"900000",60000,"4",2885102,"1",
"900000",60000,"5",2885102,"1",
"980000",60000,"1",2885102,"1",
"980000",60000,"2",2885102,"1",
"980000",60000,"3",2885102,"1",
"980000",60000,"4",2885102,"1",
"980000",60000,"5",2885102,"1",
"980070",66000,"1",2885102,"1",
"980070",66000,"2",2885102,"1",
"980070",66000,"3",2885102,"1",
"980070",66000,"4",2885102,"1",
"980070",66000,"5",2885102,"1",
"900160",100000,"1",2885111,"1",
"900160",100000,"2",2885111,"1",
"900160",100000,"3",2885111,"1",
"900160",100000,"4",2885111,"1",
"900160",100000,"5",2885111,"1",
"980000",100000,"1",2885111,"1",
"980000",100000,"2",2885111,"1",
"980000",100000,"3",2885111,"1",
"980000",100000,"4",2885111,"1",
"980000",100000,"5",2885111,"1",
"980070",80000,"1",2885111,"1",
"980070",80000,"2",2885111,"1",
"980070",80000,"3",2885111,"1",
"980070",80000,"4",2885111,"1",
"980070",80000,"5",2885111,"1",
"900160",100000,"1",2885112,"1",
"900160",100000,"2",2885112,"1",
"900160",100000,"3",2885112,"1",
"900160",100000,"4",2885112,"1",
"900160",100000,"5",2885112,"1",
"980000",100000,"1",2885112,"1",
"980000",100000,"2",2885112,"1",
"980000",100000,"3",2885112,"1",
"980000",100000,"4",2885112,"1",
"980000",100000,"5",2885112,"1",
"980070",80000,"1",2885112,"1",
"980070",80000,"2",2885112,"1",
"980070",80000,"3",2885112,"1",
"980070",80000,"4",2885112,"1",
"980070",80000,"5",2885112,"1",
"900030",696,"1",2885122,"1",
"900030",696,"2",2885122,"1",
"900030",696,"3",2885122,"1",
"900030",696,"4",2885122,"1",
"900030",696,"5",2885122,"1",
"900090",1800,"1",2885122,"1",
"900090",1800,"2",2885122,"1",
"900090",1800,"3",2885122,"1",
"900090",1800,"4",2885122,"1",
"900090",1800,"5",2885122,"1",
"900150",684,"1",2885122,"1",
"900150",684,"2",2885122,"1",
"900150",684,"3",2885122,"1",
"900150",684,"4",2885122,"1",
"900150",684,"5",2885122,"1",
"980000",3180,"1",2885122,"1",
"980000",3180,"2",2885122,"1",
"980000",3180,"3",2885122,"1",
"980000",3180,"4",2885122,"1",
"980000",3180,"5",2885122,"1",
"980070",3180,"1",2885122,"1",
"980070",3180,"2",2885122,"1",
"980070",3180,"3",2885122,"1",
"980070",3180,"4",2885122,"1",
"980070",3180,"5",2885122,"1",
"900000",21743,"1",2885132,"1",
"900000",22052,"2",2885132,"1",
"900000",53256,"3",2885132,"1",
"900000",35114,"4",2885132,"1",
"900000",27266,"5",2885132,"1",
"980000",21743,"1",2885132,"1",
"980000",22052,"2",2885132,"1",
"980000",53256,"3",2885132,"1",
"980000",35114,"4",2885132,"1",
"980000",27266,"5",2885132,"1",
"980070",21743,"1",2885132,"1",
"980070",22052,"2",2885132,"1",
"980070",53256,"3",2885132,"1",
"980070",35114,"4",2885132,"1",
"980070",27266,"5",2885132,"1",
"900000",12000,"1",2885141,"1",
"900000",12000,"2",2885141,"1",
"900000",12000,"3",2885141,"1",
"900000",12000,"4",2885141,"1",
"900000",12000,"5",2885141,"1",
"900030",32254,"1",2885141,"1",
"900030",32254,"2",2885141,"1",
"900030",32254,"3",2885141,"1",
"900030",32254,"4",2885141,"1",
"900030",32254,"5",2885141,"1",
"900170",300,"1",2885141,"1",
"900170",300,"2",2885141,"1",
"900170",300,"3",2885141,"1",
"900170",300,"4",2885141,"1",
"900170",300,"5",2885141,"1",
"900180",1500,"1",2885141,"1",
"900180",1500,"2",2885141,"1",
"900180",1500,"3",2885141,"1",
"900180",1500,"4",2885141,"1",
"900180",1500,"5",2885141,"1",
"980000",46054,"1",2885141,"1",
"980000",46054,"2",2885141,"1",
"980000",46054,"3",2885141,"1",
"980000",46054,"4",2885141,"1",
"980000",46054,"5",2885141,"1",
"980070",48254,"1",2885141,"1",
"980070",48254,"2",2885141,"1",
"980070",48254,"3",2885141,"1",
"980070",48254,"4",2885141,"1",
"980070",48254,"5",2885141,"1",
"900000",12000,"1",2885142,"1",
"900000",12000,"2",2885142,"1",
"900000",12000,"3",2885142,"1",
"900000",12000,"4",2885142,"1",
"900000",12000,"5",2885142,"1",
"900030",32254,"1",2885142,"1",
"900030",32254,"2",2885142,"1",
"900030",32254,"3",2885142,"1",
"900030",32254,"4",2885142,"1",
"900030",32254,"5",2885142,"1",
"900170",300,"1",2885142,"1",
"900170",300,"2",2885142,"1",
"900170",300,"3",2885142,"1",
"900170",300,"4",2885142,"1",
"900170",300,"5",2885142,"1",
"900180",1500,"1",2885142,"1",
"900180",1500,"2",2885142,"1",
"900180",1500,"3",2885142,"1",
"900180",1500,"4",2885142,"1",
"900180",1500,"5",2885142,"1",
"980000",46054,"1",2885142,"1",
"980000",46054,"2",2885142,"1",
"980000",46054,"3",2885142,"1",
"980000",46054,"4",2885142,"1",
"980000",46054,"5",2885142,"1",
"980070",48254,"1",2885142,"1",
"980070",48254,"2",2885142,"1",
"980070",48254,"3",2885142,"1",
"980070",48254,"4",2885142,"1",
"980070",48254,"5",2885142,"1",
"900000",12357,"1",2885151,"1",
"900000",12911,"2",2885151,"1",
"900000",14227,"3",2885151,"1",
"900000",13104,"4",2885151,"1",
"900000",10767,"5",2885151,"1",
"900030",21972,"1",2885151,"1",
"900030",21972,"2",2885151,"1",
"900030",21972,"3",2885151,"1",
"900030",21972,"4",2885151,"1",
"900030",21972,"5",2885151,"1",
"900170",4800,"1",2885151,"1",
"900170",4800,"2",2885151,"1",
"900170",4800,"3",2885151,"1",
"900170",4800,"4",2885151,"1",
"900170",4800,"5",2885151,"1",
"900180",18,"1",2885151,"1",
"900180",153,"2",2885151,"1",
"900180",25,"3",2885151,"1",
"900180",20,"4",2885151,"1",
"900180",1,"5",2885151,"1",
"980000",39147,"1",2885151,"1",
"980000",39836,"2",2885151,"1",
"980000",41024,"3",2885151,"1",
"980000",39896,"4",2885151,"1",
"980000",37540,"5",2885151,"1",
"980070",39800,"1",2885151,"1",
"980070",40489,"2",2885151,"1",
"980070",41677,"3",2885151,"1",
"980070",40549,"4",2885151,"1",
"980070",38193,"5",2885151,"1",
"900000",11182,"1",2885152,"1",
"900000",14810,"2",2885152,"1",
"900000",10211,"3",2885152,"1",
"900000",12549,"4",2885152,"1",
"900000",11670,"5",2885152,"1",
"900030",21972,"1",2885152,"1",
"900030",21972,"2",2885152,"1",
"900030",21972,"3",2885152,"1",
"900030",21972,"4",2885152,"1",
"900030",21972,"5",2885152,"1",
"900170",4800,"1",2885152,"1",
"900170",4800,"2",2885152,"1",
"900170",4800,"3",2885152,"1",
"900170",4800,"4",2885152,"1",
"900170",4800,"5",2885152,"1",
"900180",143,"1",2885152,"1",
"900180",12,"2",2885152,"1",
"900180",24,"3",2885152,"1",
"900180",5938,"4",2885152,"1",
"900180",1,"5",2885152,"1",
"980000",38097,"1",2885152,"1",
"980000",41594,"2",2885152,"1",
"980000",37007,"3",2885152,"1",
"980000",45259,"4",2885152,"1",
"980000",38443,"5",2885152,"1",
"980070",38750,"1",2885152,"1",
"980070",42247,"2",2885152,"1",
"980070",37660,"3",2885152,"1",
"980070",45912,"4",2885152,"1",
"980070",39096,"5",2885152,"1",
"800940",15591,"1",2885191,"1","T"
"800940",15591,"2",2885191,"1","T"
"800940",15591,"3",2885191,"1","T"
"800940",15591,"4",2885191,"1","T"
"800940",15591,"5",2885191,"1","T"
"900000",66000,"1",2885191,"1",
"900000",66000,"2",2885191,"1",
"900000",66000,"3",2885191,"1",
"900000",66000,"4",2885191,"1",
"900000",66000,"5",2885191,"1",
"900160",24776,"1",2885191,"1",
"900160",70688,"2",2885191,"1",
"900160",57404,"3",2885191,"1",
"900160",19240,"4",2885191,"1",
"900160",21838,"5",2885191,"1",
"980000",90776,"1",2885191,"1",
"980000",136688,"2",2885191,"1",
"980000",123404,"3",2885191,"1",
"980000",85240,"4",2885191,"1",
"980000",87838,"5",2885191,"1",
"980070",90776,"1",2885191,"1",
"980070",136688,"2",2885191,"1",
"980070",123404,"3",2885191,"1",
"980070",85240,"4",2885191,"1",
"980070",87838,"5",2885191,"1",
"800940",15015,"1",2885192,"1","T"
"800940",15015,"2",2885192,"1","T"
"800940",15015,"3",2885192,"1","T"
"800940",15015,"4",2885192,"1","T"
"800940",15015,"5",2885192,"1","T"
"900000",66000,"1",2885192,"1",
"900000",66000,"2",2885192,"1",
"900000",66000,"3",2885192,"1",
"900000",66000,"4",2885192,"1",
"900000",66000,"5",2885192,"1",
"900160",69296,"1",2885192,"1",
"900160",21435,"2",2885192,"1",
"900160",48120,"3",2885192,"1",
"900160",28769,"4",2885192,"1",
"900160",52366,"5",2885192,"1",
"980000",135296,"1",2885192,"1",
"980000",87435,"2",2885192,"1",
"980000",114120,"3",2885192,"1",
"980000",94769,"4",2885192,"1",
"980000",118366,"5",2885192,"1",
"980070",135296,"1",2885192,"1",
"980070",87435,"2",2885192,"1",
"980070",114120,"3",2885192,"1",
"980070",94769,"4",2885192,"1",
"980070",118366,"5",2885192,"1",
"900000",12300,"1",2885201,"1",
"900000",12300,"2",2885201,"1",
"900000",12300,"3",2885201,"1",
"900000",12300,"4",2885201,"1",
"900000",12300,"5",2885201,"1",
"900150",9600,"1",2885201,"1",
"900150",9600,"2",2885201,"1",
"900150",9600,"3",2885201,"1",
"900150",9600,"4",2885201,"1",
"900150",9600,"5",2885201,"1",
"980000",21900,"1",2885201,"1",
"980000",21900,"2",2885201,"1",
"980000",21900,"3",2885201,"1",
"980000",21900,"4",2885201,"1",
"980000",21900,"5",2885201,"1",
"980070",28900,"1",2885201,"1",
"980070",28900,"2",2885201,"1",
"980070",28900,"3",2885201,"1",
"980070",28900,"4",2885201,"1",
"980070",28900,"5",2885201,"1",
"900000",12300,"1",2885202,"1",
"900000",12300,"2",2885202,"1",
"900000",12300,"3",2885202,"1",
"900000",12300,"4",2885202,"1",
"900000",12300,"5",2885202,"1",
"900150",9600,"1",2885202,"1",
"900150",9600,"2",2885202,"1",
"900150",9600,"3",2885202,"1",
"900150",9600,"4",2885202,"1",
"900150",9600,"5",2885202,"1",
"980000",21900,"1",2885202,"1",
"980000",21900,"2",2885202,"1",
"980000",21900,"3",2885202,"1",
"980000",21900,"4",2885202,"1",
"980000",21900,"5",2885202,"1",
"980070",28900,"1",2885202,"1",
"980070",28900,"2",2885202,"1",
"980070",28900,"3",2885202,"1",
"980070",28900,"4",2885202,"1",
"980070",28900,"5",2885202,"1",
"900000",158000,"1",2885211,"1",
"900000",158000,"2",2885211,"1",
"900000",158000,"3",2885211,"1",
"900000",158000,"4",2885211,"1",
"900000",158000,"5",2885211,"1",
"900180",20,"1",2885211,"1",
"900180",20,"2",2885211,"1",
"900180",20,"3",2885211,"1",
"900180",20,"4",2885211,"1",
"900180",20,"5",2885211,"1",
"980000",158020,"1",2885211,"1",
"980000",158020,"2",2885211,"1",
"980000",158020,"3",2885211,"1",
"980000",158020,"4",2885211,"1",
"980000",158020,"5",2885211,"1",
"980070",156220,"1",2885211,"1",
"980070",156220,"2",2885211,"1",
"980070",156220,"3",2885211,"1",
"980070",156220,"4",2885211,"1",
"980070",156220,"5",2885211,"1",
"900000",158000,"1",2885212,"1",
"900000",158000,"2",2885212,"1",
"900000",158000,"3",2885212,"1",
"900000",158000,"4",2885212,"1",
"900000",158000,"5",2885212,"1",
"900180",20,"1",2885212,"1",
"900180",20,"2",2885212,"1",
"900180",20,"3",2885212,"1",
"900180",20,"4",2885212,"1",
"900180",20,"5",2885212,"1",
"980000",158020,"1",2885212,"1",
"980000",158020,"2",2885212,"1",
"980000",158020,"3",2885212,"1",
"980000",158020,"4",2885212,"1",
"980000",158020,"5",2885212,"1",
"980070",156220,"1",2885212,"1",
"980070",156220,"2",2885212,"1",
"980070",156220,"3",2885212,"1",
"980070",156220,"4",2885212,"1",
"980070",156220,"5",2885212,"1",
"900000",46014,"1",2885221,"1",
"900000",63432,"2",2885221,"1",
"900000",48901,"3",2885221,"1",
"900000",72427,"4",2885221,"1",
"900000",48703,"5",2885221,"1",
"980000",46014,"1",2885221,"1",
"980000",63432,"2",2885221,"1",
"980000",48901,"3",2885221,"1",
"980000",72427,"4",2885221,"1",
"980000",48703,"5",2885221,"1",
"980070",46014,"1",2885221,"1",
"980070",63432,"2",2885221,"1",
"980070",48901,"3",2885221,"1",
"980070",72427,"4",2885221,"1",
"980070",48703,"5",2885221,"1",
"900000",35253,"1",2885222,"1",
"900000",51658,"2",2885222,"1",
"900000",31602,"3",2885222,"1",
"900000",63285,"4",2885222,"1",
"900000",19497,"5",2885222,"1",
"980000",35253,"1",2885222,"1",
"980000",51658,"2",2885222,"1",
"980000",31602,"3",2885222,"1",
"980000",63285,"4",2885222,"1",
"980000",19497,"5",2885222,"1",
"980070",35253,"1",2885222,"1",
"980070",51658,"2",2885222,"1",
"980070",31602,"3",2885222,"1",
"980070",63285,"4",2885222,"1",
"980070",19497,"5",2885222,"1",
"900000",85721,"1",2885231,"1",
"900000",12074,"2",2885231,"1",
"900000",22826,"3",2885231,"1",
"900000",38644,"4",2885231,"1",
"900000",44038,"5",2885231,"1",
"980000",85721,"1",2885231,"1",
"980000",12074,"2",2885231,"1",
"980000",22826,"3",2885231,"1",
"980000",38644,"4",2885231,"1",
"980000",44038,"5",2885231,"1",
"980070",85721,"1",2885231,"1",
"980070",12074,"2",2885231,"1",
"980070",22826,"3",2885231,"1",
"980070",38644,"4",2885231,"1",
"980070",44038,"5",2885231,"1",
"900000",50774,"1",2885232,"1",
"900000",20363,"2",2885232,"1",
"900000",32776,"3",2885232,"1",
"900000",19636,"4",2885232,"1",
"900000",27266,"5",2885232,"1",
"980000",50774,"1",2885232,"1",
"980000",20363,"2",2885232,"1",
"980000",32776,"3",2885232,"1",
"980000",19636,"4",2885232,"1",
"980000",27266,"5",2885232,"1",
"980070",50774,"1",2885232,"1",
"980070",20363,"2",2885232,"1",
"980070",32776,"3",2885232,"1",
"980070",19636,"4",2885232,"1",
"980070",27266,"5",2885232,"1",
"900000",60279,"1",2885241,"1",
"900000",76708,"2",2885241,"1",
"900000",88591,"3",2885241,"1",
"900000",62986,"4",2885241,"1",
"900000",99518,"5",2885241,"1",
"980000",60279,"1",2885241,"1",
"980000",76708,"2",2885241,"1",
"980000",88591,"3",2885241,"1",
"980000",62986,"4",2885241,"1",
"980000",99518,"5",2885241,"1",
"980070",60279,"1",2885241,"1",
"980070",76708,"2",2885241,"1",
"980070",88591,"3",2885241,"1",
"980070",62986,"4",2885241,"1",
"980070",99518,"5",2885241,"1",
"900000",51975,"1",2885242,"1",
"900000",53597,"2",2885242,"1",
"900000",70767,"3",2885242,"1",
"900000",99785,"4",2885242,"1",
"900000",21412,"5",2885242,"1",
"980000",51975,"1",2885242,"1",
"980000",53597,"2",2885242,"1",
"980000",70767,"3",2885242,"1",
"980000",99785,"4",2885242,"1",
"980000",21412,"5",2885242,"1",
"980070",51975,"1",2885242,"1",
"980070",53597,"2",2885242,"1",
"980070",70767,"3",2885242,"1",
"980070",99785,"4",2885242,"1",
"980070",21412,"5",2885242,"1",
"900030",20938,"1",2885251,"1",
"900030",39670,"2",2885251,"1",
"900030",20518,"3",2885251,"1",
"900030",18094,"4",2885251,"1",
"900030",17614,"5",2885251,"1",
"900180",38657,"1",2885251,"1","T"
"900180",38657,"2",2885251,"1","T"
"900180",38657,"3",2885251,"1","T"
"900180",38657,"4",2885251,"1","T"
"900180",38657,"5",2885251,"1","T"
"980000",62024,"1",2885251,"1","T"
"980000",62024,"2",2885251,"1","T"
"980000",62024,"3",2885251,"1","T"
"980000",62024,"4",2885251,"1","T"
"980000",62024,"5",2885251,"1","T"
"980070",62024,"1",2885251,"1","T"
"980070",62024,"2",2885251,"1","T"
"980070",62024,"3",2885251,"1","T"
"980070",62024,"4",2885251,"1","T"
"980070",62024,"5",2885251,"1","T"
"900030",25954,"1",2885252,"1",
"900030",22234,"2",2885252,"1",
"900030",17662,"3",2885252,"1",
"900030",28654,"4",2885252,"1",
"900030",37030,"5",2885252,"1",
"900180",2033,"1",2885252,"1",
"900180",2090,"2",2885252,"1",
"900180",9,"3",2885252,"1",
"900180",20,"4",2885252,"1",
"900180",3047,"5",2885252,"1",
"980000",27987,"1",2885252,"1",
"980000",24324,"2",2885252,"1",
"980000",17671,"3",2885252,"1",
"980000",28674,"4",2885252,"1",
"980000",40077,"5",2885252,"1",
"980070",27987,"1",2885252,"1",
"980070",24324,"2",2885252,"1",
"980070",17671,"3",2885252,"1",
"980070",28674,"4",2885252,"1",
"980070",40077,"5",2885252,"1",
"900000",100000,"1",2885321,"1",
"900000",100000,"2",2885321,"1",
"900000",100000,"3",2885321,"1",
"900000",100000,"4",2885321,"1",
"900000",100000,"5",2885321,"1",
"980000",100000,"1",2885321,"1",
"980000",100000,"2",2885321,"1",
"980000",100000,"3",2885321,"1",
"980000",100000,"4",2885321,"1",
"980000",100000,"5",2885321,"1",
"980070",100000,"1",2885321,"1",
"980070",100000,"2",2885321,"1",
"980070",100000,"3",2885321,"1",
"980070",100000,"4",2885321,"1",
"980070",100000,"5",2885321,"1",
"900000",100000,"1",2885322,"1",
"900000",100000,"2",2885322,"1",
"900000",100000,"3",2885322,"1",
"900000",100000,"4",2885322,"1",
"900000",100000,"5",2885322,"1",
"980000",100000,"1",2885322,"1",
"980000",100000,"2",2885322,"1",
"980000",100000,"3",2885322,"1",
"980000",100000,"4",2885322,"1",
"980000",100000,"5",2885322,"1",
"980070",100000,"1",2885322,"1",
"980070",100000,"2",2885322,"1",
"980070",100000,"3",2885322,"1",
"980070",100000,"4",2885322,"1",
"980070",100000,"5",2885322,"1",
"900000",205487,"1",2885331,"1","T"
"900000",205487,"2",2885331,"1","T"
"900000",205487,"3",2885331,"1","T"
"900000",205487,"4",2885331,"1","T"
"900000",205487,"5",2885331,"1","T"
"980000",205487,"1",2885331,"1","T"
"980000",205487,"2",2885331,"1","T"
"980000",205487,"3",2885331,"1","T"
"980000",205487,"4",2885331,"1","T"
"980000",205487,"5",2885331,"1","T"
"980070",205487,"1",2885331,"1","T"
"980070",205487,"2",2885331,"1","T"
"980070",205487,"3",2885331,"1","T"
"980070",205487,"4",2885331,"1","T"
"980070",205487,"5",2885331,"1","T"
"900000",205487,"1",2885332,"1","T"
"900000",205487,"2",2885332,"1","T"
"900000",205487,"3",2885332,"1","T"
"900000",205487,"4",2885332,"1","T"
"900000",205487,"5",2885332,"1","T"
"980000",205487,"1",2885332,"1","T"
"980000",205487,"2",2885332,"1","T"
"980000",205487,"3",2885332,"1","T"
"980000",205487,"4",2885332,"1","T"
"980000",205487,"5",2885332,"1","T"
"980070",205487,"1",2885332,"1","T"
"980070",205487,"2",2885332,"1","T"
"980070",205487,"3",2885332,"1","T"
"980070",205487,"4",2885332,"1","T"
"980070",205487,"5",2885332,"1","T"
"800940",10967,"1",2885361,"1","T"
"800940",10967,"2",2885361,"1","T"
"800940",10967,"3",2885361,"1","T"
"800940",10967,"4",2885361,"1","T"
"800940",10967,"5",2885361,"1","T"
"900000",58638,"1",2885361,"1",
"900000",52816,"2",2885361,"1",
"900000",57742,"3",2885361,"1",
"900000",57017,"4",2885361,"1",
"900000",54229,"5",2885361,"1",
"900160",21949,"1",2885361,"1",
"900160",12465,"2",2885361,"1",
"900160",11677,"3",2885361,"1",
"900160",72563,"4",2885361,"1",
"900160",9760,"5",2885361,"1",
"980000",80587,"1",2885361,"1",
"980000",65281,"2",2885361,"1",
"980000",69419,"3",2885361,"1",
"980000",129580,"4",2885361,"1",
"980000",63989,"5",2885361,"1",
"980070",80587,"1",2885361,"1",
"980070",65281,"2",2885361,"1",
"980070",69419,"3",2885361,"1",
"980070",129580,"4",2885361,"1",
"980070",63989,"5",2885361,"1",
"800940",4632,"1",2885362,"1",
"800940",7842,"2",2885362,"1",
"800940",8042,"3",2885362,"1",
"800940",7950,"4",2885362,"1",
"800940",5882,"5",2885362,"1",
"900000",54496,"1",2885362,"1",
"900000",56867,"2",2885362,"1",
"900000",54298,"3",2885362,"1",
"900000",54455,"4",2885362,"1",
"900000",53789,"5",2885362,"1",
"900160",4774,"1",2885362,"1",
"900160",25756,"2",2885362,"1",
"900160",27064,"3",2885362,"1",
"900160",26458,"4",2885362,"1",
"900160",12942,"5",2885362,"1",
"980000",59270,"1",2885362,"1",
"980000",82623,"2",2885362,"1",
"980000",81362,"3",2885362,"1",
"980000",80913,"4",2885362,"1",
"980000",66731,"5",2885362,"1",
"980070",59270,"1",2885362,"1",
"980070",82623,"2",2885362,"1",
"980070",81362,"3",2885362,"1",
"980070",80913,"4",2885362,"1",
"980070",66731,"5",2885362,"1",
"900000",205487,"1",2885381,"1","T"
"900000",205487,"2",2885381,"1","T"
"900000",205487,"3",2885381,"1","T"
"900000",205487,"4",2885381,"1","T"
"900000",205487,"5",2885381,"1","T"
"900030",15731,"1",2885381,"1",
"900030",15731,"2",2885381,"1",
"900030",15731,"3",2885381,"1",
"900030",15731,"4",2885381,"1",
"900030",15731,"5",2885381,"1",
"900180",150,"1",2885381,"1",
"900180",150,"2",2885381,"1",
"900180",150,"3",2885381,"1",
"900180",150,"4",2885381,"1",
"900180",150,"5",2885381,"1",
"950002",49141,"1",2885381,"1","T"
"950002",49141,"2",2885381,"1","T"
"950002",49141,"3",2885381,"1","T"
"950002",49141,"4",2885381,"1","T"
"950002",49141,"5",2885381,"1","T"
"950012",15530,"1",2885381,"1","T"
"950012",15530,"2",2885381,"1","T"
"950012",15530,"3",2885381,"1","T"
"950012",15530,"4",2885381,"1","T"
"950012",15530,"5",2885381,"1","T"
"980000",221368,"1",2885381,"1","T"
"980000",221368,"2",2885381,"1","T"
"980000",221368,"3",2885381,"1","T"
"980000",221368,"4",2885381,"1","T"
"980000",221368,"5",2885381,"1","T"
"980070",167245,"1",2885381,"1","T"
"980070",167245,"2",2885381,"1","T"
"980070",167245,"3",2885381,"1","T"
"980070",167245,"4",2885381,"1","T"
"980070",167245,"5",2885381,"1","T"
"900000",205487,"1",2885382,"1","T"
"900000",205487,"2",2885382,"1","T"
"900000",205487,"3",2885382,"1","T"
"900000",205487,"4",2885382,"1","T"
"900000",205487,"5",2885382,"1","T"
"900030",15731,"1",2885382,"1",
"900030",15731,"2",2885382,"1",
"900030",15731,"3",2885382,"1",
"900030",15731,"4",2885382,"1",
"900030",15731,"5",2885382,"1",
"900180",150,"1",2885382,"1",
"900180",150,"2",2885382,"1",
"900180",150,"3",2885382,"1",
"900180",150,"4",2885382,"1",
"900180",150,"5",2885382,"1",
"950002",49141,"1",2885382,"1","T"
"950002",49141,"2",2885382,"1","T"
"950002",49141,"3",2885382,"1","T"
"950002",49141,"4",2885382,"1","T"
"950002",49141,"5",2885382,"1","T"
"950012",15530,"1",2885382,"1","T"
"950012",15530,"2",2885382,"1","T"
"950012",15530,"3",2885382,"1","T"
"950012",15530,"4",2885382,"1","T"
"950012",15530,"5",2885382,"1","T"
"980000",221368,"1",2885382,"1","T"
"980000",221368,"2",2885382,"1","T"
"980000",221368,"3",2885382,"1","T"
"980000",221368,"4",2885382,"1","T"
"980000",221368,"5",2885382,"1","T"
"980070",167245,"1",2885382,"1","T"
"980070",167245,"2",2885382,"1","T"
"980070",167245,"3",2885382,"1","T"
"980070",167245,"4",2885382,"1","T"
"980070",167245,"5",2885382,"1","T"
"800940",1346,"1",2885391,"1",
"800940",1338,"2",2885391,"1",
"800940",933,"3",2885391,"1",
"800940",528,"4",2885391,"1",
"800940",0,"5",2885391,"1",
"900000",24767,"1",2885391,"1",
"900000",24661,"2",2885391,"1",
"900000",19368,"3",2885391,"1",
"900000",14076,"4",2885391,"1",
"900000",6013,"5",2885391,"1",
"900030",30166,"1",2885391,"1",
"900030",30166,"2",2885391,"1",
"900030",30166,"3",2885391,"1",
"900030",30166,"4",2885391,"1",
"900030",30166,"5",2885391,"1",
"900160",-2000,"1",2885391,"1",
"900160",-2000,"2",2885391,"1",
"900160",-2000,"3",2885391,"1",
"900160",-2000,"4",2885391,"1",
"900160",-2000,"5",2885391,"1",
"900180",10,"1",2885391,"1",
"900180",10,"2",2885391,"1",
"900180",10,"3",2885391,"1",
"900180",10,"4",2885391,"1",
"900180",10,"5",2885391,"1",
"900190",-8342,"1",2885391,"1","T"
"900190",-8342,"2",2885391,"1","T"
"900190",-8342,"3",2885391,"1","T"
"900190",-8342,"4",2885391,"1","T"
"900190",-8342,"5",2885391,"1","T"
"900200",93631,"1",2885391,"1","T"
"900200",93631,"2",2885391,"1","T"
"900200",93631,"3",2885391,"1","T"
"900200",93631,"4",2885391,"1","T"
"900200",93631,"5",2885391,"1","T"
"980000",131241,"1",2885391,"1","T"
"980000",131241,"2",2885391,"1","T"
"980000",131241,"3",2885391,"1","T"
"980000",131241,"4",2885391,"1","T"
"980000",131241,"5",2885391,"1","T"
"980070",111938,"1",2885391,"1","T"
"980070",111938,"2",2885391,"1","T"
"980070",111938,"3",2885391,"1","T"
"980070",111938,"4",2885391,"1","T"
"980070",111938,"5",2885391,"1","T"
"800940",948,"1",2885392,"1",
"800940",2089,"2",2885392,"1",
"800940",2605,"3",2885392,"1",
"800940",161,"4",2885392,"1",
"800940",1368,"5",2885392,"1",
"900000",19561,"1",2885392,"1",
"900000",34484,"2",2885392,"1",
"900000",41223,"3",2885392,"1",
"900000",9273,"4",2885392,"1",
"900000",25060,"5",2885392,"1",
"900030",30166,"1",2885392,"1",
"900030",30166,"2",2885392,"1",
"900030",30166,"3",2885392,"1",
"900030",30166,"4",2885392,"1",
"900030",30166,"5",2885392,"1",
"900160",-2000,"1",2885392,"1",
"900160",-2000,"2",2885392,"1",
"900160",-2000,"3",2885392,"1",
"900160",-2000,"4",2885392,"1",
"900160",-2000,"5",2885392,"1",
"900180",10,"1",2885392,"1",
"900180",10,"2",2885392,"1",
"900180",10,"3",2885392,"1",
"900180",10,"4",2885392,"1",
"900180",10,"5",2885392,"1",
"900190",-8342,"1",2885392,"1","T"
"900190",-8342,"2",2885392,"1","T"
"900190",-8342,"3",2885392,"1","T"
"900190",-8342,"4",2885392,"1","T"
"900190",-8342,"5",2885392,"1","T"
"900200",93631,"1",2885392,"1","T"
"900200",93631,"2",2885392,"1","T"
"900200",93631,"3",2885392,"1","T"
"900200",93631,"4",2885392,"1","T"
"900200",93631,"5",2885392,"1","T"
"980000",139385,"1",2885392,"1","T"
"980000",139385,"2",2885392,"1","T"
"980000",139385,"3",2885392,"1","T"
"980000",139385,"4",2885392,"1","T"
"980000",139385,"5",2885392,"1","T"
"980070",120082,"1",2885392,"1","T"
"980070",120082,"2",2885392,"1","T"
"980070",120082,"3",2885392,"1","T"
"980070",120082,"4",2885392,"1","T"
"980070",120082,"5",2885392,"1","T"
"900000",28000,"1",2885401,"1",
"900000",28000,"2",2885401,"1",
"900000",28000,"3",2885401,"1",
"900000",28000,"4",2885401,"1",
"900000",28000,"5",2885401,"1",
"980000",28000,"1",2885401,"1",
"980000",28000,"2",2885401,"1",
"980000",28000,"3",2885401,"1",
"980000",28000,"4",2885401,"1",
"980000",28000,"5",2885401,"1",
"980070",28400,"1",2885401,"1",
"980070",28400,"2",2885401,"1",
"980070",28400,"3",2885401,"1",
"980070",28400,"4",2885401,"1",
"980070",28400,"5",2885401,"1",
"900000",28000,"1",2885402,"1",
"900000",28000,"2",2885402,"1",
"900000",28000,"3",2885402,"1",
"900000",28000,"4",2885402,"1",
"900000",28000,"5",2885402,"1",
"980000",28000,"1",2885402,"1",
"980000",28000,"2",2885402,"1",
"980000",28000,"3",2885402,"1",
"980000",28000,"4",2885402,"1",
"980000",28000,"5",2885402,"1",
"980070",28400,"1",2885402,"1",
"980070",28400,"2",2885402,"1",
"980070",28400,"3",2885402,"1",
"980070",28400,"4",2885402,"1",
"980070",28400,"5",2885402,"1",
"900000",44068,"1",2885411,"1",
"900000",141748,"2",2885411,"1",
"900000",122140,"3",2885411,"1",
"900000",139455,"4",2885411,"1",
"900000",29626,"5",2885411,"1",
"980000",44068,"1",2885411,"1",
"980000",141748,"2",2885411,"1",
"980000",122140,"3",2885411,"1",
"980000",139455,"4",2885411,"1",
"980000",29626,"5",2885411,"1",
"980070",44068,"1",2885411,"1",
"980070",141748,"2",2885411,"1",
"980070",122140,"3",2885411,"1",
"980070",139455,"4",2885411,"1",
"980070",29626,"5",2885411,"1",
"900000",104096,"1",2885412,"1",
"900000",127657,"2",2885412,"1",
"900000",54956,"3",2885412,"1",
"900000",89422,"4",2885412,"1",
"900000",57723,"5",2885412,"1",
"980000",104096,"1",2885412,"1",
"980000",127657,"2",2885412,"1",
"980000",54956,"3",2885412,"1",
"980000",89422,"4",2885412,"1",
"980000",57723,"5",2885412,"1",
"980070",104096,"1",2885412,"1",
"980070",127657,"2",2885412,"1",
"980070",54956,"3",2885412,"1",
"980070",89422,"4",2885412,"1",
"980070",57723,"5",2885412,"1",
"900000",55000,"1",2885441,"1",
"900000",55000,"2",2885441,"1",
"900000",55000,"3",2885441,"1",
"900000",55000,"4",2885441,"1",
"900000",55000,"5",2885441,"1",
"900180",100,"1",2885441,"1",
"900180",100,"2",2885441,"1",
"900180",100,"3",2885441,"1",
"900180",100,"4",2885441,"1",
"900180",100,"5",2885441,"1",
"980000",55100,"1",2885441,"1",
"980000",55100,"2",2885441,"1",
"980000",55100,"3",2885441,"1",
"980000",55100,"4",2885441,"1",
"980000",55100,"5",2885441,"1",
"980070",55100,"1",2885441,"1",
"980070",55100,"2",2885441,"1",
"980070",55100,"3",2885441,"1",
"980070",55100,"4",2885441,"1",
"980070",55100,"5",2885441,"1",
"900000",55000,"1",2885442,"1",
"900000",55000,"2",2885442,"1",
"900000",55000,"3",2885442,"1",
"900000",55000,"4",2885442,"1",
"900000",55000,"5",2885442,"1",
"900180",100,"1",2885442,"1",
"900180",100,"2",2885442,"1",
"900180",100,"3",2885442,"1",
"900180",100,"4",2885442,"1",
"900180",100,"5",2885442,"1",
"980000",55100,"1",2885442,"1",
"980000",55100,"2",2885442,"1",
"980000",55100,"3",2885442,"1",
"980000",55100,"4",2885442,"1",
"980000",55100,"5",2885442,"1",
"980070",55100,"1",2885442,"1",
"980070",55100,"2",2885442,"1",
"980070",55100,"3",2885442,"1",
"980070",55100,"4",2885442,"1",
"980070",55100,"5",2885442,"1",
"900000",9000,"1",2885471,"1",
"900000",9000,"2",2885471,"1",
"900000",9000,"3",2885471,"1",
"900000",9000,"4",2885471,"1",
"900000",9000,"5",2885471,"1",
"900140",4000,"1",2885471,"1",
"900140",4000,"2",2885471,"1",
"900140",4000,"3",2885471,"1",
"900140",4000,"4",2885471,"1",
"900140",4000,"5",2885471,"1",
"980000",13000,"1",2885471,"1",
"980000",13000,"2",2885471,"1",
"980000",13000,"3",2885471,"1",
"980000",13000,"4",2885471,"1",
"980000",13000,"5",2885471,"1",
"980070",13820,"1",2885471,"1",
"980070",13820,"2",2885471,"1",
"980070",13820,"3",2885471,"1",
"980070",13820,"4",2885471,"1",
"980070",13820,"5",2885471,"1",
"900000",9000,"1",2885472,"1",
"900000",9000,"2",2885472,"1",
"900000",9000,"3",2885472,"1",
"900000",9000,"4",2885472,"1",
"900000",9000,"5",2885472,"1",
"900140",4000,"1",2885472,"1",
"900140",4000,"2",2885472,"1",
"900140",4000,"3",2885472,"1",
"900140",4000,"4",2885472,"1",
"900140",4000,"5",2885472,"1",
"980000",13000,"1",2885472,"1",
"980000",13000,"2",2885472,"1",
"980000",13000,"3",2885472,"1",
"980000",13000,"4",2885472,"1",
"980000",13000,"5",2885472,"1",
"980070",13820,"1",2885472,"1",
"980070",13820,"2",2885472,"1",
"980070",13820,"3",2885472,"1",
"980070",13820,"4",2885472,"1",
"980070",13820,"5",2885472,"1",
"900000",8000,"1",2885481,"1",
"900000",8000,"2",2885481,"1",
"900000",8000,"3",2885481,"1",
"900000",8000,"4",2885481,"1",
"900000",8000,"5",2885481,"1",
"900030",29026,"1",2885481,"1",
"900030",29026,"2",2885481,"1",
"900030",29026,"3",2885481,"1",
"900030",29026,"4",2885481,"1",
"900030",29026,"5",2885481,"1",
"900170",22000,"1",2885481,"1",
"900170",22000,"2",2885481,"1",
"900170",22000,"3",2885481,"1",
"900170",22000,"4",2885481,"1",
"900170",22000,"5",2885481,"1",
"900180",38657,"1",2885481,"1","T"
"900180",38657,"2",2885481,"1","T"
"900180",38657,"3",2885481,"1","T"
"900180",38657,"4",2885481,"1","T"
"900180",38657,"5",2885481,"1","T"
"980000",97683,"1",2885481,"1","T"
"980000",97683,"2",2885481,"1","T"
"980000",97683,"3",2885481,"1","T"
"980000",97683,"4",2885481,"1","T"
"980000",97683,"5",2885481,"1","T"
"980070",88383,"1",2885481,"1","T"
"980070",88383,"2",2885481,"1","T"
"980070",88383,"3",2885481,"1","T"
"980070",88383,"4",2885481,"1","T"
"980070",88383,"5",2885481,"1","T"
"900000",8000,"1",2885482,"1",
"900000",8000,"2",2885482,"1",
"900000",8000,"3",2885482,"1",
"900000",8000,"4",2885482,"1",
"900000",8000,"5",2885482,"1",
"900030",29026,"1",2885482,"1",
"900030",29026,"2",2885482,"1",
"900030",29026,"3",2885482,"1",
"900030",29026,"4",2885482,"1",
"900030",29026,"5",2885482,"1",
"900170",22000,"1",2885482,"1",
"900170",22000,"2",2885482,"1",
"900170",22000,"3",2885482,"1",
"900170",22000,"4",2885482,"1",
"900170",22000,"5",2885482,"1",
"900180",38657,"1",2885482,"1","T"
"900180",38657,"2",2885482,"1","T"
"900180",38657,"3",2885482,"1","T"
"900180",38657,"4",2885482,"1","T"
"900180",38657,"5",2885482,"1","T"
"980000",97683,"1",2885482,"1","T"
"980000",97683,"2",2885482,"1","T"
"980000",97683,"3",2885482,"1","T"
"980000",97683,"4",2885482,"1","T"
"980000",97683,"5",2885482,"1","T"
"980070",88383,"1",2885482,"1","T"
"980070",88383,"2",2885482,"1","T"
"980070",88383,"3",2885482,"1","T"
"980070",88383,"4",2885482,"1","T"
"980070",88383,"5",2885482,"1","T"
"900000",50000,"1",2885491,"1",
"900000",50000,"2",2885491,"1",
"900000",50000,"3",2885491,"1",
"900000",50000,"4",2885491,"1",
"900000",50000,"5",2885491,"1",
"980000",50000,"1",2885491,"1",
"980000",50000,"2",2885491,"1",
"980000",50000,"3",2885491,"1",
"980000",50000,"4",2885491,"1",
"980000",50000,"5",2885491,"1",
"980070",51800,"1",2885491,"1",
"980070",51800,"2",2885491,"1",
"980070",51800,"3",2885491,"1",
"980070",51800,"4",2885491,"1",
"980070",51800,"5",2885491,"1",
"900000",50000,"1",2885492,"1",
"900000",50000,"2",2885492,"1",
"900000",50000,"3",2885492,"1",
"900000",50000,"4",2885492,"1",
"900000",50000,"5",2885492,"1",
"980000",50000,"1",2885492,"1",
"980000",50000,"2",2885492,"1",
"980000",50000,"3",2885492,"1",
"980000",50000,"4",2885492,"1",
"980000",50000,"5",2885492,"1",
"980070",51800,"1",2885492,"1",
"980070",51800,"2",2885492,"1",
"980070",51800,"3",2885492,"1",
"980070",51800,"4",2885492,"1",
"980070",51800,"5",2885492,"1",
"900030",28896,"1",2885521,"1",
"900030",35652,"2",2885521,"1",
"900030",28956,"3",2885521,"1",
"900030",24108,"4",2885521,"1",
"900030",36144,"5",2885521,"1",
"980000",28896,"1",2885521,"1",
"980000",35652,"2",2885521,"1",
"980000",28956,"3",2885521,"1",
"980000",24108,"4",2885521,"1",
"980000",36144,"5",2885521,"1",
"980070",28896,"1",2885521,"1",
"980070",35652,"2",2885521,"1",
"980070",28956,"3",2885521,"1",
"980070",24108,"4",2885521,"1",
"980070",36144,"5",2885521,"1",
"900030",16416,"1",2885522,"1",
"900030",16776,"2",2885522,"1",
"900030",25212,"3",2885522,"1",
"900030",23484,"4",2885522,"1",
"900030",15180,"5",2885522,"1",
"980000",16416,"1",2885522,"1",
"980000",16776,"2",2885522,"1",
"980000",25212,"3",2885522,"1",
"980000",23484,"4",2885522,"1",
"980000",15180,"5",2885522,"1",
"980070",16416,"1",2885522,"1",
"980070",16776,"2",2885522,"1",
"980070",25212,"3",2885522,"1",
"980070",23484,"4",2885522,"1",
"980070",15180,"5",2885522,"1",
"800940",10967,"1",2885541,"1","T"
"800940",10967,"2",2885541,"1","T"
"800940",10967,"3",2885541,"1","T"
"800940",10967,"4",2885541,"1","T"
"800940",10967,"5",2885541,"1","T"
"900000",42000,"1",2885541,"1",
"900000",42000,"2",2885541,"1",
"900000",42000,"3",2885541,"1",
"900000",42000,"4",2885541,"1",
"900000",42000,"5",2885541,"1",
"900160",21405,"1",2885541,"1",
"900160",16337,"2",2885541,"1",
"900160",1091,"3",2885541,"1",
"900160",5260,"4",2885541,"1",
"900160",71840,"5",2885541,"1",
"900190",1200,"1",2885541,"1",
"900190",1200,"2",2885541,"1",
"900190",1200,"3",2885541,"1",
"900190",1200,"4",2885541,"1",
"900190",1200,"5",2885541,"1",
"980000",64605,"1",2885541,"1",
"980000",59537,"2",2885541,"1",
"980000",44291,"3",2885541,"1",
"980000",48460,"4",2885541,"1",
"980000",115040,"5",2885541,"1",
"980070",61405,"1",2885541,"1",
"980070",56337,"2",2885541,"1",
"980070",41091,"3",2885541,"1",
"980070",45260,"4",2885541,"1",
"980070",111840,"5",2885541,"1",
"800940",10967,"1",2885542,"1","T"
"800940",10967,"2",2885542,"1","T"
"800940",10967,"3",2885542,"1","T"
"800940",10967,"4",2885542,"1","T"
"800940",10967,"5",2885542,"1","T"
"900000",42000,"1",2885542,"1",
"900000",42000,"2",2885542,"1",
"900000",42000,"3",2885542,"1",
"900000",42000,"4",2885542,"1",
"900000",42000,"5",2885542,"1",
"900160",16481,"1",2885542,"1",
"900160",52694,"2",2885542,"1",
"900160",65389,"3",2885542,"1",
"900160",31470,"4",2885542,"1",
"900160",770,"5",2885542,"1",
"900190",1200,"1",2885542,"1",
"900190",1200,"2",2885542,"1",
"900190",1200,"3",2885542,"1",
"900190",1200,"4",2885542,"1",
"900190",1200,"5",2885542,"1",
"980000",59681,"1",2885542,"1",
"980000",95894,"2",2885542,"1",
"980000",108589,"3",2885542,"1",
"980000",74670,"4",2885542,"1",
"980000",43970,"5",2885542,"1",
"980070",56481,"1",2885542,"1",
"980070",92694,"2",2885542,"1",
"980070",105389,"3",2885542,"1",
"980070",71470,"4",2885542,"1",
"980070",40770,"5",2885542,"1",
"900000",97000,"1",2885551,"1",
"900000",97000,"2",2885551,"1",
"900000",97000,"3",2885551,"1",
"900000",97000,"4",2885551,"1",
"900000",97000,"5",2885551,"1",
"900210",28393,"1",2885551,"1",
"900210",6235,"2",2885551,"1",
"900210",4629,"3",2885551,"1",
"900210",13060,"4",2885551,"1",
"900210",575,"5",2885551,"1",
"980000",125393,"1",2885551,"1",
"980000",103235,"2",2885551,"1",
"980000",101629,"3",2885551,"1",
"980000",110060,"4",2885551,"1",
"980000",97575,"5",2885551,"1",
"980070",125393,"1",2885551,"1",
"980070",103235,"2",2885551,"1",
"980070",101629,"3",2885551,"1",
"980070",110060,"4",2885551,"1",
"980070",97575,"5",2885551,"1",
"900000",97000,"1",2885552,"1",
"900000",97000,"2",2885552,"1",
"900000",97000,"3",2885552,"1",
"900000",97000,"4",2885552,"1",
"900000",97000,"5",2885552,"1",
"900210",50706,"1",2885552,"1","T"
"900210",50706,"2",2885552,"1","T"
"900210",50706,"3",2885552,"1","T"
"900210",50706,"4",2885552,"1","T"
"900210",50706,"5",2885552,"1","T"
"980000",147706,"1",2885552,"1","T"
"980000",147706,"2",2885552,"1","T"
"980000",147706,"3",2885552,"1","T"
"980000",147706,"4",2885552,"1","T"
"980000",147706,"5",2885552,"1","T"
"980070",147706,"1",2885552,"1","T"
"980070",147706,"2",2885552,"1","T"
"980070",147706,"3",2885552,"1","T"
"980070",147706,"4",2885552,"1","T"
"980070",147706,"5",2885552,"1","T"
"900000",35000,"1",2885581,"1",
"900000",35000,"2",2885581,"1",
"900000",35000,"3",2885581,"1",
"900000",35000,"4",2885581,"1",
"900000",35000,"5",2885581,"1",
"980000",35000,"1",2885581,"1",
"980000",35000,"2",2885581,"1",
"980000",35000,"3",2885581,"1",
"980000",35000,"4",2885581,"1",
"980000",35000,"5",2885581,"1",
"980070",35045,"1",2885581,"1",
"980070",35045,"2",2885581,"1",
"980070",35045,"3",2885581,"1",
"980070",35045,"4",2885581,"1",
"980070",35045,"5",2885581,"1",
"900000",35000,"1",2885582,"1",
"900000",35000,"2",2885582,"1",
"900000",35000,"3",2885582,"1",
"900000",35000,"4",2885582,"1",
"900000",35000,"5",2885582,"1",
"980000",35000,"1",2885582,"1",
"980000",35000,"2",2885582,"1",
"980000",35000,"3",2885582,"1",
"980000",35000,"4",2885582,"1",
"980000",35000,"5",2885582,"1",
"980070",35045,"1",2885582,"1",
"980070",35045,"2",2885582,"1",
"980070",35045,"3",2885582,"1",
"980070",35045,"4",2885582,"1",
"980070",35045,"5",2885582,"1",
"900030",20399,"1",2885611,"1",
"900030",20399,"2",2885611,"1",
"900030",20399,"3",2885611,"1",
"900030",20399,"4",2885611,"1",
"900030",20399,"5",2885611,"1",
"900170",39704,"1",2885611,"1",
"900170",3883,"2",2885611,"1",
"900170",3123,"3",2885611,"1",
"900170",31272,"4",2885611,"1",
"900170",3415,"5",2885611,"1",
"900180",251,"1",2885611,"1",
"900180",6,"2",2885611,"1",
"900180",27,"3",2885611,"1",
"900180",590,"4",2885611,"1",
"900180",9,"5",2885611,"1",
"900190",24687,"1",2885611,"1",
"900190",21696,"2",2885611,"1",
"900190",11025,"3",2885611,"1",
"900190",-7124,"4",2885611,"1",
"900190",6102,"5",2885611,"1",
"900200",2095,"1",2885611,"1",
"900200",30469,"2",2885611,"1",
"900200",29110,"3",2885611,"1",
"900200",4154,"4",2885611,"1",
"900200",586,"5",2885611,"1",
"980000",87136,"1",2885611,"1",
"980000",76453,"2",2885611,"1",
"980000",63684,"3",2885611,"1",
"980000",49291,"4",2885611,"1",
"980000",30511,"5",2885611,"1",
"980070",87136,"1",2885611,"1",
"980070",76453,"2",2885611,"1",
"980070",63684,"3",2885611,"1",
"980070",49291,"4",2885611,"1",
"980070",30511,"5",2885611,"1",
"900030",20399,"1",2885612,"1",
"900030",20399,"2",2885612,"1",
"900030",20399,"3",2885612,"1",
"900030",20399,"4",2885612,"1",
"900030",20399,"5",2885612,"1",
"900170",6196,"1",2885612,"1",
"900170",52289,"2",2885612,"1",
"900170",32820,"3",2885612,"1",
"900170",14456,"4",2885612,"1",
"900170",2354,"5",2885612,"1",
"900180",533,"1",2885612,"1",
"900180",407,"2",2885612,"1",
"900180",8,"3",2885612,"1",
"900180",261,"4",2885612,"1",
"900180",2045,"5",2885612,"1",
"900190",1018,"1",2885612,"1",
"900190",511,"2",2885612,"1",
"900190",31344,"3",2885612,"1",
"900190",19,"4",2885612,"1",
"900190",3940,"5",2885612,"1",
"900200",93631,"1",2885612,"1","T"
"900200",93631,"2",2885612,"1","T"
"900200",93631,"3",2885612,"1","T"
"900200",93631,"4",2885612,"1","T"
"900200",93631,"5",2885612,"1","T"
"980000",143670,"1",2885612,"1","T"
"980000",143670,"2",2885612,"1","T"
"980000",143670,"3",2885612,"1","T"
"980000",143670,"4",2885612,"1","T"
"980000",143670,"5",2885612,"1","T"
"980070",143670,"1",2885612,"1","T"
"980070",143670,"2",2885612,"1","T"
"980070",143670,"3",2885612,"1","T"
"980070",143670,"4",2885612,"1","T"
"980070",143670,"5",2885612,"1","T"
"900000",42000,"1",2885621,"1",
"900000",42000,"2",2885621,"1",
"900000",42000,"3",2885621,"1",
"900000",42000,"4",2885621,"1",
"900000",42000,"5",2885621,"1",
"950002",3111,"1",2885621,"1",
"950002",3111,"2",2885621,"1",
"950002",3111,"3",2885621,"1",
"950002",3111,"4",2885621,"1",
"950002",3111,"5",2885621,"1",
"950012",4200,"1",2885621,"1",
"950012",4200,"2",2885621,"1",
"950012",4200,"3",2885621,"1",
"950012",4200,"4",2885621,"1",
"950012",4200,"5",2885621,"1",
"980000",42000,"1",2885621,"1",
"980000",42000,"2",2885621,"1",
"980000",42000,"3",2885621,"1",
"980000",42000,"4",2885621,"1",
"980000",42000,"5",2885621,"1",
"980070",37139,"1",2885621,"1",
"980070",37139,"2",2885621,"1",
"980070",37139,"3",2885621,"1",
"980070",37139,"4",2885621,"1",
"980070",37139,"5",2885621,"1",
"900000",42000,"1",2885622,"1",
"900000",42000,"2",2885622,"1",
"900000",42000,"3",2885622,"1",
"900000",42000,"4",2885622,"1",
"900000",42000,"5",2885622,"1",
"950002",3111,"1",2885622,"1",
"950002",3111,"2",2885622,"1",
"950002",3111,"3",2885622,"1",
"950002",3111,"4",2885622,"1",
"950002",3111,"5",2885622,"1",
"950012",4200,"1",2885622,"1",
"950012",4200,"2",2885622,"1",
"950012",4200,"3",2885622,"1",
"950012",4200,"4",2885622,"1",
"950012",4200,"5",2885622,"1",
"980000",42000,"1",2885622,"1",
"980000",42000,"2",2885622,"1",
"980000",42000,"3",2885622,"1",
"980000",42000,"4",2885622,"1",
"980000",42000,"5",2885622,"1",
"980070",37139,"1",2885622,"1",
"980070",37139,"2",2885622,"1",
"980070",37139,"3",2885622,"1",
"980070",37139,"4",2885622,"1",
"980070",37139,"5",2885622,"1",
"900030",16859,"1",2885631,"1",
"900030",16859,"2",2885631,"1",
"900030",16859,"3",2885631,"1",
"900030",16859,"4",2885631,"1",
"900030",16859,"5",2885631,"1",
"900170",850,"1",2885631,"1",
"900170",850,"2",2885631,"1",
"900170",850,"3",2885631,"1",
"900170",850,"4",2885631,"1",
"900170",850,"5",2885631,"1",
"980000",17709,"1",2885631,"1",
"980000",17709,"2",2885631,"1",
"980000",17709,"3",2885631,"1",
"980000",17709,"4",2885631,"1",
"980000",17709,"5",2885631,"1",
"980070",17709,"1",2885631,"1",
"980070",17709,"2",2885631,"1",
"980070",17709,"3",2885631,"1",
"980070",17709,"4",2885631,"1",
"980070",17709,"5",2885631,"1",
"900030",16859,"1",2885632,"1",
"900030",16859,"2",2885632,"1",
"900030",16859,"3",2885632,"1",
"900030",16859,"4",2885632,"1",
"900030",16859,"5",2885632,"1",
"900170",850,"1",2885632,"1",
"900170",850,"2",2885632,"1",
"900170",850,"3",2885632,"1",
"900170",850,"4",2885632,"1",
"900170",850,"5",2885632,"1",
"980000",17709,"1",2885632,"1",
"980000",17709,"2",2885632,"1",
"980000",17709,"3",2885632,"1",
"980000",17709,"4",2885632,"1",
"980000",17709,"5",2885632,"1",
"980070",17709,"1",2885632,"1",
"980070",17709,"2",2885632,"1",
"980070",17709,"3",2885632,"1",
"980070",17709,"4",2885632,"1",
"980070",17709,"5",2885632,"1",
"900000",38000,"1",2885651,"1",
"900000",38000,"2",2885651,"1",
"900000",38000,"3",2885651,"1",
"900000",38000,"4",2885651,"1",
"900000",38000,"5",2885651,"1",
"980000",38000,"1",2885651,"1",
"980000",38000,"2",2885651,"1",
"980000",38000,"3",2885651,"1",
"980000",38000,"4",2885651,"1",
"980000",38000,"5",2885651,"1",
"980070",39453,"1",2885651,"1",
"980070",39453,"2",2885651,"1",
"980070",39453,"3",2885651,"1",
"980070",39453,"4",2885651,"1",
"980070",39453,"5",2885651,"1",
"900000",38000,"1",2885652,"1",
"900000",38000,"2",2885652,"1",
"900000",38000,"3",2885652,"1",
"900000",38000,"4",2885652,"1",
"900000",38000,"5",2885652,"1",
"980000",38000,"1",2885652,"1",
"980000",38000,"2",2885652,"1",
"980000",38000,"3",2885652,"1",
"980000",38000,"4",2885652,"1",
"980000",38000,"5",2885652,"1",
"980070",39453,"1",2885652,"1",
"980070",39453,"2",2885652,"1",
"980070",39453,"3",2885652,"1",
"980070",39453,"4",2885652,"1",
"980070",39453,"5",2885652,"1",
"900000",46654,"1",2885661,"1",
"900000",46441,"2",2885661,"1",
"900000",52529,"3",2885661,"1",
"900000",18587,"4",2885661,"1",
"900000",41184,"5",2885661,"1",
"980000",46654,"1",2885661,"1",
"980000",46441,"2",2885661,"1",
"980000",52529,"3",2885661,"1",
"980000",18587,"4",2885661,"1",
"980000",41184,"5",2885661,"1",
"980070",46654,"1",2885661,"1",
"980070",46441,"2",2885661,"1",
"980070",52529,"3",2885661,"1",
"980070",18587,"4",2885661,"1",
"980070",41184,"5",2885661,"1",
"900000",42205,"1",2885662,"1",
"900000",8814,"2",2885662,"1",
"900000",49345,"3",2885662,"1",
"900000",52423,"4",2885662,"1",
"900000",139459,"5",2885662,"1",
"980000",42205,"1",2885662,"1",
"980000",8814,"2",2885662,"1",
"980000",49345,"3",2885662,"1",
"980000",52423,"4",2885662,"1",
"980000",139459,"5",2885662,"1",
"980070",42205,"1",2885662,"1",
"980070",8814,"2",2885662,"1",
"980070",49345,"3",2885662,"1",
"980070",52423,"4",2885662,"1",
"980070",139459,"5",2885662,"1",
"800940",2640,"1",2885671,"1",
"800940",141,"2",2885671,"1",
"800940",4013,"3",2885671,"1",
"800940",0,"4",2885671,"1",
"800940",0,"5",2885671,"1",
"900000",1854,"1",2885671,"1",
"900000",410,"2",2885671,"1",
"900000",570,"3",2885671,"1",
"900000",3342,"4",2885671,"1",
"900000",3803,"5",2885671,"1",
"900030",13847,"1",2885671,"1",
"900030",13847,"2",2885671,"1",
"900030",13847,"3",2885671,"1",
"900030",13847,"4",2885671,"1",
"900030",13847,"5",2885671,"1",
"900160",16326,"1",2885671,"1",
"900160",717,"2",2885671,"1",
"900160",25946,"3",2885671,"1",
"900160",-6203,"4",2885671,"1",
"900160",-3268,"5",2885671,"1",
"900170",1049,"1",2885671,"1",
"900170",1049,"2",2885671,"1",
"900170",1049,"3",2885671,"1",
"900170",1049,"4",2885671,"1",
"900170",1049,"5",2885671,"1",
"980000",33076,"1",2885671,"1",
"980000",16023,"2",2885671,"1",
"980000",41412,"3",2885671,"1",
"980000",12035,"4",2885671,"1",
"980000",15431,"5",2885671,"1",
"980070",33076,"1",2885671,"1",
"980070",16023,"2",2885671,"1",
"980070",41412,"3",2885671,"1",
"980070",12035,"4",2885671,"1",
"980070",15431,"5",2885671,"1",
"800940",1209,"1",2885672,"1",
"800940",815,"2",2885672,"1",
"800940",3971,"3",2885672,"1",
"800940",1858,"4",2885672,"1",
"800940",0,"5",2885672,"1",
"900000",672,"1",2885672,"1",
"900000",2619,"2",2885672,"1",
"900000",361,"3",2885672,"1",
"900000",3612,"4",2885672,"1",
"900000",1304,"5",2885672,"1",
"900030",13847,"1",2885672,"1",
"900030",13847,"2",2885672,"1",
"900030",13847,"3",2885672,"1",
"900030",13847,"4",2885672,"1",
"900030",13847,"5",2885672,"1",
"900160",7566,"1",2885672,"1",
"900160",4020,"2",2885672,"1",
"900160",25772,"3",2885672,"1",
"900160",10338,"4",2885672,"1",
"900160",-5836,"5",2885672,"1",
"900170",1049,"1",2885672,"1",
"900170",1049,"2",2885672,"1",
"900170",1049,"3",2885672,"1",
"900170",1049,"4",2885672,"1",
"900170",1049,"5",2885672,"1",
"980000",23134,"1",2885672,"1",
"980000",21535,"2",2885672,"1",
"980000",41029,"3",2885672,"1",
"980000",28846,"4",2885672,"1",
"980000",10364,"5",2885672,"1",
"980070",23134,"1",2885672,"1",
"980070",21535,"2",2885672,"1",
"980070",41029,"3",2885672,"1",
"980070",28846,"4",2885672,"1",
"980070",10364,"5",2885672,"1",
"900000",17115,"1",2885721,"1",
"900000",15937,"2",2885721,"1",
"900000",19270,"3",2885721,"1",
"900000",16821,"4",2885721,"1",
"900000",19271,"5",2885721,"1",
"980000",17115,"1",2885721,"1",
"980000",15937,"2",2885721,"1",
"980000",19270,"3",2885721,"1",
"980000",16821,"4",2885721,"1",
"980000",19271,"5",2885721,"1",
"980070",21115,"1",2885721,"1",
"980070",19937,"2",2885721,"1",
"980070",23270,"3",2885721,"1",
"980070",20821,"4",2885721,"1",
"980070",23271,"5",2885721,"1",
"900000",15331,"1",2885722,"1",
"900000",15123,"2",2885722,"1",
"900000",18677,"3",2885722,"1",
"900000",19631,"4",2885722,"1",
"900000",16947,"5",2885722,"1",
"980000",15331,"1",2885722,"1",
"980000",15123,"2",2885722,"1",
"980000",18677,"3",2885722,"1",
"980000",19631,"4",2885722,"1",
"980000",16947,"5",2885722,"1",
"980070",19331,"1",2885722,"1",
"980070",19123,"2",2885722,"1",
"980070",22677,"3",2885722,"1",
"980070",23631,"4",2885722,"1",
"980070",20947,"5",2885722,"1",
"900000",190000,"1",2885751,"1",
"900000",190000,"2",2885751,"1",
"900000",190000,"3",2885751,"1",
"900000",190000,"4",2885751,"1",
"900000",190000,"5",2885751,"1",
"900180",1000,"1",2885751,"1",
"900180",1000,"2",2885751,"1",
"900180",1000,"3",2885751,"1",
"900180",1000,"4",2885751,"1",
"900180",1000,"5",2885751,"1",
"980000",191000,"1",2885751,"1",
"980000",191000,"2",2885751,"1",
"980000",191000,"3",2885751,"1",
"980000",191000,"4",2885751,"1",
"980000",191000,"5",2885751,"1",
"980070",191600,"1",2885751,"1",
"980070",191600,"2",2885751,"1",
"980070",191600,"3",2885751,"1",
"980070",191600,"4",2885751,"1",
"980070",191600,"5",2885751,"1",
"900000",190000,"1",2885752,"1",
"900000",190000,"2",2885752,"1",
"900000",190000,"3",2885752,"1",
"900000",190000,"4",2885752,"1",
"900000",190000,"5",2885752,"1",
"900180",1000,"1",2885752,"1",
"900180",1000,"2",2885752,"1",
"900180",1000,"3",2885752,"1",
"900180",1000,"4",2885752,"1",
"900180",1000,"5",2885752,"1",
"980000",191000,"1",2885752,"1",
"980000",191000,"2",2885752,"1",
"980000",191000,"3",2885752,"1",
"980000",191000,"4",2885752,"1",
"980000",191000,"5",2885752,"1",
"980070",191600,"1",2885752,"1",
"980070",191600,"2",2885752,"1",
"980070",191600,"3",2885752,"1",
"980070",191600,"4",2885752,"1",
"980070",191600,"5",2885752,"1",
"900000",77400,"1",2885761,"1",
"900000",77400,"2",2885761,"1",
"900000",77400,"3",2885761,"1",
"900000",77400,"4",2885761,"1",
"900000",77400,"5",2885761,"1",
"980000",77400,"1",2885761,"1",
"980000",77400,"2",2885761,"1",
"980000",77400,"3",2885761,"1",
"980000",77400,"4",2885761,"1",
"980000",77400,"5",2885761,"1",
"980070",74900,"1",2885761,"1",
"980070",74900,"2",2885761,"1",
"980070",74900,"3",2885761,"1",
"980070",74900,"4",2885761,"1",
"980070",74900,"5",2885761,"1",
"900000",77400,"1",2885762,"1",
"900000",77400,"2",2885762,"1",
"900000",77400,"3",2885762,"1",
"900000",77400,"4",2885762,"1",
"900000",77400,"5",2885762,"1",
"980000",77400,"1",2885762,"1",
"980000",77400,"2",2885762,"1",
"980000",77400,"3",2885762,"1",
"980000",77400,"4",2885762,"1",
"980000",77400,"5",2885762,"1",
"980070",74900,"1",2885762,"1",
"980070",74900,"2",2885762,"1",
"980070",74900,"3",2885762,"1",
"980070",74900,"4",2885762,"1",
"980070",74900,"5",2885762,"1",
"900000",163160,"1",2885782,"1",
"900000",144718,"2",2885782,"1",
"900000",162894,"3",2885782,"1",
"900000",146898,"4",2885782,"1",
"900000",137984,"5",2885782,"1",
"980000",163160,"1",2885782,"1",
"980000",144718,"2",2885782,"1",
"980000",162894,"3",2885782,"1",
"980000",146898,"4",2885782,"1",
"980000",137984,"5",2885782,"1",
"980070",163160,"1",2885782,"1",
"980070",144718,"2",2885782,"1",
"980070",162894,"3",2885782,"1",
"980070",146898,"4",2885782,"1",
"980070",137984,"5",2885782,"1",
"900030",16498,"1",2885811,"1",
"900030",16498,"2",2885811,"1",
"900030",16498,"3",2885811,"1",
"900030",16498,"4",2885811,"1",
"900030",16498,"5",2885811,"1",
"980000",16498,"1",2885811,"1",
"980000",16498,"2",2885811,"1",
"980000",16498,"3",2885811,"1",
"980000",16498,"4",2885811,"1",
"980000",16498,"5",2885811,"1",
"980070",16498,"1",2885811,"1",
"980070",16498,"2",2885811,"1",
"980070",16498,"3",2885811,"1",
"980070",16498,"4",2885811,"1",
"980070",16498,"5",2885811,"1",
"900030",16498,"1",2885812,"1",
"900030",16498,"2",2885812,"1",
"900030",16498,"3",2885812,"1",
"900030",16498,"4",2885812,"1",
"900030",16498,"5",2885812,"1",
"980000",16498,"1",2885812,"1",
"980000",16498,"2",2885812,"1",
"980000",16498,"3",2885812,"1",
"980000",16498,"4",2885812,"1",
"980000",16498,"5",2885812,"1",
"980070",16498,"1",2885812,"1",
"980070",16498,"2",2885812,"1",
"980070",16498,"3",2885812,"1",
"980070",16498,"4",2885812,"1",
"980070",16498,"5",2885812,"1",
"900000",20844,"1",2885821,"1",
"900000",13114,"2",2885821,"1",
"900000",25085,"3",2885821,"1",
"900000",12290,"4",2885821,"1",
"900000",28643,"5",2885821,"1",
"900150",7200,"1",2885821,"1",
"900150",7200,"2",2885821,"1",
"900150",7200,"3",2885821,"1",
"900150",7200,"4",2885821,"1",
"900150",7200,"5",2885821,"1",
"900210",15478,"1",2885821,"1",
"900210",26613,"2",2885821,"1",
"900210",399,"3",2885821,"1",
"900210",2192,"4",2885821,"1",
"900210",19542,"5",2885821,"1",
"980000",43522,"1",2885821,"1",
"980000",46927,"2",2885821,"1",
"980000",32684,"3",2885821,"1",
"980000",21682,"4",2885821,"1",
"980000",55385,"5",2885821,"1",
"980070",43522,"1",2885821,"1",
"980070",46927,"2",2885821,"1",
"980070",32684,"3",2885821,"1",
"980070",21682,"4",2885821,"1",
"980070",55385,"5",2885821,"1",
"900000",12099,"1",2885822,"1",
"900000",4186,"2",2885822,"1",
"900000",12000,"3",2885822,"1",
"900000",43766,"4",2885822,"1",
"900000",25057,"5",2885822,"1",
"900150",7200,"1",2885822,"1",
"900150",7200,"2",2885822,"1",
"900150",7200,"3",2885822,"1",
"900150",7200,"4",2885822,"1",
"900150",7200,"5",2885822,"1",
"900210",10961,"1",2885822,"1",
"900210",1160,"2",2885822,"1",
"900210",11001,"3",2885822,"1",
"900210",10360,"4",2885822,"1",
"900210",3405,"5",2885822,"1",
"980000",30260,"1",2885822,"1",
"980000",12546,"2",2885822,"1",
"980000",30201,"3",2885822,"1",
"980000",61326,"4",2885822,"1",
"980000",35662,"5",2885822,"1",
"980070",30260,"1",2885822,"1",
"980070",12546,"2",2885822,"1",
"980070",30201,"3",2885822,"1",
"980070",61326,"4",2885822,"1",
"980070",35662,"5",2885822,"1",
"900000",85000,"1",2885851,"1",
"900000",85000,"2",2885851,"1",
"900000",85000,"3",2885851,"1",
"900000",85000,"4",2885851,"1",
"900000",85000,"5",2885851,"1",
"900180",13,"1",2885851,"1",
"900180",136,"2",2885851,"1",
"900180",50,"3",2885851,"1",
"900180",129,"4",2885851,"1",
"900180",62,"5",2885851,"1",
"900210",1000,"1",2885851,"1",
"900210",1000,"2",2885851,"1",
"900210",1000,"3",2885851,"1",
"900210",1000,"4",2885851,"1",
"900210",1000,"5",2885851,"1",
"980000",86013,"1",2885851,"1",
"980000",86136,"2",2885851,"1",
"980000",86050,"3",2885851,"1",
"980000",86129,"4",2885851,"1",
"980000",86062,"5",2885851,"1",
"980070",92013,"1",2885851,"1",
"980070",92136,"2",2885851,"1",
"980070",92050,"3",2885851,"1",
"980070",92129,"4",2885851,"1",
"980070",92062,"5",2885851,"1",
"900000",85000,"1",2885852,"1",
"900000",85000,"2",2885852,"1",
"900000",85000,"3",2885852,"1",
"900000",85000,"4",2885852,"1",
"900000",85000,"5",2885852,"1",
"900180",49,"1",2885852,"1",
"900180",114,"2",2885852,"1",
"900180",245,"3",2885852,"1",
"900180",24,"4",2885852,"1",
"900180",33,"5",2885852,"1",
"900210",1000,"1",2885852,"1",
"900210",1000,"2",2885852,"1",
"900210",1000,"3",2885852,"1",
"900210",1000,"4",2885852,"1",
"900210",1000,"5",2885852,"1",
"980000",86049,"1",2885852,"1",
"980000",86114,"2",2885852,"1",
"980000",86245,"3",2885852,"1",
"980000",86024,"4",2885852,"1",
"980000",86033,"5",2885852,"1",
"980070",92049,"1",2885852,"1",
"980070",92114,"2",2885852,"1",
"980070",92245,"3",2885852,"1",
"980070",92024,"4",2885852,"1",
"980070",92033,"5",2885852,"1",
"900030",14915,"1",2885881,"1",
"900030",14915,"2",2885881,"1",
"900030",14915,"3",2885881,"1",
"900030",14915,"4",2885881,"1",
"900030",14915,"5",2885881,"1",
"900170",1199,"1",2885881,"1",
"900170",1199,"2",2885881,"1",
"900170",1199,"3",2885881,"1",
"900170",1199,"4",2885881,"1",
"900170",1199,"5",2885881,"1",
"980000",16114,"1",2885881,"1",
"980000",16114,"2",2885881,"1",
"980000",16114,"3",2885881,"1",
"980000",16114,"4",2885881,"1",
"980000",16114,"5",2885881,"1",
"980070",15734,"1",2885881,"1",
"980070",15734,"2",2885881,"1",
"980070",15734,"3",2885881,"1",
"980070",15734,"4",2885881,"1",
"980070",15734,"5",2885881,"1",
"900030",14915,"1",2885882,"1",
"900030",14915,"2",2885882,"1",
"900030",14915,"3",2885882,"1",
"900030",14915,"4",2885882,"1",
"900030",14915,"5",2885882,"1",
"900170",1199,"1",2885882,"1",
"900170",1199,"2",2885882,"1",
"900170",1199,"3",2885882,"1",
"900170",1199,"4",2885882,"1",
"900170",1199,"5",2885882,"1",
"980000",16114,"1",2885882,"1",
"980000",16114,"2",2885882,"1",
"980000",16114,"3",2885882,"1",
"980000",16114,"4",2885882,"1",
"980000",16114,"5",2885882,"1",
"980070",15734,"1",2885882,"1",
"980070",15734,"2",2885882,"1",
"980070",15734,"3",2885882,"1",
"980070",15734,"4",2885882,"1",
"980070",15734,"5",2885882,"1",
"800940",9336,"1",2885901,"1",
"800940",13440,"2",2885901,"1",
"800940",12105,"3",2885901,"1",
"800940",11726,"4",2885901,"1",
"800940",4487,"5",2885901,"1",
"900000",60000,"1",2885901,"1",
"900000",60000,"2",2885901,"1",
"900000",60000,"3",2885901,"1",
"900000",60000,"4",2885901,"1",
"900000",60000,"5",2885901,"1",
"900160",31022,"1",2885901,"1",
"900160",57844,"2",2885901,"1",
"900160",49118,"3",2885901,"1",
"900160",46639,"4",2885901,"1",
"900160",-672,"5",2885901,"1",
"980000",91022,"1",2885901,"1",
"980000",117844,"2",2885901,"1",
"980000",109118,"3",2885901,"1",
"980000",106639,"4",2885901,"1",
"980000",59328,"5",2885901,"1",
"980070",87122,"1",2885901,"1",
"980070",113944,"2",2885901,"1",
"980070",105218,"3",2885901,"1",
"980070",102739,"4",2885901,"1",
"980070",55428,"5",2885901,"1",
"800940",21935,"1",2885902,"1","T"
"800940",21935,"2",2885902,"1","T"
"800940",21935,"3",2885902,"1","T"
"800940",21935,"4",2885902,"1","T"
"800940",21935,"5",2885902,"1","T"
"900000",60000,"1",2885902,"1",
"900000",60000,"2",2885902,"1",
"900000",60000,"3",2885902,"1",
"900000",60000,"4",2885902,"1",
"900000",60000,"5",2885902,"1",
"900160",67504,"1",2885902,"1",
"900160",35017,"2",2885902,"1",
"900160",129113,"3",2885902,"1",
"900160",17613,"4",2885902,"1",
"900160",51646,"5",2885902,"1",
"980000",127504,"1",2885902,"1",
"980000",95017,"2",2885902,"1",
"980000",189113,"3",2885902,"1",
"980000",77613,"4",2885902,"1",
"980000",111646,"5",2885902,"1",
"980070",123604,"1",2885902,"1",
"980070",91117,"2",2885902,"1",
"980070",185213,"3",2885902,"1",
"980070",73713,"4",2885902,"1",
"980070",107746,"5",2885902,"1",
"900030",28332,"1",2885911,"1",
"900030",23220,"2",2885911,"1",
"900030",42096,"3",2885911,"1",
"900030",25560,"4",2885911,"1",
"900030",31272,"5",2885911,"1",
"980000",28332,"1",2885911,"1",
"980000",23220,"2",2885911,"1",
"980000",42096,"3",2885911,"1",
"980000",25560,"4",2885911,"1",
"980000",31272,"5",2885911,"1",
"980070",28332,"1",2885911,"1",
"980070",23220,"2",2885911,"1",
"980070",42096,"3",2885911,"1",
"980070",25560,"4",2885911,"1",
"980070",31272,"5",2885911,"1",
"900030",25896,"1",2885912,"1",
"900030",22644,"2",2885912,"1",
"900030",28608,"3",2885912,"1",
"900030",32256,"4",2885912,"1",
"900030",23472,"5",2885912,"1",
"980000",25896,"1",2885912,"1",
"980000",22644,"2",2885912,"1",
"980000",28608,"3",2885912,"1",
"980000",32256,"4",2885912,"1",
"980000",23472,"5",2885912,"1",
"980070",25896,"1",2885912,"1",
"980070",22644,"2",2885912,"1",
"980070",28608,"3",2885912,"1",
"980070",32256,"4",2885912,"1",
"980070",23472,"5",2885912,"1",
"900030",14796,"1",2885931,"1",
"900030",14796,"2",2885931,"1",
"900030",14796,"3",2885931,"1",
"900030",14796,"4",2885931,"1",
"900030",14796,"5",2885931,"1",
"900170",4200,"1",2885931,"1",
"900170",4200,"2",2885931,"1",
"900170",4200,"3",2885931,"1",
"900170",4200,"4",2885931,"1",
"900170",4200,"5",2885931,"1",
"900180",400,"1",2885931,"1",
"900180",400,"2",2885931,"1",
"900180",400,"3",2885931,"1",
"900180",400,"4",2885931,"1",
"900180",400,"5",2885931,"1",
"980000",19396,"1",2885931,"1",
"980000",19396,"2",2885931,"1",
"980000",19396,"3",2885931,"1",
"980000",19396,"4",2885931,"1",
"980000",19396,"5",2885931,"1",
"980070",19396,"1",2885931,"1",
"980070",19396,"2",2885931,"1",
"980070",19396,"3",2885931,"1",
"980070",19396,"4",2885931,"1",
"980070",19396,"5",2885931,"1",
"900030",14796,"1",2885932,"1",
"900030",14796,"2",2885932,"1",
"900030",14796,"3",2885932,"1",
"900030",14796,"4",2885932,"1",
"900030",14796,"5",2885932,"1",
"900170",4200,"1",2885932,"1",
"900170",4200,"2",2885932,"1",
"900170",4200,"3",2885932,"1",
"900170",4200,"4",2885932,"1",
"900170",4200,"5",2885932,"1",
"900180",400,"1",2885932,"1",
"900180",400,"2",2885932,"1",
"900180",400,"3",2885932,"1",
"900180",400,"4",2885932,"1",
"900180",400,"5",2885932,"1",
"980000",19396,"1",2885932,"1",
"980000",19396,"2",2885932,"1",
"980000",19396,"3",2885932,"1",
"980000",19396,"4",2885932,"1",
"980000",19396,"5",2885932,"1",
"980070",19396,"1",2885932,"1",
"980070",19396,"2",2885932,"1",
"980070",19396,"3",2885932,"1",
"980070",19396,"4",2885932,"1",
"980070",19396,"5",2885932,"1",
"900000",68403,"1",2885951,"1",
"900000",65875,"2",2885951,"1",
"900000",53712,"3",2885951,"1",
"900000",64076,"4",2885951,"1",
"900000",67984,"5",2885951,"1",
"900170",3000,"1",2885951,"1",
"900170",3000,"2",2885951,"1",
"900170",3000,"3",2885951,"1",
"900170",3000,"4",2885951,"1",
"900170",3000,"5",2885951,"1",
"980000",71403,"1",2885951,"1",
"980000",68875,"2",2885951,"1",
"980000",56712,"3",2885951,"1",
"980000",67076,"4",2885951,"1",
"980000",70984,"5",2885951,"1",
"980070",72006,"1",2885951,"1",
"980070",69478,"2",2885951,"1",
"980070",57315,"3",2885951,"1",
"980070",67679,"4",2885951,"1",
"980070",71587,"5",2885951,"1",
"900000",64030,"1",2885952,"1",
"900000",64554,"2",2885952,"1",
"900000",68940,"3",2885952,"1",
"900000",66556,"4",2885952,"1",
"900000",53461,"5",2885952,"1",
"900170",3000,"1",2885952,"1",
"900170",3000,"2",2885952,"1",
"900170",3000,"3",2885952,"1",
"900170",3000,"4",2885952,"1",
"900170",3000,"5",2885952,"1",
"980000",67030,"1",2885952,"1",
"980000",67554,"2",2885952,"1",
"980000",71940,"3",2885952,"1",
"980000",69556,"4",2885952,"1",
"980000",56461,"5",2885952,"1",
"980070",67633,"1",2885952,"1",
"980070",68157,"2",2885952,"1",
"980070",72543,"3",2885952,"1",
"980070",70159,"4",2885952,"1",
"980070",57064,"5",2885952,"1",
"900000",41000,"1",2885971,"1",
"900000",41000,"2",2885971,"1",
"900000",41000,"3",2885971,"1",
"900000",41000,"4",2885971,"1",
"900000",41000,"5",2885971,"1",
"980000",41000,"1",2885971,"1",
"980000",41000,"2",2885971,"1",
"980000",41000,"3",2885971,"1",
"980000",41000,"4",2885971,"1",
"980000",41000,"5",2885971,"1",
"980070",45000,"1",2885971,"1",
"980070",45000,"2",2885971,"1",
"980070",45000,"3",2885971,"1",
"980070",45000,"4",2885971,"1",
"980070",45000,"5",2885971,"1",
"900000",41000,"1",2885972,"1",
"900000",41000,"2",2885972,"1",
"900000",41000,"3",2885972,"1",
"900000",41000,"4",2885972,"1",
"900000",41000,"5",2885972,"1",
"980000",41000,"1",2885972,"1",
"980000",41000,"2",2885972,"1",
"980000",41000,"3",2885972,"1",
"980000",41000,"4",2885972,"1",
"980000",41000,"5",2885972,"1",
"980070",45000,"1",2885972,"1",
"980070",45000,"2",2885972,"1",
"980070",45000,"3",2885972,"1",
"980070",45000,"4",2885972,"1",
"980070",45000,"5",2885972,"1",
"900000",10710,"1",2885981,"1",
"900000",65709,"2",2885981,"1",
"900000",38986,"3",2885981,"1",
"900000",4351,"4",2885981,"1",
"900000",30132,"5",2885981,"1",
"900160",33043,"1",2885981,"1",
"900160",35207,"2",2885981,"1",
"900160",21003,"3",2885981,"1",
"900160",218,"4",2885981,"1",
"900160",919,"5",2885981,"1",
"980000",43753,"1",2885981,"1",
"980000",100916,"2",2885981,"1",
"980000",59989,"3",2885981,"1",
"980000",4569,"4",2885981,"1",
"980000",31051,"5",2885981,"1",
"980070",43753,"1",2885981,"1",
"980070",100916,"2",2885981,"1",
"980070",59989,"3",2885981,"1",
"980070",4569,"4",2885981,"1",
"980070",31051,"5",2885981,"1",
"900000",3827,"1",2885982,"1",
"900000",545,"2",2885982,"1",
"900000",4214,"3",2885982,"1",
"900000",31084,"4",2885982,"1",
"900000",652,"5",2885982,"1",
"900160",11814,"1",2885982,"1",
"900160",13425,"2",2885982,"1",
"900160",4873,"3",2885982,"1",
"900160",2179,"4",2885982,"1",
"900160",6288,"5",2885982,"1",
"980000",15641,"1",2885982,"1",
"980000",13970,"2",2885982,"1",
"980000",9087,"3",2885982,"1",
"980000",33263,"4",2885982,"1",
"980000",6940,"5",2885982,"1",
"980070",15641,"1",2885982,"1",
"980070",13970,"2",2885982,"1",
"980070",9087,"3",2885982,"1",
"980070",33263,"4",2885982,"1",
"980070",6940,"5",2885982,"1",
"900000",55000,"1",2886001,"1",
"900000",55000,"2",2886001,"1",
"900000",55000,"3",2886001,"1",
"900000",55000,"4",2886001,"1",
"900000",55000,"5",2886001,"1",
"900150",900,"1",2886001,"1",
"900150",900,"2",2886001,"1",
"900150",900,"3",2886001,"1",
"900150",900,"4",2886001,"1",
"900150",900,"5",2886001,"1",
"980000",55900,"1",2886001,"1",
"980000",55900,"2",2886001,"1",
"980000",55900,"3",2886001,"1",
"980000",55900,"4",2886001,"1",
"980000",55900,"5",2886001,"1",
"980070",62400,"1",2886001,"1",
"980070",62400,"2",2886001,"1",
"980070",62400,"3",2886001,"1",
"980070",62400,"4",2886001,"1",
"980070",62400,"5",2886001,"1",
"900000",55000,"1",2886002,"1",
"900000",55000,"2",2886002,"1",
"900000",55000,"3",2886002,"1",
"900000",55000,"4",2886002,"1",
"900000",55000,"5",2886002,"1",
"900150",900,"1",2886002,"1",
"900150",900,"2",2886002,"1",
"900150",900,"3",2886002,"1",
"900150",900,"4",2886002,"1",
"900150",900,"5",2886002,"1",
"980000",55900,"1",2886002,"1",
"980000",55900,"2",2886002,"1",
"980000",55900,"3",2886002,"1",
"980000",55900,"4",2886002,"1",
"980000",55900,"5",2886002,"1",
"980070",62400,"1",2886002,"1",
"980070",62400,"2",2886002,"1",
"980070",62400,"3",2886002,"1",
"980070",62400,"4",2886002,"1",
"980070",62400,"5",2886002,"1",
"900000",66000,"1",2886011,"1",
"900000",66000,"2",2886011,"1",
"900000",66000,"3",2886011,"1",
"900000",66000,"4",2886011,"1",
"900000",66000,"5",2886011,"1",
"900030",12119,"1",2886011,"1",
"900030",12119,"2",2886011,"1",
"900030",12119,"3",2886011,"1",
"900030",12119,"4",2886011,"1",
"900030",12119,"5",2886011,"1",
"900160",1,"1",2886011,"1",
"900160",1,"2",2886011,"1",
"900160",1,"3",2886011,"1",
"900160",1,"4",2886011,"1",
"900160",1,"5",2886011,"1",
"900180",98,"1",2886011,"1",
"900180",113,"2",2886011,"1",
"900180",7,"3",2886011,"1",
"900180",13,"4",2886011,"1",
"900180",14,"5",2886011,"1",
"980000",78218,"1",2886011,"1",
"980000",78233,"2",2886011,"1",
"980000",78127,"3",2886011,"1",
"980000",78133,"4",2886011,"1",
"980000",78134,"5",2886011,"1",
"980070",81418,"1",2886011,"1",
"980070",81433,"2",2886011,"1",
"980070",81327,"3",2886011,"1",
"980070",81333,"4",2886011,"1",
"980070",81334,"5",2886011,"1",
"900000",66000,"1",2886012,"1",
"900000",66000,"2",2886012,"1",
"900000",66000,"3",2886012,"1",
"900000",66000,"4",2886012,"1",
"900000",66000,"5",2886012,"1",
"900030",12119,"1",2886012,"1",
"900030",12119,"2",2886012,"1",
"900030",12119,"3",2886012,"1",
"900030",12119,"4",2886012,"1",
"900030",12119,"5",2886012,"1",
"900160",1,"1",2886012,"1",
"900160",1,"2",2886012,"1",
"900160",1,"3",2886012,"1",
"900160",1,"4",2886012,"1",
"900160",1,"5",2886012,"1",
"900180",95,"1",2886012,"1",
"900180",1,"2",2886012,"1",
"900180",102,"3",2886012,"1",
"900180",406,"4",2886012,"1",
"900180",17,"5",2886012,"1",
"980000",78215,"1",2886012,"1",
"980000",78121,"2",2886012,"1",
"980000",78222,"3",2886012,"1",
"980000",78526,"4",2886012,"1",
"980000",78137,"5",2886012,"1",
"980070",81415,"1",2886012,"1",
"980070",81321,"2",2886012,"1",
"980070",81422,"3",2886012,"1",
"980070",81726,"4",2886012,"1",
"980070",81337,"5",2886012,"1",
"900000",33000,"1",2886021,"1",
"900000",33000,"2",2886021,"1",
"900000",33000,"3",2886021,"1",
"900000",33000,"4",2886021,"1",
"900000",33000,"5",2886021,"1",
"900180",9,"1",2886021,"1",
"900180",76,"2",2886021,"1",
"900180",31,"3",2886021,"1",
"900180",873,"4",2886021,"1",
"900180",116,"5",2886021,"1",
"980000",33009,"1",2886021,"1",
"980000",33076,"2",2886021,"1",
"980000",33031,"3",2886021,"1",
"980000",33873,"4",2886021,"1",
"980000",33116,"5",2886021,"1",
"980070",33299,"1",2886021,"1",
"980070",33366,"2",2886021,"1",
"980070",33321,"3",2886021,"1",
"980070",34163,"4",2886021,"1",
"980070",33406,"5",2886021,"1",
"900000",33000,"1",2886022,"1",
"900000",33000,"2",2886022,"1",
"900000",33000,"3",2886022,"1",
"900000",33000,"4",2886022,"1",
"900000",33000,"5",2886022,"1",
"900180",90,"1",2886022,"1",
"900180",37,"2",2886022,"1",
"900180",153,"3",2886022,"1",
"900180",482,"4",2886022,"1",
"900180",129,"5",2886022,"1",
"980000",33090,"1",2886022,"1",
"980000",33037,"2",2886022,"1",
"980000",33153,"3",2886022,"1",
"980000",33482,"4",2886022,"1",
"980000",33129,"5",2886022,"1",
"980070",33380,"1",2886022,"1",
"980070",33327,"2",2886022,"1",
"980070",33443,"3",2886022,"1",
"980070",33772,"4",2886022,"1",
"980070",33419,"5",2886022,"1",
"900000",116083,"1",2886031,"1",
"900000",108373,"2",2886031,"1",
"900000",67128,"3",2886031,"1",
"900000",57133,"4",2886031,"1",
"900000",105956,"5",2886031,"1",
"980000",116083,"1",2886031,"1",
"980000",108373,"2",2886031,"1",
"980000",67128,"3",2886031,"1",
"980000",57133,"4",2886031,"1",
"980000",105956,"5",2886031,"1",
"980070",116083,"1",2886031,"1",
"980070",108373,"2",2886031,"1",
"980070",67128,"3",2886031,"1",
"980070",57133,"4",2886031,"1",
"980070",105956,"5",2886031,"1",
"900000",138077,"1",2886032,"1",
"900000",82494,"2",2886032,"1",
"900000",72499,"3",2886032,"1",
"900000",108422,"4",2886032,"1",
"900000",114330,"5",2886032,"1",
"980000",138077,"1",2886032,"1",
"980000",82494,"2",2886032,"1",
"980000",72499,"3",2886032,"1",
"980000",108422,"4",2886032,"1",
"980000",114330,"5",2886032,"1",
"980070",138077,"1",2886032,"1",
"980070",82494,"2",2886032,"1",
"980070",72499,"3",2886032,"1",
"980070",108422,"4",2886032,"1",
"980070",114330,"5",2886032,"1",
"900000",61650,"1",2886051,"1",
"900000",36008,"2",2886051,"1",
"900000",39438,"3",2886051,"1",
"900000",49604,"4",2886051,"1",
"900000",19001,"5",2886051,"1",
"980000",61650,"1",2886051,"1",
"980000",36008,"2",2886051,"1",
"980000",39438,"3",2886051,"1",
"980000",49604,"4",2886051,"1",
"980000",19001,"5",2886051,"1",
"980070",61650,"1",2886051,"1",
"980070",36008,"2",2886051,"1",
"980070",39438,"3",2886051,"1",
"980070",49604,"4",2886051,"1",
"980070",19001,"5",2886051,"1",
"900000",23400,"1",2886061,"1",
"900000",23400,"2",2886061,"1",
"900000",23400,"3",2886061,"1",
"900000",23400,"4",2886061,"1",
"900000",23400,"5",2886061,"1",
"980000",23400,"1",2886061,"1",
"980000",23400,"2",2886061,"1",
"980000",23400,"3",2886061,"1",
"980000",23400,"4",2886061,"1",
"980000",23400,"5",2886061,"1",
"980070",31409,"1",2886061,"1",
"980070",31409,"2",2886061,"1",
"980070",31409,"3",2886061,"1",
"980070",31409,"4",2886061,"1",
"980070",31409,"5",2886061,"1",
"900000",545,"1",2886071,"1",
"900000",13111,"2",2886071,"1",
"900000",440,"3",2886071,"1",
"900000",6121,"4",2886071,"1",
"900000",52507,"5",2886071,"1",
"900160",38449,"1",2886071,"1",
"900160",17481,"2",2886071,"1",
"900160",18959,"3",2886071,"1",
"900160",44560,"4",2886071,"1",
"900160",16149,"5",2886071,"1",
"980000",38994,"1",2886071,"1",
"980000",30592,"2",2886071,"1",
"980000",19399,"3",2886071,"1",
"980000",50681,"4",2886071,"1",
"980000",68656,"5",2886071,"1",
"980070",38994,"1",2886071,"1",
"980070",30592,"2",2886071,"1",
"980070",19399,"3",2886071,"1",
"980070",50681,"4",2886071,"1",
"980070",68656,"5",2886071,"1",
"900000",10166,"1",2886072,"1",
"900000",39270,"2",2886072,"1",
"900000",8999,"3",2886072,"1",
"900000",68118,"4",2886072,"1",
"900000",12385,"5",2886072,"1",
"900160",21908,"1",2886072,"1",
"900160",1099,"2",2886072,"1",
"900160",39267,"3",2886072,"1",
"900160",11900,"4",2886072,"1",
"900160",16398,"5",2886072,"1",
"980000",32074,"1",2886072,"1",
"980000",40369,"2",2886072,"1",
"980000",48266,"3",2886072,"1",
"980000",80018,"4",2886072,"1",
"980000",28783,"5",2886072,"1",
"980070",32074,"1",2886072,"1",
"980070",40369,"2",2886072,"1",
"980070",48266,"3",2886072,"1",
"980070",80018,"4",2886072,"1",
"980070",28783,"5",2886072,"1",
"900000",74600,"1",2886081,"1",
"900000",74600,"2",2886081,"1",
"900000",74600,"3",2886081,"1",
"900000",74600,"4",2886081,"1",
"900000",74600,"5",2886081,"1",
"900140",1800,"1",2886081,"1",
"900140",1800,"2",2886081,"1",
"900140",1800,"3",2886081,"1",
"900140",1800,"4",2886081,"1",
"900140",1800,"5",2886081,"1",
"980000",76400,"1",2886081,"1",
"980000",76400,"2",2886081,"1",
"980000",76400,"3",2886081,"1",
"980000",76400,"4",2886081,"1",
"980000",76400,"5",2886081,"1",
"980070",82200,"1",2886081,"1",
"980070",82200,"2",2886081,"1",
"980070",82200,"3",2886081,"1",
"980070",82200,"4",2886081,"1",
"980070",82200,"5",2886081,"1",
"900000",74600,"1",2886082,"1",
"900000",74600,"2",2886082,"1",
"900000",74600,"3",2886082,"1",
"900000",74600,"4",2886082,"1",
"900000",74600,"5",2886082,"1",
"900140",1800,"1",2886082,"1",
"900140",1800,"2",2886082,"1",
"900140",1800,"3",2886082,"1",
"900140",1800,"4",2886082,"1",
"900140",1800,"5",2886082,"1",
"980000",76400,"1",2886082,"1",
"980000",76400,"2",2886082,"1",
"980000",76400,"3",2886082,"1",
"980000",76400,"4",2886082,"1",
"980000",76400,"5",2886082,"1",
"980070",82200,"1",2886082,"1",
"980070",82200,"2",2886082,"1",
"980070",82200,"3",2886082,"1",
"980070",82200,"4",2886082,"1",
"980070",82200,"5",2886082,"1",
"900000",25000,"1",2886091,"1",
"900000",25000,"2",2886091,"1",
"900000",25000,"3",2886091,"1",
"900000",25000,"4",2886091,"1",
"900000",25000,"5",2886091,"1",
"900030",9899,"1",2886091,"1",
"900030",9899,"2",2886091,"1",
"900030",9899,"3",2886091,"1",
"900030",9899,"4",2886091,"1",
"900030",9899,"5",2886091,"1",
"900150",1680,"1",2886091,"1",
"900150",1680,"2",2886091,"1",
"900150",1680,"3",2886091,"1",
"900150",1680,"4",2886091,"1",
"900150",1680,"5",2886091,"1",
"900210",6000,"1",2886091,"1",
"900210",6000,"2",2886091,"1",
"900210",6000,"3",2886091,"1",
"900210",6000,"4",2886091,"1",
"900210",6000,"5",2886091,"1",
"980000",42579,"1",2886091,"1",
"980000",42579,"2",2886091,"1",
"980000",42579,"3",2886091,"1",
"980000",42579,"4",2886091,"1",
"980000",42579,"5",2886091,"1",
"980070",55116,"1",2886091,"1","T"
"980070",55116,"2",2886091,"1","T"
"980070",55116,"3",2886091,"1","T"
"980070",55116,"4",2886091,"1","T"
"980070",55116,"5",2886091,"1","T"
"900000",25000,"1",2886092,"1",
"900000",25000,"2",2886092,"1",
"900000",25000,"3",2886092,"1",
"900000",25000,"4",2886092,"1",
"900000",25000,"5",2886092,"1",
"900030",9899,"1",2886092,"1",
"900030",9899,"2",2886092,"1",
"900030",9899,"3",2886092,"1",
"900030",9899,"4",2886092,"1",
"900030",9899,"5",2886092,"1",
"900150",1680,"1",2886092,"1",
"900150",1680,"2",2886092,"1",
"900150",1680,"3",2886092,"1",
"900150",1680,"4",2886092,"1",
"900150",1680,"5",2886092,"1",
"900210",6000,"1",2886092,"1",
"900210",6000,"2",2886092,"1",
"900210",6000,"3",2886092,"1",
"900210",6000,"4",2886092,"1",
"900210",6000,"5",2886092,"1",
"980000",42579,"1",2886092,"1",
"980000",42579,"2",2886092,"1",
"980000",42579,"3",2886092,"1",
"980000",42579,"4",2886092,"1",
"980000",42579,"5",2886092,"1",
"980070",55116,"1",2886092,"1","T"
"980070",55116,"2",2886092,"1","T"
"980070",55116,"3",2886092,"1","T"
"980070",55116,"4",2886092,"1","T"
"980070",55116,"5",2886092,"1","T"
"900000",225487,"1",2886101,"1","T"
"900000",225487,"2",2886101,"1","T"
"900000",225487,"3",2886101,"1","T"
"900000",225487,"4",2886101,"1","T"
"900000",225487,"5",2886101,"1","T"
"980000",225487,"1",2886101,"1","T"
"980000",225487,"2",2886101,"1","T"
"980000",225487,"3",2886101,"1","T"
"980000",225487,"4",2886101,"1","T"
"980000",225487,"5",2886101,"1","T"
"980070",239823,"1",2886101,"1","T"
"980070",239823,"2",2886101,"1","T"
"980070",239823,"3",2886101,"1","T"
"980070",239823,"4",2886101,"1","T"
"980070",239823,"5",2886101,"1","T"
"900000",225487,"1",2886102,"1","T"
"900000",225487,"2",2886102,"1","T"
"900000",225487,"3",2886102,"1","T"
"900000",225487,"4",2886102,"1","T"
"900000",225487,"5",2886102,"1","T"
"980000",225487,"1",2886102,"1","T"
"980000",225487,"2",2886102,"1","T"
"980000",225487,"3",2886102,"1","T"
"980000",225487,"4",2886102,"1","T"
"980000",225487,"5",2886102,"1","T"
"980070",239823,"1",2886102,"1","T"
"980070",239823,"2",2886102,"1","T"
"980070",239823,"3",2886102,"1","T"
"980070",239823,"4",2886102,"1","T"
"980070",239823,"5",2886102,"1","T"
"900000",47000,"1",2886111,"1",
"900000",47000,"2",2886111,"1",
"900000",47000,"3",2886111,"1",
"900000",47000,"4",2886111,"1",
"900000",47000,"5",2886111,"1",
"980000",47000,"1",2886111,"1",
"980000",47000,"2",2886111,"1",
"980000",47000,"3",2886111,"1",
"980000",47000,"4",2886111,"1",
"980000",47000,"5",2886111,"1",
"980070",50550,"1",2886111,"1",
"980070",50550,"2",2886111,"1",
"980070",50550,"3",2886111,"1",
"980070",50550,"4",2886111,"1",
"980070",50550,"5",2886111,"1",
"900000",47000,"1",2886112,"1",
"900000",47000,"2",2886112,"1",
"900000",47000,"3",2886112,"1",
"900000",47000,"4",2886112,"1",
"900000",47000,"5",2886112,"1",
"980000",47000,"1",2886112,"1",
"980000",47000,"2",2886112,"1",
"980000",47000,"3",2886112,"1",
"980000",47000,"4",2886112,"1",
"980000",47000,"5",2886112,"1",
"980070",50550,"1",2886112,"1",
"980070",50550,"2",2886112,"1",
"980070",50550,"3",2886112,"1",
"980070",50550,"4",2886112,"1",
"980070",50550,"5",2886112,"1",
"900000",115000,"1",2886121,"1",
"900000",115000,"2",2886121,"1",
"900000",115000,"3",2886121,"1",
"900000",115000,"4",2886121,"1",
"900000",115000,"5",2886121,"1",
"900180",5,"1",2886121,"1",
"900180",5,"2",2886121,"1",
"900180",5,"3",2886121,"1",
"900180",5,"4",2886121,"1",
"900180",5,"5",2886121,"1",
"980000",115005,"1",2886121,"1",
"980000",115005,"2",2886121,"1",
"980000",115005,"3",2886121,"1",
"980000",115005,"4",2886121,"1",
"980000",115005,"5",2886121,"1",
"980070",117305,"1",2886121,"1",
"980070",117305,"2",2886121,"1",
"980070",117305,"3",2886121,"1",
"980070",117305,"4",2886121,"1",
"980070",117305,"5",2886121,"1",
"900000",115000,"1",2886122,"1",
"900000",115000,"2",2886122,"1",
"900000",115000,"3",2886122,"1",
"900000",115000,"4",2886122,"1",
"900000",115000,"5",2886122,"1",
"900180",5,"1",2886122,"1",
"900180",5,"2",2886122,"1",
"900180",5,"3",2886122,"1",
"900180",5,"4",2886122,"1",
"900180",5,"5",2886122,"1",
"980000",115005,"1",2886122,"1",
"980000",115005,"2",2886122,"1",
"980000",115005,"3",2886122,"1",
"980000",115005,"4",2886122,"1",
"980000",115005,"5",2886122,"1",
"980070",117305,"1",2886122,"1",
"980070",117305,"2",2886122,"1",
"980070",117305,"3",2886122,"1",
"980070",117305,"4",2886122,"1",
"980070",117305,"5",2886122,"1",
"900000",12000,"1",2886131,"1",
"900000",12000,"2",2886131,"1",
"900000",12000,"3",2886131,"1",
"900000",12000,"4",2886131,"1",
"900000",12000,"5",2886131,"1",
"900030",13800,"1",2886131,"1",
"900030",13800,"2",2886131,"1",
"900030",13800,"3",2886131,"1",
"900030",13800,"4",2886131,"1",
"900030",13800,"5",2886131,"1",
"980000",25800,"1",2886131,"1",
"980000",25800,"2",2886131,"1",
"980000",25800,"3",2886131,"1",
"980000",25800,"4",2886131,"1",
"980000",25800,"5",2886131,"1",
"980070",25800,"1",2886131,"1",
"980070",25800,"2",2886131,"1",
"980070",25800,"3",2886131,"1",
"980070",25800,"4",2886131,"1",
"980070",25800,"5",2886131,"1",
"900000",12000,"1",2886132,"1",
"900000",12000,"2",2886132,"1",
"900000",12000,"3",2886132,"1",
"900000",12000,"4",2886132,"1",
"900000",12000,"5",2886132,"1",
"900030",13800,"1",2886132,"1",
"900030",13800,"2",2886132,"1",
"900030",13800,"3",2886132,"1",
"900030",13800,"4",2886132,"1",
"900030",13800,"5",2886132,"1",
"980000",25800,"1",2886132,"1",
"980000",25800,"2",2886132,"1",
"980000",25800,"3",2886132,"1",
"980000",25800,"4",2886132,"1",
"980000",25800,"5",2886132,"1",
"980070",25800,"1",2886132,"1",
"980070",25800,"2",2886132,"1",
"980070",25800,"3",2886132,"1",
"980070",25800,"4",2886132,"1",
"980070",25800,"5",2886132,"1",
"900000",48000,"1",2886151,"1",
"900000",48000,"2",2886151,"1",
"900000",48000,"3",2886151,"1",
"900000",48000,"4",2886151,"1",
"900000",48000,"5",2886151,"1",
"900030",14939,"1",2886151,"1",
"900030",14939,"2",2886151,"1",
"900030",14939,"3",2886151,"1",
"900030",14939,"4",2886151,"1",
"900030",14939,"5",2886151,"1",
"900170",2400,"1",2886151,"1",
"900170",2400,"2",2886151,"1",
"900170",2400,"3",2886151,"1",
"900170",2400,"4",2886151,"1",
"900170",2400,"5",2886151,"1",
"980000",65339,"1",2886151,"1",
"980000",65339,"2",2886151,"1",
"980000",65339,"3",2886151,"1",
"980000",65339,"4",2886151,"1",
"980000",65339,"5",2886151,"1",
"980070",66099,"1",2886151,"1",
"980070",66099,"2",2886151,"1",
"980070",66099,"3",2886151,"1",
"980070",66099,"4",2886151,"1",
"980070",66099,"5",2886151,"1",
"900000",48000,"1",2886152,"1",
"900000",48000,"2",2886152,"1",
"900000",48000,"3",2886152,"1",
"900000",48000,"4",2886152,"1",
"900000",48000,"5",2886152,"1",
"900030",14939,"1",2886152,"1",
"900030",14939,"2",2886152,"1",
"900030",14939,"3",2886152,"1",
"900030",14939,"4",2886152,"1",
"900030",14939,"5",2886152,"1",
"900170",2400,"1",2886152,"1",
"900170",2400,"2",2886152,"1",
"900170",2400,"3",2886152,"1",
"900170",2400,"4",2886152,"1",
"900170",2400,"5",2886152,"1",
"980000",65339,"1",2886152,"1",
"980000",65339,"2",2886152,"1",
"980000",65339,"3",2886152,"1",
"980000",65339,"4",2886152,"1",
"980000",65339,"5",2886152,"1",
"980070",66099,"1",2886152,"1",
"980070",66099,"2",2886152,"1",
"980070",66099,"3",2886152,"1",
"980070",66099,"4",2886152,"1",
"980070",66099,"5",2886152,"1",
"900000",9256,"1",2886161,"1",
"900000",9256,"2",2886161,"1",
"900000",9256,"3",2886161,"1",
"900000",9256,"4",2886161,"1",
"900000",9256,"5",2886161,"1",
"900140",1500,"1",2886161,"1",
"900140",1500,"2",2886161,"1",
"900140",1500,"3",2886161,"1",
"900140",1500,"4",2886161,"1",
"900140",1500,"5",2886161,"1",
"980000",10756,"1",2886161,"1",
"980000",10756,"2",2886161,"1",
"980000",10756,"3",2886161,"1",
"980000",10756,"4",2886161,"1",
"980000",10756,"5",2886161,"1",
"980070",11840,"1",2886161,"1",
"980070",11840,"2",2886161,"1",
"980070",11840,"3",2886161,"1",
"980070",11840,"4",2886161,"1",
"980070",11840,"5",2886161,"1",
"900000",9256,"1",2886162,"1",
"900000",9256,"2",2886162,"1",
"900000",9256,"3",2886162,"1",
"900000",9256,"4",2886162,"1",
"900000",9256,"5",2886162,"1",
"900140",1500,"1",2886162,"1",
"900140",1500,"2",2886162,"1",
"900140",1500,"3",2886162,"1",
"900140",1500,"4",2886162,"1",
"900140",1500,"5",2886162,"1",
"980000",10756,"1",2886162,"1",
"980000",10756,"2",2886162,"1",
"980000",10756,"3",2886162,"1",
"980000",10756,"4",2886162,"1",
"980000",10756,"5",2886162,"1",
"980070",11840,"1",2886162,"1",
"980070",11840,"2",2886162,"1",
"980070",11840,"3",2886162,"1",
"980070",11840,"4",2886162,"1",
"980070",11840,"5",2886162,"1",
"900000",285487,"1",2886171,"1","T"
"900000",285487,"2",2886171,"1","T"
"900000",285487,"3",2886171,"1","T"
"900000",285487,"4",2886171,"1","T"
"900000",285487,"5",2886171,"1","T"
"900180",5000,"1",2886171,"1",
"900180",5000,"2",2886171,"1",
"900180",5000,"3",2886171,"1",
"900180",5000,"4",2886171,"1",
"900180",5000,"5",2886171,"1",
"980000",290487,"1",2886171,"1","T"
"980000",290487,"2",2886171,"1","T"
"980000",290487,"3",2886171,"1","T"
"980000",290487,"4",2886171,"1","T"
"980000",290487,"5",2886171,"1","T"
"980070",281487,"1",2886171,"1","T"
"980070",281487,"2",2886171,"1","T"
"980070",281487,"3",2886171,"1","T"
"980070",281487,"4",2886171,"1","T"
"980070",281487,"5",2886171,"1","T"
"900000",285487,"1",2886172,"1","T"
"900000",285487,"2",2886172,"1","T"
"900000",285487,"3",2886172,"1","T"
"900000",285487,"4",2886172,"1","T"
"900000",285487,"5",2886172,"1","T"
"900180",5000,"1",2886172,"1",
"900180",5000,"2",2886172,"1",
"900180",5000,"3",2886172,"1",
"900180",5000,"4",2886172,"1",
"900180",5000,"5",2886172,"1",
"980000",290487,"1",2886172,"1","T"
"980000",290487,"2",2886172,"1","T"
"980000",290487,"3",2886172,"1","T"
"980000",290487,"4",2886172,"1","T"
"980000",290487,"5",2886172,"1","T"
"980070",281487,"1",2886172,"1","T"
"980070",281487,"2",2886172,"1","T"
"980070",281487,"3",2886172,"1","T"
"980070",281487,"4",2886172,"1","T"
"980070",281487,"5",2886172,"1","T"
"900000",236000,"1",2886181,"1",
"900000",236000,"2",2886181,"1",
"900000",236000,"3",2886181,"1",
"900000",236000,"4",2886181,"1",
"900000",236000,"5",2886181,"1",
"900170",1100,"1",2886181,"1",
"900170",1100,"2",2886181,"1",
"900170",1100,"3",2886181,"1",
"900170",1100,"4",2886181,"1",
"900170",1100,"5",2886181,"1",
"900180",66,"1",2886181,"1",
"900180",8,"2",2886181,"1",
"900180",95,"3",2886181,"1",
"900180",76,"4",2886181,"1",
"900180",934,"5",2886181,"1",
"950002",21300,"1",2886181,"1",
"950002",21300,"2",2886181,"1",
"950002",21300,"3",2886181,"1",
"950002",21300,"4",2886181,"1",
"950002",21300,"5",2886181,"1",
"950012",5320,"1",2886181,"1",
"950012",5320,"2",2886181,"1",
"950012",5320,"3",2886181,"1",
"950012",5320,"4",2886181,"1",
"950012",5320,"5",2886181,"1",
"980000",237166,"1",2886181,"1",
"980000",237108,"2",2886181,"1",
"980000",237195,"3",2886181,"1",
"980000",237176,"4",2886181,"1",
"980000",238034,"5",2886181,"1",
"980070",211946,"1",2886181,"1",
"980070",211888,"2",2886181,"1",
"980070",211975,"3",2886181,"1",
"980070",211956,"4",2886181,"1",
"980070",212814,"5",2886181,"1",
"900000",236000,"1",2886182,"1",
"900000",236000,"2",2886182,"1",
"900000",236000,"3",2886182,"1",
"900000",236000,"4",2886182,"1",
"900000",236000,"5",2886182,"1",
"900170",1100,"1",2886182,"1",
"900170",1100,"2",2886182,"1",
"900170",1100,"3",2886182,"1",
"900170",1100,"4",2886182,"1",
"900170",1100,"5",2886182,"1",
"900180",65,"1",2886182,"1",
"900180",23,"2",2886182,"1",
"900180",41,"3",2886182,"1",
"900180",35,"4",2886182,"1",
"900180",6,"5",2886182,"1",
"950002",21300,"1",2886182,"1",
"950002",21300,"2",2886182,"1",
"950002",21300,"3",2886182,"1",
"950002",21300,"4",2886182,"1",
"950002",21300,"5",2886182,"1",
"950012",5320,"1",2886182,"1",
"950012",5320,"2",2886182,"1",
"950012",5320,"3",2886182,"1",
"950012",5320,"4",2886182,"1",
"950012",5320,"5",2886182,"1",
"980000",237165,"1",2886182,"1",
"980000",237123,"2",2886182,"1",
"980000",237141,"3",2886182,"1",
"980000",237135,"4",2886182,"1",
"980000",237106,"5",2886182,"1",
"980070",211945,"1",2886182,"1",
"980070",211903,"2",2886182,"1",
"980070",211921,"3",2886182,"1",
"980070",211915,"4",2886182,"1",
"980070",211886,"5",2886182,"1",
"900000",27100,"1",2886211,"1",
"900000",27100,"2",2886211,"1",
"900000",27100,"3",2886211,"1",
"900000",27100,"4",2886211,"1",
"900000",27100,"5",2886211,"1",
"900150",1086,"1",2886211,"1",
"900150",1086,"2",2886211,"1",
"900150",1086,"3",2886211,"1",
"900150",1086,"4",2886211,"1",
"900150",1086,"5",2886211,"1",
"980000",28186,"1",2886211,"1",
"980000",28186,"2",2886211,"1",
"980000",28186,"3",2886211,"1",
"980000",28186,"4",2886211,"1",
"980000",28186,"5",2886211,"1",
"980070",31186,"1",2886211,"1",
"980070",31186,"2",2886211,"1",
"980070",31186,"3",2886211,"1",
"980070",31186,"4",2886211,"1",
"980070",31186,"5",2886211,"1",
"900000",27100,"1",2886212,"1",
"900000",27100,"2",2886212,"1",
"900000",27100,"3",2886212,"1",
"900000",27100,"4",2886212,"1",
"900000",27100,"5",2886212,"1",
"900150",1086,"1",2886212,"1",
"900150",1086,"2",2886212,"1",
"900150",1086,"3",2886212,"1",
"900150",1086,"4",2886212,"1",
"900150",1086,"5",2886212,"1",
"980000",28186,"1",2886212,"1",
"980000",28186,"2",2886212,"1",
"980000",28186,"3",2886212,"1",
"980000",28186,"4",2886212,"1",
"980000",28186,"5",2886212,"1",
"980070",31186,"1",2886212,"1",
"980070",31186,"2",2886212,"1",
"980070",31186,"3",2886212,"1",
"980070",31186,"4",2886212,"1",
"980070",31186,"5",2886212,"1",
"900000",87926,"1",2886221,"1",
"900000",63064,"2",2886221,"1",
"900000",60929,"3",2886221,"1",
"900000",39892,"4",2886221,"1",
"900000",88872,"5",2886221,"1",
"980000",87926,"1",2886221,"1",
"980000",63064,"2",2886221,"1",
"980000",60929,"3",2886221,"1",
"980000",39892,"4",2886221,"1",
"980000",88872,"5",2886221,"1",
"980070",87926,"1",2886221,"1",
"980070",63064,"2",2886221,"1",
"980070",60929,"3",2886221,"1",
"980070",39892,"4",2886221,"1",
"980070",88872,"5",2886221,"1",
"900000",43281,"1",2886222,"1",
"900000",77247,"2",2886222,"1",
"900000",77049,"3",2886222,"1",
"900000",126359,"4",2886222,"1",
"900000",98037,"5",2886222,"1",
"980000",43281,"1",2886222,"1",
"980000",77247,"2",2886222,"1",
"980000",77049,"3",2886222,"1",
"980000",126359,"4",2886222,"1",
"980000",98037,"5",2886222,"1",
"980070",43281,"1",2886222,"1",
"980070",77247,"2",2886222,"1",
"980070",77049,"3",2886222,"1",
"980070",126359,"4",2886222,"1",
"980070",98037,"5",2886222,"1",
"900000",5000,"1",2886241,"1",
"900000",5000,"2",2886241,"1",
"900000",5000,"3",2886241,"1",
"900000",5000,"4",2886241,"1",
"900000",5000,"5",2886241,"1",
"980000",5000,"1",2886241,"1",
"980000",5000,"2",2886241,"1",
"980000",5000,"3",2886241,"1",
"980000",5000,"4",2886241,"1",
"980000",5000,"5",2886241,"1",
"980070",5550,"1",2886241,"1",
"980070",5550,"2",2886241,"1",
"980070",5550,"3",2886241,"1",
"980070",5550,"4",2886241,"1",
"980070",5550,"5",2886241,"1",
"900000",5000,"1",2886242,"1",
"900000",5000,"2",2886242,"1",
"900000",5000,"3",2886242,"1",
"900000",5000,"4",2886242,"1",
"900000",5000,"5",2886242,"1",
"980000",5000,"1",2886242,"1",
"980000",5000,"2",2886242,"1",
"980000",5000,"3",2886242,"1",
"980000",5000,"4",2886242,"1",
"980000",5000,"5",2886242,"1",
"980070",5550,"1",2886242,"1",
"980070",5550,"2",2886242,"1",
"980070",5550,"3",2886242,"1",
"980070",5550,"4",2886242,"1",
"980070",5550,"5",2886242,"1",
"800940",667,"1",2886251,"1",
"800940",740,"2",2886251,"1",
"800940",740,"3",2886251,"1",
"800940",404,"4",2886251,"1",
"800940",619,"5",2886251,"1",
"900000",41689,"1",2886251,"1",
"900000",53841,"2",2886251,"1",
"900000",43505,"3",2886251,"1",
"900000",36108,"4",2886251,"1",
"900000",26080,"5",2886251,"1",
"900030",23982,"1",2886251,"1",
"900030",22486,"2",2886251,"1",
"900030",29762,"3",2886251,"1",
"900030",21342,"4",2886251,"1",
"900030",24070,"5",2886251,"1",
"900160",-1,"1",2886251,"1",
"900160",-1,"2",2886251,"1",
"900160",-1,"3",2886251,"1",
"900160",-1,"4",2886251,"1",
"900160",-1,"5",2886251,"1",
"980000",65670,"1",2886251,"1",
"980000",76326,"2",2886251,"1",
"980000",73266,"3",2886251,"1",
"980000",57449,"4",2886251,"1",
"980000",50149,"5",2886251,"1",
"980070",65670,"1",2886251,"1",
"980070",76326,"2",2886251,"1",
"980070",73266,"3",2886251,"1",
"980070",57449,"4",2886251,"1",
"980070",50149,"5",2886251,"1",
"800940",762,"1",2886252,"1",
"800940",586,"2",2886252,"1",
"800940",459,"3",2886252,"1",
"800940",745,"4",2886252,"1",
"800940",703,"5",2886252,"1",
"900000",41592,"1",2886252,"1",
"900000",34874,"2",2886252,"1",
"900000",11476,"3",2886252,"1",
"900000",116627,"4",2886252,"1",
"900000",26783,"5",2886252,"1",
"900030",18214,"1",2886252,"1",
"900030",16346,"2",2886252,"1",
"900030",24826,"3",2886252,"1",
"900030",22294,"4",2886252,"1",
"900030",21562,"5",2886252,"1",
"900160",-1,"1",2886252,"1",
"900160",-1,"2",2886252,"1",
"900160",-1,"3",2886252,"1",
"900160",-1,"4",2886252,"1",
"900160",-1,"5",2886252,"1",
"980000",59805,"1",2886252,"1",
"980000",51219,"2",2886252,"1",
"980000",36301,"3",2886252,"1",
"980000",138920,"4",2886252,"1",
"980000",48344,"5",2886252,"1",
"980070",59805,"1",2886252,"1",
"980070",51219,"2",2886252,"1",
"980070",36301,"3",2886252,"1",
"980070",138920,"4",2886252,"1",
"980070",48344,"5",2886252,"1",
"900000",10080,"1",2886261,"1",
"900000",11384,"2",2886261,"1",
"900000",12400,"3",2886261,"1",
"900000",14009,"4",2886261,"1",
"900000",14946,"5",2886261,"1",
"980000",10080,"1",2886261,"1",
"980000",11384,"2",2886261,"1",
"980000",12400,"3",2886261,"1",
"980000",14009,"4",2886261,"1",
"980000",14946,"5",2886261,"1",
"980070",10080,"1",2886261,"1",
"980070",11384,"2",2886261,"1",
"980070",12400,"3",2886261,"1",
"980070",14009,"4",2886261,"1",
"980070",14946,"5",2886261,"1",
"900000",13168,"1",2886262,"1",
"900000",14376,"2",2886262,"1",
"900000",13610,"3",2886262,"1",
"900000",14181,"4",2886262,"1",
"900000",11127,"5",2886262,"1",
"980000",13168,"1",2886262,"1",
"980000",14376,"2",2886262,"1",
"980000",13610,"3",2886262,"1",
"980000",14181,"4",2886262,"1",
"980000",11127,"5",2886262,"1",
"980070",13168,"1",2886262,"1",
"980070",14376,"2",2886262,"1",
"980070",13610,"3",2886262,"1",
"980070",14181,"4",2886262,"1",
"980070",11127,"5",2886262,"1",
"900030",14735,"1",2886291,"1",
"900030",14735,"2",2886291,"1",
"900030",14735,"3",2886291,"1",
"900030",14735,"4",2886291,"1",
"900030",14735,"5",2886291,"1",
"900160",100000,"1",2886291,"1",
"900160",100000,"2",2886291,"1",
"900160",100000,"3",2886291,"1",
"900160",100000,"4",2886291,"1",
"900160",100000,"5",2886291,"1",
"900180",74,"1",2886291,"1",
"900180",5,"2",2886291,"1",
"900180",5,"3",2886291,"1",
"900180",1,"4",2886291,"1",
"900180",102,"5",2886291,"1",
"900200",50000,"1",2886291,"1",
"900200",50000,"2",2886291,"1",
"900200",50000,"3",2886291,"1",
"900200",50000,"4",2886291,"1",
"900200",50000,"5",2886291,"1",
"980000",164809,"1",2886291,"1",
"980000",164740,"2",2886291,"1",
"980000",164740,"3",2886291,"1",
"980000",164736,"4",2886291,"1",
"980000",164837,"5",2886291,"1",
"980070",100612,"1",2886291,"1","T"
"980070",100612,"2",2886291,"1","T"
"980070",100612,"3",2886291,"1","T"
"980070",100612,"4",2886291,"1","T"
"980070",100612,"5",2886291,"1","T"
"900030",14735,"1",2886292,"1",
"900030",14735,"2",2886292,"1",
"900030",14735,"3",2886292,"1",
"900030",14735,"4",2886292,"1",
"900030",14735,"5",2886292,"1",
"900160",100000,"1",2886292,"1",
"900160",100000,"2",2886292,"1",
"900160",100000,"3",2886292,"1",
"900160",100000,"4",2886292,"1",
"900160",100000,"5",2886292,"1",
"900180",8211,"1",2886292,"1",
"900180",102,"2",2886292,"1",
"900180",1,"3",2886292,"1",
"900180",9,"4",2886292,"1",
"900180",2,"5",2886292,"1",
"900200",50000,"1",2886292,"1",
"900200",50000,"2",2886292,"1",
"900200",50000,"3",2886292,"1",
"900200",50000,"4",2886292,"1",
"900200",50000,"5",2886292,"1",
"980000",172946,"1",2886292,"1",
"980000",164837,"2",2886292,"1",
"980000",164736,"3",2886292,"1",
"980000",164744,"4",2886292,"1",
"980000",164737,"5",2886292,"1",
"980070",102240,"1",2886292,"1","T"
"980070",102240,"2",2886292,"1","T"
"980070",102240,"3",2886292,"1","T"
"980070",102240,"4",2886292,"1","T"
"980070",102240,"5",2886292,"1","T"
"900000",137000,"1",2886301,"1",
"900000",137000,"2",2886301,"1",
"900000",137000,"3",2886301,"1",
"900000",137000,"4",2886301,"1",
"900000",137000,"5",2886301,"1",
"980000",137000,"1",2886301,"1",
"980000",137000,"2",2886301,"1",
"980000",137000,"3",2886301,"1",
"980000",137000,"4",2886301,"1",
"980000",137000,"5",2886301,"1",
"980070",137849,"1",2886301,"1",
"980070",137849,"2",2886301,"1",
"980070",137849,"3",2886301,"1",
"980070",137849,"4",2886301,"1",
"980070",137849,"5",2886301,"1",
"900000",137000,"1",2886302,"1",
"900000",137000,"2",2886302,"1",
"900000",137000,"3",2886302,"1",
"900000",137000,"4",2886302,"1",
"900000",137000,"5",2886302,"1",
"980000",137000,"1",2886302,"1",
"980000",137000,"2",2886302,"1",
"980000",137000,"3",2886302,"1",
"980000",137000,"4",2886302,"1",
"980000",137000,"5",2886302,"1",
"980070",137849,"1",2886302,"1",
"980070",137849,"2",2886302,"1",
"980070",137849,"3",2886302,"1",
"980070",137849,"4",2886302,"1",
"980070",137849,"5",2886302,"1",
"900030",8400,"1",2886321,"1",
"900030",8400,"2",2886321,"1",
"900030",8400,"3",2886321,"1",
"900030",8400,"4",2886321,"1",
"900030",8400,"5",2886321,"1",
"900090",711,"1",2886321,"1",
"900090",711,"2",2886321,"1",
"900090",711,"3",2886321,"1",
"900090",711,"4",2886321,"1",
"900090",711,"5",2886321,"1",
"900170",8400,"1",2886321,"1",
"900170",8400,"2",2886321,"1",
"900170",8400,"3",2886321,"1",
"900170",8400,"4",2886321,"1",
"900170",8400,"5",2886321,"1",
"980000",17511,"1",2886321,"1",
"980000",17511,"2",2886321,"1",
"980000",17511,"3",2886321,"1",
"980000",17511,"4",2886321,"1",
"980000",17511,"5",2886321,"1",
"980070",17511,"1",2886321,"1",
"980070",17511,"2",2886321,"1",
"980070",17511,"3",2886321,"1",
"980070",17511,"4",2886321,"1",
"980070",17511,"5",2886321,"1",
"900030",8400,"1",2886322,"1",
"900030",8400,"2",2886322,"1",
"900030",8400,"3",2886322,"1",
"900030",8400,"4",2886322,"1",
"900030",8400,"5",2886322,"1",
"900090",711,"1",2886322,"1",
"900090",711,"2",2886322,"1",
"900090",711,"3",2886322,"1",
"900090",711,"4",2886322,"1",
"900090",711,"5",2886322,"1",
"900170",8400,"1",2886322,"1",
"900170",8400,"2",2886322,"1",
"900170",8400,"3",2886322,"1",
"900170",8400,"4",2886322,"1",
"900170",8400,"5",2886322,"1",
"980000",17511,"1",2886322,"1",
"980000",17511,"2",2886322,"1",
"980000",17511,"3",2886322,"1",
"980000",17511,"4",2886322,"1",
"980000",17511,"5",2886322,"1",
"980070",17511,"1",2886322,"1",
"980070",17511,"2",2886322,"1",
"980070",17511,"3",2886322,"1",
"980070",17511,"4",2886322,"1",
"980070",17511,"5",2886322,"1",
"900000",85500,"1",2886361,"1",
"900000",85500,"2",2886361,"1",
"900000",85500,"3",2886361,"1",
"900000",85500,"4",2886361,"1",
"900000",85500,"5",2886361,"1",
"950002",8148,"1",2886361,"1",
"950002",8148,"2",2886361,"1",
"950002",8148,"3",2886361,"1",
"950002",8148,"4",2886361,"1",
"950002",8148,"5",2886361,"1",
"980000",85500,"1",2886361,"1",
"980000",85500,"2",2886361,"1",
"980000",85500,"3",2886361,"1",
"980000",85500,"4",2886361,"1",
"980000",85500,"5",2886361,"1",
"980070",79852,"1",2886361,"1",
"980070",79852,"2",2886361,"1",
"980070",79852,"3",2886361,"1",
"980070",79852,"4",2886361,"1",
"980070",79852,"5",2886361,"1",
"900000",85500,"1",2886362,"1",
"900000",85500,"2",2886362,"1",
"900000",85500,"3",2886362,"1",
"900000",85500,"4",2886362,"1",
"900000",85500,"5",2886362,"1",
"950002",8148,"1",2886362,"1",
"950002",8148,"2",2886362,"1",
"950002",8148,"3",2886362,"1",
"950002",8148,"4",2886362,"1",
"950002",8148,"5",2886362,"1",
"980000",85500,"1",2886362,"1",
"980000",85500,"2",2886362,"1",
"980000",85500,"3",2886362,"1",
"980000",85500,"4",2886362,"1",
"980000",85500,"5",2886362,"1",
"980070",79852,"1",2886362,"1",
"980070",79852,"2",2886362,"1",
"980070",79852,"3",2886362,"1",
"980070",79852,"4",2886362,"1",
"980070",79852,"5",2886362,"1",
"900000",205487,"1",2886381,"1","T"
"900000",205487,"2",2886381,"1","T"
"900000",205487,"3",2886381,"1","T"
"900000",205487,"4",2886381,"1","T"
"900000",205487,"5",2886381,"1","T"
"900170",26000,"1",2886381,"1",
"900170",26000,"2",2886381,"1",
"900170",26000,"3",2886381,"1",
"900170",26000,"4",2886381,"1",
"900170",26000,"5",2886381,"1",
"900180",100,"1",2886381,"1",
"900180",100,"2",2886381,"1",
"900180",100,"3",2886381,"1",
"900180",100,"4",2886381,"1",
"900180",100,"5",2886381,"1",
"980000",231587,"1",2886381,"1","T"
"980000",231587,"2",2886381,"1","T"
"980000",231587,"3",2886381,"1","T"
"980000",231587,"4",2886381,"1","T"
"980000",231587,"5",2886381,"1","T"
"980070",231937,"1",2886381,"1","T"
"980070",231937,"2",2886381,"1","T"
"980070",231937,"3",2886381,"1","T"
"980070",231937,"4",2886381,"1","T"
"980070",231937,"5",2886381,"1","T"
"900000",205487,"1",2886382,"1","T"
"900000",205487,"2",2886382,"1","T"
"900000",205487,"3",2886382,"1","T"
"900000",205487,"4",2886382,"1","T"
"900000",205487,"5",2886382,"1","T"
"900170",26000,"1",2886382,"1",
"900170",26000,"2",2886382,"1",
"900170",26000,"3",2886382,"1",
"900170",26000,"4",2886382,"1",
"900170",26000,"5",2886382,"1",
"900180",100,"1",2886382,"1",
"900180",100,"2",2886382,"1",
"900180",100,"3",2886382,"1",
"900180",100,"4",2886382,"1",
"900180",100,"5",2886382,"1",
"980000",231587,"1",2886382,"1","T"
"980000",231587,"2",2886382,"1","T"
"980000",231587,"3",2886382,"1","T"
"980000",231587,"4",2886382,"1","T"
"980000",231587,"5",2886382,"1","T"
"980070",231937,"1",2886382,"1","T"
"980070",231937,"2",2886382,"1","T"
"980070",231937,"3",2886382,"1","T"
"980070",231937,"4",2886382,"1","T"
"980070",231937,"5",2886382,"1","T"
"900000",35774,"1",2886402,"1",
"900000",35244,"2",2886402,"1",
"900000",37889,"3",2886402,"1",
"900000",31125,"4",2886402,"1",
"900000",31280,"5",2886402,"1",
"980000",35774,"1",2886402,"1",
"980000",35244,"2",2886402,"1",
"980000",37889,"3",2886402,"1",
"980000",31125,"4",2886402,"1",
"980000",31280,"5",2886402,"1",
"980070",35774,"1",2886402,"1",
"980070",35244,"2",2886402,"1",
"980070",37889,"3",2886402,"1",
"980070",31125,"4",2886402,"1",
"980070",31280,"5",2886402,"1",
"900030",20518,"1",2886421,"1",
"900030",20518,"2",2886421,"1",
"900030",20518,"3",2886421,"1",
"900030",20518,"4",2886421,"1",
"900030",20518,"5",2886421,"1",
"980000",20518,"1",2886421,"1",
"980000",20518,"2",2886421,"1",
"980000",20518,"3",2886421,"1",
"980000",20518,"4",2886421,"1",
"980000",20518,"5",2886421,"1",
"980070",20518,"1",2886421,"1",
"980070",20518,"2",2886421,"1",
"980070",20518,"3",2886421,"1",
"980070",20518,"4",2886421,"1",
"980070",20518,"5",2886421,"1",
"900030",20518,"1",2886422,"1",
"900030",20518,"2",2886422,"1",
"900030",20518,"3",2886422,"1",
"900030",20518,"4",2886422,"1",
"900030",20518,"5",2886422,"1",
"980000",20518,"1",2886422,"1",
"980000",20518,"2",2886422,"1",
"980000",20518,"3",2886422,"1",
"980000",20518,"4",2886422,"1",
"980000",20518,"5",2886422,"1",
"980070",20518,"1",2886422,"1",
"980070",20518,"2",2886422,"1",
"980070",20518,"3",2886422,"1",
"980070",20518,"4",2886422,"1",
"980070",20518,"5",2886422,"1",
"900000",94116,"1",2886431,"1",
"900000",51250,"2",2886431,"1",
"900000",103378,"3",2886431,"1",
"900000",71959,"4",2886431,"1",
"900000",76677,"5",2886431,"1",
"980000",94116,"1",2886431,"1",
"980000",51250,"2",2886431,"1",
"980000",103378,"3",2886431,"1",
"980000",71959,"4",2886431,"1",
"980000",76677,"5",2886431,"1",
"980070",94116,"1",2886431,"1",
"980070",51250,"2",2886431,"1",
"980070",103378,"3",2886431,"1",
"980070",71959,"4",2886431,"1",
"980070",76677,"5",2886431,"1",
"900000",87572,"1",2886432,"1",
"900000",134557,"2",2886432,"1",
"900000",54695,"3",2886432,"1",
"900000",173786,"4",2886432,"1",
"900000",123234,"5",2886432,"1",
"980000",87572,"1",2886432,"1",
"980000",134557,"2",2886432,"1",
"980000",54695,"3",2886432,"1",
"980000",173786,"4",2886432,"1",
"980000",123234,"5",2886432,"1",
"980070",87572,"1",2886432,"1",
"980070",134557,"2",2886432,"1",
"980070",54695,"3",2886432,"1",
"980070",173786,"4",2886432,"1",
"980070",123234,"5",2886432,"1",
"900000",150000,"1",2886441,"1",
"900000",150000,"2",2886441,"1",
"900000",150000,"3",2886441,"1",
"900000",150000,"4",2886441,"1",
"900000",150000,"5",2886441,"1",
"900180",600,"1",2886441,"1",
"900180",600,"2",2886441,"1",
"900180",600,"3",2886441,"1",
"900180",600,"4",2886441,"1",
"900180",600,"5",2886441,"1",
"980000",150600,"1",2886441,"1",
"980000",150600,"2",2886441,"1",
"980000",150600,"3",2886441,"1",
"980000",150600,"4",2886441,"1",
"980000",150600,"5",2886441,"1",
"980070",164637,"1",2886441,"1","T"
"980070",164637,"2",2886441,"1","T"
"980070",164637,"3",2886441,"1","T"
"980070",164637,"4",2886441,"1","T"
"980070",164637,"5",2886441,"1","T"
"900000",150000,"1",2886442,"1",
"900000",150000,"2",2886442,"1",
"900000",150000,"3",2886442,"1",
"900000",150000,"4",2886442,"1",
"900000",150000,"5",2886442,"1",
"900180",600,"1",2886442,"1",
"900180",600,"2",2886442,"1",
"900180",600,"3",2886442,"1",
"900180",600,"4",2886442,"1",
"900180",600,"5",2886442,"1",
"980000",150600,"1",2886442,"1",
"980000",150600,"2",2886442,"1",
"980000",150600,"3",2886442,"1",
"980000",150600,"4",2886442,"1",
"980000",150600,"5",2886442,"1",
"980070",164637,"1",2886442,"1","T"
"980070",164637,"2",2886442,"1","T"
"980070",164637,"3",2886442,"1","T"
"980070",164637,"4",2886442,"1","T"
"980070",164637,"5",2886442,"1","T"
"900000",53232,"1",2886471,"1",
"900000",46614,"2",2886471,"1",
"900000",27759,"3",2886471,"1",
"900000",19570,"4",2886471,"1",
"900000",18497,"5",2886471,"1",
"980000",53232,"1",2886471,"1",
"980000",46614,"2",2886471,"1",
"980000",27759,"3",2886471,"1",
"980000",19570,"4",2886471,"1",
"980000",18497,"5",2886471,"1",
"980070",53232,"1",2886471,"1",
"980070",46614,"2",2886471,"1",
"980070",27759,"3",2886471,"1",
"980070",19570,"4",2886471,"1",
"980070",18497,"5",2886471,"1",
"900000",26268,"1",2886472,"1",
"900000",108132,"2",2886472,"1",
"900000",19941,"3",2886472,"1",
"900000",35167,"4",2886472,"1",
"900000",44551,"5",2886472,"1",
"980000",26268,"1",2886472,"1",
"980000",108132,"2",2886472,"1",
"980000",19941,"3",2886472,"1",
"980000",35167,"4",2886472,"1",
"980000",44551,"5",2886472,"1",
"980070",26268,"1",2886472,"1",
"980070",108132,"2",2886472,"1",
"980070",19941,"3",2886472,"1",
"980070",35167,"4",2886472,"1",
"980070",44551,"5",2886472,"1",
"900210",8100,"1",2886481,"1",
"900210",8100,"2",2886481,"1",
"900210",8100,"3",2886481,"1",
"900210",8100,"4",2886481,"1",
"900210",8100,"5",2886481,"1",
"980000",8100,"1",2886481,"1",
"980000",8100,"2",2886481,"1",
"980000",8100,"3",2886481,"1",
"980000",8100,"4",2886481,"1",
"980000",8100,"5",2886481,"1",
"980070",8100,"1",2886481,"1",
"980070",8100,"2",2886481,"1",
"980070",8100,"3",2886481,"1",
"980070",8100,"4",2886481,"1",
"980070",8100,"5",2886481,"1",
"900210",8100,"1",2886482,"1",
"900210",8100,"2",2886482,"1",
"900210",8100,"3",2886482,"1",
"900210",8100,"4",2886482,"1",
"900210",8100,"5",2886482,"1",
"980000",8100,"1",2886482,"1",
"980000",8100,"2",2886482,"1",
"980000",8100,"3",2886482,"1",
"980000",8100,"4",2886482,"1",
"980000",8100,"5",2886482,"1",
"980070",8100,"1",2886482,"1",
"980070",8100,"2",2886482,"1",
"980070",8100,"3",2886482,"1",
"980070",8100,"4",2886482,"1",
"980070",8100,"5",2886482,"1",
"800940",5058,"1",2886491,"1",
"800940",6744,"2",2886491,"1",
"800940",3980,"3",2886491,"1",
"800940",7461,"4",2886491,"1",
"800940",3708,"5",2886491,"1",
"900000",101270,"1",2886491,"1",
"900000",101024,"2",2886491,"1",
"900000",108589,"3",2886491,"1",
"900000",103158,"4",2886491,"1",
"900000",99498,"5",2886491,"1",
"900160",8303,"1",2886491,"1",
"900160",20900,"2",2886491,"1",
"900160",5320,"3",2886491,"1",
"900160",28566,"4",2886491,"1",
"900160",1530,"5",2886491,"1",
"900190",12000,"1",2886491,"1",
"900190",12000,"2",2886491,"1",
"900190",12000,"3",2886491,"1",
"900190",12000,"4",2886491,"1",
"900190",12000,"5",2886491,"1",
"980000",121573,"1",2886491,"1",
"980000",133924,"2",2886491,"1",
"980000",125909,"3",2886491,"1",
"980000",143724,"4",2886491,"1",
"980000",113028,"5",2886491,"1",
"980070",122773,"1",2886491,"1",
"980070",135124,"2",2886491,"1",
"980070",127109,"3",2886491,"1",
"980070",144924,"4",2886491,"1",
"980070",114228,"5",2886491,"1",
"800940",6136,"1",2886492,"1",
"800940",3384,"2",2886492,"1",
"800940",3456,"3",2886492,"1",
"800940",4835,"4",2886492,"1",
"800940",4431,"5",2886492,"1",
"900000",114522,"1",2886492,"1",
"900000",107044,"2",2886492,"1",
"900000",110010,"3",2886492,"1",
"900000",104289,"4",2886492,"1",
"900000",96471,"5",2886492,"1",
"900160",15533,"1",2886492,"1",
"900160",-323,"2",2886492,"1",
"900160",-2180,"3",2886492,"1",
"900160",10536,"4",2886492,"1",
"900160",8167,"5",2886492,"1",
"900190",12000,"1",2886492,"1",
"900190",12000,"2",2886492,"1",
"900190",12000,"3",2886492,"1",
"900190",12000,"4",2886492,"1",
"900190",12000,"5",2886492,"1",
"980000",142055,"1",2886492,"1",
"980000",118721,"2",2886492,"1",
"980000",119830,"3",2886492,"1",
"980000",126825,"4",2886492,"1",
"980000",116638,"5",2886492,"1",
"980070",143255,"1",2886492,"1",
"980070",119921,"2",2886492,"1",
"980070",121030,"3",2886492,"1",
"980070",128025,"4",2886492,"1",
"980070",117838,"5",2886492,"1",
"900030",6612,"1",2886501,"1",
"900030",7944,"2",2886501,"1",
"900030",5208,"3",2886501,"1",
"900030",6192,"4",2886501,"1",
"900030",924,"5",2886501,"1",
"900090",8215,"1",2886501,"1",
"900090",8540,"2",2886501,"1",
"900090",7339,"3",2886501,"1",
"900090",8511,"4",2886501,"1",
"900090",728,"5",2886501,"1",
"900170",6188,"1",2886501,"1",
"900170",732,"2",2886501,"1",
"900170",6042,"3",2886501,"1",
"900170",60033,"4",2886501,"1",
"900170",19520,"5",2886501,"1",
"980000",21015,"1",2886501,"1",
"980000",17216,"2",2886501,"1",
"980000",18589,"3",2886501,"1",
"980000",74736,"4",2886501,"1",
"980000",21172,"5",2886501,"1",
"980070",21015,"1",2886501,"1",
"980070",17216,"2",2886501,"1",
"980070",18589,"3",2886501,"1",
"980070",74736,"4",2886501,"1",
"980070",21172,"5",2886501,"1",
"900030",6408,"1",2886502,"1",
"900030",20244,"2",2886502,"1",
"900030",13428,"3",2886502,"1",
"900030",16248,"4",2886502,"1",
"900030",18396,"5",2886502,"1",
"900090",1338,"1",2886502,"1",
"900090",6487,"2",2886502,"1",
"900090",9089,"3",2886502,"1",
"900090",8852,"4",2886502,"1",
"900090",14250,"5",2886502,"1",
"900120",293,"1",2886502,"1",
"900120",481,"2",2886502,"1",
"900120",279,"3",2886502,"1",
"900120",1435,"4",2886502,"1",
"900120",809,"5",2886502,"1",
"980000",8039,"1",2886502,"1",
"980000",27212,"2",2886502,"1",
"980000",22796,"3",2886502,"1",
"980000",26535,"4",2886502,"1",
"980000",33455,"5",2886502,"1",
"980070",8039,"1",2886502,"1",
"980070",27212,"2",2886502,"1",
"980070",22796,"3",2886502,"1",
"980070",26535,"4",2886502,"1",
"980070",33455,"5",2886502,"1",
"900000",71251,"1",2886511,"1",
"900000",38469,"2",2886511,"1",
"900000",63000,"3",2886511,"1",
"900000",133593,"4",2886511,"1",
"900000",21594,"5",2886511,"1",
"900030",20628,"1",2886511,"1",
"900030",12252,"2",2886511,"1",
"900030",14580,"3",2886511,"1",
"900030",21072,"4",2886511,"1",
"900030",21192,"5",2886511,"1",
"900160",10127,"1",2886511,"1",
"900160",51517,"2",2886511,"1",
"900160",10898,"3",2886511,"1",
"900160",5234,"4",2886511,"1",
"900160",13199,"5",2886511,"1",
"980000",102006,"1",2886511,"1",
"980000",102238,"2",2886511,"1",
"980000",88478,"3",2886511,"1",
"980000",159899,"4",2886511,"1",
"980000",55985,"5",2886511,"1",
"980070",102006,"1",2886511,"1",
"980070",102238,"2",2886511,"1",
"980070",88478,"3",2886511,"1",
"980070",159899,"4",2886511,"1",
"980070",55985,"5",2886511,"1",
"900000",75522,"1",2886512,"1",
"900000",82164,"2",2886512,"1",
"900000",40385,"3",2886512,"1",
"900000",45743,"4",2886512,"1",
"900000",49041,"5",2886512,"1",
"900030",22212,"1",2886512,"1",
"900030",18720,"2",2886512,"1",
"900030",17076,"3",2886512,"1",
"900030",17316,"4",2886512,"1",
"900030",14724,"5",2886512,"1",
"900160",32544,"1",2886512,"1",
"900160",31488,"2",2886512,"1",
"900160",6527,"3",2886512,"1",
"900160",3129,"4",2886512,"1",
"900160",-531,"5",2886512,"1",
"980000",130278,"1",2886512,"1",
"980000",132372,"2",2886512,"1",
"980000",63988,"3",2886512,"1",
"980000",66188,"4",2886512,"1",
"980000",63234,"5",2886512,"1",
"980070",130278,"1",2886512,"1",
"980070",132372,"2",2886512,"1",
"980070",63988,"3",2886512,"1",
"980070",66188,"4",2886512,"1",
"980070",63234,"5",2886512,"1",
"900000",41385,"1",2886551,"1",
"900000",56052,"2",2886551,"1",
"900000",61211,"3",2886551,"1",
"900000",42090,"4",2886551,"1",
"900000",75588,"5",2886551,"1",
"980000",41385,"1",2886551,"1",
"980000",56052,"2",2886551,"1",
"980000",61211,"3",2886551,"1",
"980000",42090,"4",2886551,"1",
"980000",75588,"5",2886551,"1",
"980070",41385,"1",2886551,"1",
"980070",56052,"2",2886551,"1",
"980070",61211,"3",2886551,"1",
"980070",42090,"4",2886551,"1",
"980070",75588,"5",2886551,"1",
"900000",52099,"1",2886552,"1",
"900000",26425,"2",2886552,"1",
"900000",29601,"3",2886552,"1",
"900000",127685,"4",2886552,"1",
"900000",51605,"5",2886552,"1",
"980000",52099,"1",2886552,"1",
"980000",26425,"2",2886552,"1",
"980000",29601,"3",2886552,"1",
"980000",127685,"4",2886552,"1",
"980000",51605,"5",2886552,"1",
"980070",52099,"1",2886552,"1",
"980070",26425,"2",2886552,"1",
"980070",29601,"3",2886552,"1",
"980070",127685,"4",2886552,"1",
"980070",51605,"5",2886552,"1",
"900000",147021,"1",2886571,"1",
"900000",103087,"2",2886571,"1",
"900000",91873,"3",2886571,"1",
"900000",74459,"4",2886571,"1",
"900000",86896,"5",2886571,"1",
"980000",147021,"1",2886571,"1",
"980000",103087,"2",2886571,"1",
"980000",91873,"3",2886571,"1",
"980000",74459,"4",2886571,"1",
"980000",86896,"5",2886571,"1",
"980070",147021,"1",2886571,"1",
"980070",103087,"2",2886571,"1",
"980070",91873,"3",2886571,"1",
"980070",74459,"4",2886571,"1",
"980070",86896,"5",2886571,"1",
"900000",60591,"1",2886572,"1",
"900000",71433,"2",2886572,"1",
"900000",110179,"3",2886572,"1",
"900000",71881,"4",2886572,"1",
"900000",92637,"5",2886572,"1",
"980000",60591,"1",2886572,"1",
"980000",71433,"2",2886572,"1",
"980000",110179,"3",2886572,"1",
"980000",71881,"4",2886572,"1",
"980000",92637,"5",2886572,"1",
"980070",60591,"1",2886572,"1",
"980070",71433,"2",2886572,"1",
"980070",110179,"3",2886572,"1",
"980070",71881,"4",2886572,"1",
"980070",92637,"5",2886572,"1",
"900000",60891,"1",2886581,"1",
"900000",65047,"2",2886581,"1",
"900000",70587,"3",2886581,"1",
"900000",63121,"4",2886581,"1",
"900000",62799,"5",2886581,"1",
"900210",10000,"1",2886581,"1",
"900210",10000,"2",2886581,"1",
"900210",10000,"3",2886581,"1",
"900210",10000,"4",2886581,"1",
"900210",10000,"5",2886581,"1",
"980000",70891,"1",2886581,"1",
"980000",75047,"2",2886581,"1",
"980000",80587,"3",2886581,"1",
"980000",73121,"4",2886581,"1",
"980000",72799,"5",2886581,"1",
"980070",77091,"1",2886581,"1",
"980070",81247,"2",2886581,"1",
"980070",86787,"3",2886581,"1",
"980070",79321,"4",2886581,"1",
"980070",78999,"5",2886581,"1",
"900000",69331,"1",2886582,"1",
"900000",68331,"2",2886582,"1",
"900000",67245,"3",2886582,"1",
"900000",71207,"4",2886582,"1",
"900000",71954,"5",2886582,"1",
"900210",10000,"1",2886582,"1",
"900210",10000,"2",2886582,"1",
"900210",10000,"3",2886582,"1",
"900210",10000,"4",2886582,"1",
"900210",10000,"5",2886582,"1",
"980000",79331,"1",2886582,"1",
"980000",78331,"2",2886582,"1",
"980000",77245,"3",2886582,"1",
"980000",81207,"4",2886582,"1",
"980000",81954,"5",2886582,"1",
"980070",85531,"1",2886582,"1",
"980070",84531,"2",2886582,"1",
"980070",83445,"3",2886582,"1",
"980070",87407,"4",2886582,"1",
"980070",88154,"5",2886582,"1",
"900000",196000,"1",2886601,"1",
"900000",196000,"2",2886601,"1",
"900000",196000,"3",2886601,"1",
"900000",196000,"4",2886601,"1",
"900000",196000,"5",2886601,"1",
"900170",7600,"1",2886601,"1",
"900170",7600,"2",2886601,"1",
"900170",7600,"3",2886601,"1",
"900170",7600,"4",2886601,"1",
"900170",7600,"5",2886601,"1",
"900180",200,"1",2886601,"1",
"900180",200,"2",2886601,"1",
"900180",200,"3",2886601,"1",
"900180",200,"4",2886601,"1",
"900180",200,"5",2886601,"1",
"980000",203800,"1",2886601,"1",
"980000",203800,"2",2886601,"1",
"980000",203800,"3",2886601,"1",
"980000",203800,"4",2886601,"1",
"980000",203800,"5",2886601,"1",
"980070",208300,"1",2886601,"1",
"980070",208300,"2",2886601,"1",
"980070",208300,"3",2886601,"1",
"980070",208300,"4",2886601,"1",
"980070",208300,"5",2886601,"1",
"900000",196000,"1",2886602,"1",
"900000",196000,"2",2886602,"1",
"900000",196000,"3",2886602,"1",
"900000",196000,"4",2886602,"1",
"900000",196000,"5",2886602,"1",
"900170",7600,"1",2886602,"1",
"900170",7600,"2",2886602,"1",
"900170",7600,"3",2886602,"1",
"900170",7600,"4",2886602,"1",
"900170",7600,"5",2886602,"1",
"900180",200,"1",2886602,"1",
"900180",200,"2",2886602,"1",
"900180",200,"3",2886602,"1",
"900180",200,"4",2886602,"1",
"900180",200,"5",2886602,"1",
"980000",203800,"1",2886602,"1",
"980000",203800,"2",2886602,"1",
"980000",203800,"3",2886602,"1",
"980000",203800,"4",2886602,"1",
"980000",203800,"5",2886602,"1",
"980070",208300,"1",2886602,"1",
"980070",208300,"2",2886602,"1",
"980070",208300,"3",2886602,"1",
"980070",208300,"4",2886602,"1",
"980070",208300,"5",2886602,"1",
"900000",75000,"1",2886611,"1",
"900000",75000,"2",2886611,"1",
"900000",75000,"3",2886611,"1",
"900000",75000,"4",2886611,"1",
"900000",75000,"5",2886611,"1",
"950002",9159,"1",2886611,"1",
"950002",9159,"2",2886611,"1",
"950002",9159,"3",2886611,"1",
"950002",9159,"4",2886611,"1",
"950002",9159,"5",2886611,"1",
"950012",2323,"1",2886611,"1",
"950012",2323,"2",2886611,"1",
"950012",2323,"3",2886611,"1",
"950012",2323,"4",2886611,"1",
"950012",2323,"5",2886611,"1",
"980000",75000,"1",2886611,"1",
"980000",75000,"2",2886611,"1",
"980000",75000,"3",2886611,"1",
"980000",75000,"4",2886611,"1",
"980000",75000,"5",2886611,"1",
"980070",66343,"1",2886611,"1",
"980070",66343,"2",2886611,"1",
"980070",66343,"3",2886611,"1",
"980070",66343,"4",2886611,"1",
"980070",66343,"5",2886611,"1",
"900000",75000,"1",2886612,"1",
"900000",75000,"2",2886612,"1",
"900000",75000,"3",2886612,"1",
"900000",75000,"4",2886612,"1",
"900000",75000,"5",2886612,"1",
"950002",9159,"1",2886612,"1",
"950002",9159,"2",2886612,"1",
"950002",9159,"3",2886612,"1",
"950002",9159,"4",2886612,"1",
"950002",9159,"5",2886612,"1",
"950012",2323,"1",2886612,"1",
"950012",2323,"2",2886612,"1",
"950012",2323,"3",2886612,"1",
"950012",2323,"4",2886612,"1",
"950012",2323,"5",2886612,"1",
"980000",75000,"1",2886612,"1",
"980000",75000,"2",2886612,"1",
"980000",75000,"3",2886612,"1",
"980000",75000,"4",2886612,"1",
"980000",75000,"5",2886612,"1",
"980070",66343,"1",2886612,"1",
"980070",66343,"2",2886612,"1",
"980070",66343,"3",2886612,"1",
"980070",66343,"4",2886612,"1",
"980070",66343,"5",2886612,"1",
"900000",205487,"1",2886621,"1","T"
"900000",205487,"2",2886621,"1","T"
"900000",205487,"3",2886621,"1","T"
"900000",205487,"4",2886621,"1","T"
"900000",205487,"5",2886621,"1","T"
"980000",205487,"1",2886621,"1","T"
"980000",205487,"2",2886621,"1","T"
"980000",205487,"3",2886621,"1","T"
"980000",205487,"4",2886621,"1","T"
"980000",205487,"5",2886621,"1","T"
"980070",207827,"1",2886621,"1","T"
"980070",207827,"2",2886621,"1","T"
"980070",207827,"3",2886621,"1","T"
"980070",207827,"4",2886621,"1","T"
"980070",207827,"5",2886621,"1","T"
"900000",205487,"1",2886622,"1","T"
"900000",205487,"2",2886622,"1","T"
"900000",205487,"3",2886622,"1","T"
"900000",205487,"4",2886622,"1","T"
"900000",205487,"5",2886622,"1","T"
"980000",205487,"1",2886622,"1","T"
"980000",205487,"2",2886622,"1","T"
"980000",205487,"3",2886622,"1","T"
"980000",205487,"4",2886622,"1","T"
"980000",205487,"5",2886622,"1","T"
"980070",207827,"1",2886622,"1","T"
"980070",207827,"2",2886622,"1","T"
"980070",207827,"3",2886622,"1","T"
"980070",207827,"4",2886622,"1","T"
"980070",207827,"5",2886622,"1","T"
"900140",1095,"1",2886652,"1",
"900140",177,"2",2886652,"1",
"900140",196,"3",2886652,"1",
"900140",517,"4",2886652,"1",
"900140",520,"5",2886652,"1",
"980000",1095,"1",2886652,"1",
"980000",177,"2",2886652,"1",
"980000",196,"3",2886652,"1",
"980000",517,"4",2886652,"1",
"980000",520,"5",2886652,"1",
"980070",1095,"1",2886652,"1",
"980070",177,"2",2886652,"1",
"980070",196,"3",2886652,"1",
"980070",517,"4",2886652,"1",
"980070",520,"5",2886652,"1",
"900000",75000,"1",2886661,"1",
"900000",75000,"2",2886661,"1",
"900000",75000,"3",2886661,"1",
"900000",75000,"4",2886661,"1",
"900000",75000,"5",2886661,"1",
"900030",4392,"1",2886661,"1",
"900030",4392,"2",2886661,"1",
"900030",4392,"3",2886661,"1",
"900030",4392,"4",2886661,"1",
"900030",4392,"5",2886661,"1",
"900170",22728,"1",2886661,"1",
"900170",22728,"2",2886661,"1",
"900170",22728,"3",2886661,"1",
"900170",22728,"4",2886661,"1",
"900170",22728,"5",2886661,"1",
"980000",102120,"1",2886661,"1",
"980000",102120,"2",2886661,"1",
"980000",102120,"3",2886661,"1",
"980000",102120,"4",2886661,"1",
"980000",102120,"5",2886661,"1",
"980070",102120,"1",2886661,"1",
"980070",102120,"2",2886661,"1",
"980070",102120,"3",2886661,"1",
"980070",102120,"4",2886661,"1",
"980070",102120,"5",2886661,"1",
"900000",75000,"1",2886662,"1",
"900000",75000,"2",2886662,"1",
"900000",75000,"3",2886662,"1",
"900000",75000,"4",2886662,"1",
"900000",75000,"5",2886662,"1",
"900030",4392,"1",2886662,"1",
"900030",4392,"2",2886662,"1",
"900030",4392,"3",2886662,"1",
"900030",4392,"4",2886662,"1",
"900030",4392,"5",2886662,"1",
"900170",22728,"1",2886662,"1",
"900170",22728,"2",2886662,"1",
"900170",22728,"3",2886662,"1",
"900170",22728,"4",2886662,"1",
"900170",22728,"5",2886662,"1",
"980000",102120,"1",2886662,"1",
"980000",102120,"2",2886662,"1",
"980000",102120,"3",2886662,"1",
"980000",102120,"4",2886662,"1",
"980000",102120,"5",2886662,"1",
"980070",102120,"1",2886662,"1",
"980070",102120,"2",2886662,"1",
"980070",102120,"3",2886662,"1",
"980070",102120,"4",2886662,"1",
"980070",102120,"5",2886662,"1",
"900030",1552,"1",2886671,"1",
"900030",1340,"2",2886671,"1",
"900030",1276,"3",2886671,"1",
"900030",1224,"4",2886671,"1",
"900030",1296,"5",2886671,"1",
"980000",1552,"1",2886671,"1",
"980000",1340,"2",2886671,"1",
"980000",1276,"3",2886671,"1",
"980000",1224,"4",2886671,"1",
"980000",1296,"5",2886671,"1",
"980070",1552,"1",2886671,"1",
"980070",1340,"2",2886671,"1",
"980070",1276,"3",2886671,"1",
"980070",1224,"4",2886671,"1",
"980070",1296,"5",2886671,"1",
"900030",1416,"1",2886672,"1",
"900030",1396,"2",2886672,"1",
"900030",1358,"3",2886672,"1",
"900030",1438,"4",2886672,"1",
"900030",1602,"5",2886672,"1",
"980000",1416,"1",2886672,"1",
"980000",1396,"2",2886672,"1",
"980000",1358,"3",2886672,"1",
"980000",1438,"4",2886672,"1",
"980000",1602,"5",2886672,"1",
"980070",1416,"1",2886672,"1",
"980070",1396,"2",2886672,"1",
"980070",1358,"3",2886672,"1",
"980070",1438,"4",2886672,"1",
"980070",1602,"5",2886672,"1",
"900030",16800,"1",2886681,"1",
"900030",16800,"2",2886681,"1",
"900030",16800,"3",2886681,"1",
"900030",16800,"4",2886681,"1",
"900030",16800,"5",2886681,"1",
"980000",16800,"1",2886681,"1",
"980000",16800,"2",2886681,"1",
"980000",16800,"3",2886681,"1",
"980000",16800,"4",2886681,"1",
"980000",16800,"5",2886681,"1",
"980070",16800,"1",2886681,"1",
"980070",16800,"2",2886681,"1",
"980070",16800,"3",2886681,"1",
"980070",16800,"4",2886681,"1",
"980070",16800,"5",2886681,"1",
"900030",16800,"1",2886682,"1",
"900030",16800,"2",2886682,"1",
"900030",16800,"3",2886682,"1",
"900030",16800,"4",2886682,"1",
"900030",16800,"5",2886682,"1",
"980000",16800,"1",2886682,"1",
"980000",16800,"2",2886682,"1",
"980000",16800,"3",2886682,"1",
"980000",16800,"4",2886682,"1",
"980000",16800,"5",2886682,"1",
"980070",16800,"1",2886682,"1",
"980070",16800,"2",2886682,"1",
"980070",16800,"3",2886682,"1",
"980070",16800,"4",2886682,"1",
"980070",16800,"5",2886682,"1",
"900000",4167,"1",2886721,"1",
"900000",4288,"2",2886721,"1",
"900000",4413,"3",2886721,"1",
"900000",4863,"4",2886721,"1",
"900000",538,"5",2886721,"1",
"980000",4167,"1",2886721,"1",
"980000",4288,"2",2886721,"1",
"980000",4413,"3",2886721,"1",
"980000",4863,"4",2886721,"1",
"980000",538,"5",2886721,"1",
"980070",4167,"1",2886721,"1",
"980070",4288,"2",2886721,"1",
"980070",4413,"3",2886721,"1",
"980070",4863,"4",2886721,"1",
"980070",538,"5",2886721,"1",
"900000",843,"1",2886722,"1",
"900000",2150,"2",2886722,"1",
"900000",1901,"3",2886722,"1",
"900000",4147,"4",2886722,"1",
"900000",3716,"5",2886722,"1",
"980000",843,"1",2886722,"1",
"980000",2150,"2",2886722,"1",
"980000",1901,"3",2886722,"1",
"980000",4147,"4",2886722,"1",
"980000",3716,"5",2886722,"1",
"980070",843,"1",2886722,"1",
"980070",2150,"2",2886722,"1",
"980070",1901,"3",2886722,"1",
"980070",4147,"4",2886722,"1",
"980070",3716,"5",2886722,"1",
"800940",10967,"1",2886731,"1","T"
"800940",10967,"2",2886731,"1","T"
"800940",10967,"3",2886731,"1","T"
"800940",10967,"4",2886731,"1","T"
"800940",10967,"5",2886731,"1","T"
"900000",165001,"1",2886731,"1",
"900000",165001,"2",2886731,"1",
"900000",167514,"3",2886731,"1",
"900000",166175,"4",2886731,"1",
"900000",169176,"5",2886731,"1",
"900160",50981,"1",2886731,"1",
"900160",5446,"2",2886731,"1",
"900160",36429,"3",2886731,"1",
"900160",3353,"4",2886731,"1",
"900160",32544,"5",2886731,"1",
"980000",215982,"1",2886731,"1",
"980000",170447,"2",2886731,"1",
"980000",203943,"3",2886731,"1",
"980000",169528,"4",2886731,"1",
"980000",201720,"5",2886731,"1",
"980070",215982,"1",2886731,"1",
"980070",170447,"2",2886731,"1",
"980070",203943,"3",2886731,"1",
"980070",169528,"4",2886731,"1",
"980070",201720,"5",2886731,"1",
"800940",10967,"1",2886732,"1","T"
"800940",10967,"2",2886732,"1","T"
"800940",10967,"3",2886732,"1","T"
"800940",10967,"4",2886732,"1","T"
"800940",10967,"5",2886732,"1","T"
"900000",166524,"1",2886732,"1",
"900000",197351,"2",2886732,"1",
"900000",165094,"3",2886732,"1",
"900000",181440,"4",2886732,"1",
"900000",194484,"5",2886732,"1",
"900160",12533,"1",2886732,"1",
"900160",44038,"2",2886732,"1",
"900160",88200,"3",2886732,"1",
"900160",15841,"4",2886732,"1",
"900160",71414,"5",2886732,"1",
"980000",179057,"1",2886732,"1",
"980000",241389,"2",2886732,"1",
"980000",253294,"3",2886732,"1",
"980000",197281,"4",2886732,"1",
"980000",265898,"5",2886732,"1",
"980070",179057,"1",2886732,"1",
"980070",241389,"2",2886732,"1",
"980070",253294,"3",2886732,"1",
"980070",197281,"4",2886732,"1",
"980070",265898,"5",2886732,"1",
"900150",3360,"1",2886741,"1",
"900150",4968,"2",2886741,"1",
"900150",4320,"3",2886741,"1",
"900150",8316,"4",2886741,"1",
"900150",6552,"5",2886741,"1",
"900210",2210,"1",2886741,"1",
"900210",49,"2",2886741,"1",
"900210",929,"3",2886741,"1",
"900210",7398,"4",2886741,"1",
"900210",30776,"5",2886741,"1",
"980000",5570,"1",2886741,"1",
"980000",5017,"2",2886741,"1",
"980000",5249,"3",2886741,"1",
"980000",15714,"4",2886741,"1",
"980000",37328,"5",2886741,"1",
"980070",5570,"1",2886741,"1",
"980070",5017,"2",2886741,"1",
"980070",5249,"3",2886741,"1",
"980070",15714,"4",2886741,"1",
"980070",37328,"5",2886741,"1",
"900150",3756,"1",2886742,"1",
"900150",6972,"2",2886742,"1",
"900150",3168,"3",2886742,"1",
"900150",6072,"4",2886742,"1",
"900150",1896,"5",2886742,"1",
"980000",3756,"1",2886742,"1",
"980000",6972,"2",2886742,"1",
"980000",3168,"3",2886742,"1",
"980000",6072,"4",2886742,"1",
"980000",1896,"5",2886742,"1",
"980070",3756,"1",2886742,"1",
"980070",6972,"2",2886742,"1",
"980070",3168,"3",2886742,"1",
"980070",6072,"4",2886742,"1",
"980070",1896,"5",2886742,"1",
"900030",26436,"1",2886761,"1",
"900030",26172,"2",2886761,"1",
"900030",31116,"3",2886761,"1",
"900030",18756,"4",2886761,"1",
"900030",22176,"5",2886761,"1",
"900170",37328,"1",2886761,"1",
"900170",13423,"2",2886761,"1",
"900170",1679,"3",2886761,"1",
"900170",34095,"4",2886761,"1",
"900170",1198,"5",2886761,"1",
"980000",63764,"1",2886761,"1",
"980000",39595,"2",2886761,"1",
"980000",32795,"3",2886761,"1",
"980000",52851,"4",2886761,"1",
"980000",23374,"5",2886761,"1",
"980070",63764,"1",2886761,"1",
"980070",39595,"2",2886761,"1",
"980070",32795,"3",2886761,"1",
"980070",52851,"4",2886761,"1",
"980070",23374,"5",2886761,"1",
"900030",21540,"1",2886762,"1",
"900030",37572,"2",2886762,"1",
"900030",31668,"3",2886762,"1",
"900030",26916,"4",2886762,"1",
"900030",18228,"5",2886762,"1",
"900170",47918,"1",2886762,"1",
"900170",25564,"2",2886762,"1",
"900170",77001,"3",2886762,"1",
"900170",5947,"4",2886762,"1",
"900170",29381,"5",2886762,"1",
"980000",69458,"1",2886762,"1",
"980000",63136,"2",2886762,"1",
"980000",108669,"3",2886762,"1",
"980000",32863,"4",2886762,"1",
"980000",47609,"5",2886762,"1",
"980070",69458,"1",2886762,"1",
"980070",63136,"2",2886762,"1",
"980070",108669,"3",2886762,"1",
"980070",32863,"4",2886762,"1",
"980070",47609,"5",2886762,"1",
"900000",67401,"1",2886791,"1",
"900000",56079,"2",2886791,"1",
"900000",54055,"3",2886791,"1",
"900000",65386,"4",2886791,"1",
"900000",50559,"5",2886791,"1",
"900030",17855,"1",2886791,"1",
"900030",18851,"2",2886791,"1",
"900030",19391,"3",2886791,"1",
"900030",17015,"4",2886791,"1",
"900030",19595,"5",2886791,"1",
"900170",18951,"1",2886791,"1",
"900170",19043,"2",2886791,"1",
"900170",17113,"3",2886791,"1",
"900170",19955,"4",2886791,"1",
"900170",17617,"5",2886791,"1",
"980000",104207,"1",2886791,"1",
"980000",93973,"2",2886791,"1",
"980000",90559,"3",2886791,"1",
"980000",102356,"4",2886791,"1",
"980000",87771,"5",2886791,"1",
"980070",105207,"1",2886791,"1",
"980070",94973,"2",2886791,"1",
"980070",91559,"3",2886791,"1",
"980070",103356,"4",2886791,"1",
"980070",88771,"5",2886791,"1",
"900000",63261,"1",2886792,"1",
"900000",54449,"2",2886792,"1",
"900000",60881,"3",2886792,"1",
"900000",65356,"4",2886792,"1",
"900000",58540,"5",2886792,"1",
"900030",17819,"1",2886792,"1",
"900030",20267,"2",2886792,"1",
"900030",17879,"3",2886792,"1",
"900030",19811,"4",2886792,"1",
"900030",18695,"5",2886792,"1",
"900170",19393,"1",2886792,"1",
"900170",16842,"2",2886792,"1",
"900170",16692,"3",2886792,"1",
"900170",17401,"4",2886792,"1",
"900170",15574,"5",2886792,"1",
"980000",100473,"1",2886792,"1",
"980000",91558,"2",2886792,"1",
"980000",95452,"3",2886792,"1",
"980000",102568,"4",2886792,"1",
"980000",92809,"5",2886792,"1",
"980070",101473,"1",2886792,"1",
"980070",92558,"2",2886792,"1",
"980070",96452,"3",2886792,"1",
"980070",103568,"4",2886792,"1",
"980070",93809,"5",2886792,"1",
"900000",15600,"1",2886821,"1",
"900000",15600,"2",2886821,"1",
"900000",15600,"3",2886821,"1",
"900000",15600,"4",2886821,"1",
"900000",15600,"5",2886821,"1",
"900150",3696,"1",2886821,"1",
"900150",3696,"2",2886821,"1",
"900150",3696,"3",2886821,"1",
"900150",3696,"4",2886821,"1",
"900150",3696,"5",2886821,"1",
"980000",19296,"1",2886821,"1",
"980000",19296,"2",2886821,"1",
"980000",19296,"3",2886821,"1",
"980000",19296,"4",2886821,"1",
"980000",19296,"5",2886821,"1",
"980070",22646,"1",2886821,"1",
"980070",22646,"2",2886821,"1",
"980070",22646,"3",2886821,"1",
"980070",22646,"4",2886821,"1",
"980070",22646,"5",2886821,"1",
"900000",15600,"1",2886822,"1",
"900000",15600,"2",2886822,"1",
"900000",15600,"3",2886822,"1",
"900000",15600,"4",2886822,"1",
"900000",15600,"5",2886822,"1",
"900150",3696,"1",2886822,"1",
"900150",3696,"2",2886822,"1",
"900150",3696,"3",2886822,"1",
"900150",3696,"4",2886822,"1",
"900150",3696,"5",2886822,"1",
"980000",19296,"1",2886822,"1",
"980000",19296,"2",2886822,"1",
"980000",19296,"3",2886822,"1",
"980000",19296,"4",2886822,"1",
"980000",19296,"5",2886822,"1",
"980070",22646,"1",2886822,"1",
"980070",22646,"2",2886822,"1",
"980070",22646,"3",2886822,"1",
"980070",22646,"4",2886822,"1",
"980070",22646,"5",2886822,"1",
"800940",10967,"1",2886841,"1","T"
"800940",10967,"2",2886841,"1","T"
"800940",10967,"3",2886841,"1","T"
"800940",10967,"4",2886841,"1","T"
"800940",10967,"5",2886841,"1","T"
"900000",99312,"1",2886841,"1",
"900000",92389,"2",2886841,"1",
"900000",100828,"3",2886841,"1",
"900000",95889,"4",2886841,"1",
"900000",93383,"5",2886841,"1",
"900160",15531,"1",2886841,"1",
"900160",24135,"2",2886841,"1",
"900160",81640,"3",2886841,"1",
"900160",3302,"4",2886841,"1",
"900160",12118,"5",2886841,"1",
"980000",114843,"1",2886841,"1",
"980000",116524,"2",2886841,"1",
"980000",182468,"3",2886841,"1",
"980000",99191,"4",2886841,"1",
"980000",105501,"5",2886841,"1",
"980070",114843,"1",2886841,"1",
"980070",116524,"2",2886841,"1",
"980070",182468,"3",2886841,"1",
"980070",99191,"4",2886841,"1",
"980070",105501,"5",2886841,"1",
"800940",10967,"1",2886842,"1","T"
"800940",10967,"2",2886842,"1","T"
"800940",10967,"3",2886842,"1","T"
"800940",10967,"4",2886842,"1","T"
"800940",10967,"5",2886842,"1","T"
"900000",101231,"1",2886842,"1",
"900000",99090,"2",2886842,"1",
"900000",94697,"3",2886842,"1",
"900000",94121,"4",2886842,"1",
"900000",104124,"5",2886842,"1",
"900160",29469,"1",2886842,"1",
"900160",19042,"2",2886842,"1",
"900160",104616,"3",2886842,"1",
"900160",19545,"4",2886842,"1",
"900160",1916,"5",2886842,"1",
"980000",130700,"1",2886842,"1",
"980000",118132,"2",2886842,"1",
"980000",199313,"3",2886842,"1",
"980000",113666,"4",2886842,"1",
"980000",106040,"5",2886842,"1",
"980070",130700,"1",2886842,"1",
"980070",118132,"2",2886842,"1",
"980070",199313,"3",2886842,"1",
"980070",113666,"4",2886842,"1",
"980070",106040,"5",2886842,"1",
"900000",41500,"1",2886851,"1",
"900000",41500,"2",2886851,"1",
"900000",41500,"3",2886851,"1",
"900000",41500,"4",2886851,"1",
"900000",41500,"5",2886851,"1",
"980000",41500,"1",2886851,"1",
"980000",41500,"2",2886851,"1",
"980000",41500,"3",2886851,"1",
"980000",41500,"4",2886851,"1",
"980000",41500,"5",2886851,"1",
"980070",41500,"1",2886851,"1",
"980070",41500,"2",2886851,"1",
"980070",41500,"3",2886851,"1",
"980070",41500,"4",2886851,"1",
"980070",41500,"5",2886851,"1",
"900000",41500,"1",2886852,"1",
"900000",41500,"2",2886852,"1",
"900000",41500,"3",2886852,"1",
"900000",41500,"4",2886852,"1",
"900000",41500,"5",2886852,"1",
"980000",41500,"1",2886852,"1",
"980000",41500,"2",2886852,"1",
"980000",41500,"3",2886852,"1",
"980000",41500,"4",2886852,"1",
"980000",41500,"5",2886852,"1",
"980070",41500,"1",2886852,"1",
"980070",41500,"2",2886852,"1",
"980070",41500,"3",2886852,"1",
"980070",41500,"4",2886852,"1",
"980070",41500,"5",2886852,"1",
"900030",7019,"1",2886861,"1",
"900030",7019,"2",2886861,"1",
"900030",7019,"3",2886861,"1",
"900030",7019,"4",2886861,"1",
"900030",7019,"5",2886861,"1",
"900150",2160,"1",2886861,"1",
"900150",2160,"2",2886861,"1",
"900150",2160,"3",2886861,"1",
"900150",2160,"4",2886861,"1",
"900150",2160,"5",2886861,"1",
"980000",9179,"1",2886861,"1",
"980000",9179,"2",2886861,"1",
"980000",9179,"3",2886861,"1",
"980000",9179,"4",2886861,"1",
"980000",9179,"5",2886861,"1",
"980070",9179,"1",2886861,"1",
"980070",9179,"2",2886861,"1",
"980070",9179,"3",2886861,"1",
"980070",9179,"4",2886861,"1",
"980070",9179,"5",2886861,"1",
"900030",7019,"1",2886862,"1",
"900030",7019,"2",2886862,"1",
"900030",7019,"3",2886862,"1",
"900030",7019,"4",2886862,"1",
"900030",7019,"5",2886862,"1",
"900150",2160,"1",2886862,"1",
"900150",2160,"2",2886862,"1",
"900150",2160,"3",2886862,"1",
"900150",2160,"4",2886862,"1",
"900150",2160,"5",2886862,"1",
"980000",9179,"1",2886862,"1",
"980000",9179,"2",2886862,"1",
"980000",9179,"3",2886862,"1",
"980000",9179,"4",2886862,"1",
"980000",9179,"5",2886862,"1",
"980070",9179,"1",2886862,"1",
"980070",9179,"2",2886862,"1",
"980070",9179,"3",2886862,"1",
"980070",9179,"4",2886862,"1",
"980070",9179,"5",2886862,"1",
"900090",1168,"1",2886871,"1",
"900090",2900,"2",2886871,"1",
"900090",8829,"3",2886871,"1",
"900090",1304,"4",2886871,"1",
"900090",7686,"5",2886871,"1",
"900120",326,"1",2886871,"1",
"900120",420,"2",2886871,"1",
"900120",236,"3",2886871,"1",
"900120",4193,"4",2886871,"1",
"900120",6867,"5",2886871,"1",
"900150",4116,"1",2886871,"1",
"900150",4632,"2",2886871,"1",
"900150",7944,"3",2886871,"1",
"900150",5592,"4",2886871,"1",
"900150",7356,"5",2886871,"1",
"900210",8124,"1",2886871,"1",
"900210",5579,"2",2886871,"1",
"900210",142,"3",2886871,"1",
"900210",7973,"4",2886871,"1",
"900210",3786,"5",2886871,"1",
"980000",13734,"1",2886871,"1",
"980000",13531,"2",2886871,"1",
"980000",17151,"3",2886871,"1",
"980000",19062,"4",2886871,"1",
"980000",25695,"5",2886871,"1",
"980070",13734,"1",2886871,"1",
"980070",13531,"2",2886871,"1",
"980070",17151,"3",2886871,"1",
"980070",19062,"4",2886871,"1",
"980070",25695,"5",2886871,"1",
"900090",733,"1",2886872,"1",
"900090",8662,"2",2886872,"1",
"900090",628,"3",2886872,"1",
"900090",9152,"4",2886872,"1",
"900090",1600,"5",2886872,"1",
"900150",564,"1",2886872,"1",
"900150",2664,"2",2886872,"1",
"900150",7524,"3",2886872,"1",
"900150",4092,"4",2886872,"1",
"900150",1836,"5",2886872,"1",
"980000",1297,"1",2886872,"1",
"980000",11326,"2",2886872,"1",
"980000",8152,"3",2886872,"1",
"980000",13244,"4",2886872,"1",
"980000",3436,"5",2886872,"1",
"980070",1297,"1",2886872,"1",
"980070",11326,"2",2886872,"1",
"980070",8152,"3",2886872,"1",
"980070",13244,"4",2886872,"1",
"980070",3436,"5",2886872,"1",
"900000",31084,"1",2886881,"1",
"900000",18229,"2",2886881,"1",
"900000",80639,"3",2886881,"1",
"900000",13656,"4",2886881,"1",
"900000",52362,"5",2886881,"1",
"980000",31084,"1",2886881,"1",
"980000",18229,"2",2886881,"1",
"980000",80639,"3",2886881,"1",
"980000",13656,"4",2886881,"1",
"980000",52362,"5",2886881,"1",
"980070",31084,"1",2886881,"1",
"980070",18229,"2",2886881,"1",
"980070",80639,"3",2886881,"1",
"980070",13656,"4",2886881,"1",
"980070",52362,"5",2886881,"1",
"900000",48974,"1",2886882,"1",
"900000",26225,"2",2886882,"1",
"900000",55868,"3",2886882,"1",
"900000",50868,"4",2886882,"1",
"900000",17100,"5",2886882,"1",
"980000",48974,"1",2886882,"1",
"980000",26225,"2",2886882,"1",
"980000",55868,"3",2886882,"1",
"980000",50868,"4",2886882,"1",
"980000",17100,"5",2886882,"1",
"980070",48974,"1",2886882,"1",
"980070",26225,"2",2886882,"1",
"980070",55868,"3",2886882,"1",
"980070",50868,"4",2886882,"1",
"980070",17100,"5",2886882,"1",
"800940",1255,"1",2886911,"1",
"800940",1255,"2",2886911,"1",
"800940",1255,"3",2886911,"1",
"800940",1255,"4",2886911,"1",
"800940",1255,"5",2886911,"1",
"900000",36400,"1",2886911,"1",
"900000",36400,"2",2886911,"1",
"900000",36400,"3",2886911,"1",
"900000",36400,"4",2886911,"1",
"900000",36400,"5",2886911,"1",
"900160",-10000,"1",2886911,"1",
"900160",-10000,"2",2886911,"1",
"900160",-10000,"3",2886911,"1",
"900160",-10000,"4",2886911,"1",
"900160",-10000,"5",2886911,"1",
"980000",26400,"1",2886911,"1",
"980000",26400,"2",2886911,"1",
"980000",26400,"3",2886911,"1",
"980000",26400,"4",2886911,"1",
"980000",26400,"5",2886911,"1",
"980070",27500,"1",2886911,"1",
"980070",27500,"2",2886911,"1",
"980070",27500,"3",2886911,"1",
"980070",27500,"4",2886911,"1",
"980070",27500,"5",2886911,"1",
"800940",1255,"1",2886912,"1",
"800940",1255,"2",2886912,"1",
"800940",1255,"3",2886912,"1",
"800940",1255,"4",2886912,"1",
"800940",1255,"5",2886912,"1",
"900000",36400,"1",2886912,"1",
"900000",36400,"2",2886912,"1",
"900000",36400,"3",2886912,"1",
"900000",36400,"4",2886912,"1",
"900000",36400,"5",2886912,"1",
"900160",-10000,"1",2886912,"1",
"900160",-10000,"2",2886912,"1",
"900160",-10000,"3",2886912,"1",
"900160",-10000,"4",2886912,"1",
"900160",-10000,"5",2886912,"1",
"980000",26400,"1",2886912,"1",
"980000",26400,"2",2886912,"1",
"980000",26400,"3",2886912,"1",
"980000",26400,"4",2886912,"1",
"980000",26400,"5",2886912,"1",
"980070",27500,"1",2886912,"1",
"980070",27500,"2",2886912,"1",
"980070",27500,"3",2886912,"1",
"980070",27500,"4",2886912,"1",
"980070",27500,"5",2886912,"1",
"900000",205487,"1",2886931,"1","T"
"900000",205487,"2",2886931,"1","T"
"900000",205487,"3",2886931,"1","T"
"900000",205487,"4",2886931,"1","T"
"900000",205487,"5",2886931,"1","T"
"900030",9300,"1",2886931,"1",
"900030",9300,"2",2886931,"1",
"900030",9300,"3",2886931,"1",
"900030",9300,"4",2886931,"1",
"900030",9300,"5",2886931,"1",
"900180",5083,"1",2886931,"1",
"900180",9837,"2",2886931,"1",
"900180",8340,"3",2886931,"1",
"900180",5551,"4",2886931,"1",
"900180",5399,"5",2886931,"1",
"980000",221629,"1",2886931,"1","T"
"980000",221629,"2",2886931,"1","T"
"980000",221629,"3",2886931,"1","T"
"980000",221629,"4",2886931,"1","T"
"980000",221629,"5",2886931,"1","T"
"980070",221629,"1",2886931,"1","T"
"980070",221629,"2",2886931,"1","T"
"980070",221629,"3",2886931,"1","T"
"980070",221629,"4",2886931,"1","T"
"980070",221629,"5",2886931,"1","T"
"900000",205487,"1",2886932,"1","T"
"900000",205487,"2",2886932,"1","T"
"900000",205487,"3",2886932,"1","T"
"900000",205487,"4",2886932,"1","T"
"900000",205487,"5",2886932,"1","T"
"900030",9300,"1",2886932,"1",
"900030",9300,"2",2886932,"1",
"900030",9300,"3",2886932,"1",
"900030",9300,"4",2886932,"1",
"900030",9300,"5",2886932,"1",
"900180",5431,"1",2886932,"1",
"900180",6140,"2",2886932,"1",
"900180",7442,"3",2886932,"1",
"900180",9421,"4",2886932,"1",
"900180",7354,"5",2886932,"1",
"980000",221944,"1",2886932,"1","T"
"980000",221944,"2",2886932,"1","T"
"980000",221944,"3",2886932,"1","T"
"980000",221944,"4",2886932,"1","T"
"980000",221944,"5",2886932,"1","T"
"980070",221944,"1",2886932,"1","T"
"980070",221944,"2",2886932,"1","T"
"980070",221944,"3",2886932,"1","T"
"980070",221944,"4",2886932,"1","T"
"980070",221944,"5",2886932,"1","T"
"900000",48000,"1",2886952,"1",
"900000",48000,"2",2886952,"1",
"900000",48000,"3",2886952,"1",
"900000",48000,"4",2886952,"1",
"900000",48000,"5",2886952,"1",
"900030",13259,"1",2886952,"1",
"900030",13259,"2",2886952,"1",
"900030",13259,"3",2886952,"1",
"900030",13259,"4",2886952,"1",
"900030",13259,"5",2886952,"1",
"980000",61259,"1",2886952,"1",
"980000",61259,"2",2886952,"1",
"980000",61259,"3",2886952,"1",
"980000",61259,"4",2886952,"1",
"980000",61259,"5",2886952,"1",
"980070",61259,"1",2886952,"1",
"980070",61259,"2",2886952,"1",
"980070",61259,"3",2886952,"1",
"980070",61259,"4",2886952,"1",
"980070",61259,"5",2886952,"1",
"900000",40000,"1",2886971,"1",
"900000",40000,"2",2886971,"1",
"900000",40000,"3",2886971,"1",
"900000",40000,"4",2886971,"1",
"900000",40000,"5",2886971,"1",
"980000",40000,"1",2886971,"1",
"980000",40000,"2",2886971,"1",
"980000",40000,"3",2886971,"1",
"980000",40000,"4",2886971,"1",
"980000",40000,"5",2886971,"1",
"980070",40000,"1",2886971,"1",
"980070",40000,"2",2886971,"1",
"980070",40000,"3",2886971,"1",
"980070",40000,"4",2886971,"1",
"980070",40000,"5",2886971,"1",
"900000",40000,"1",2886972,"1",
"900000",40000,"2",2886972,"1",
"900000",40000,"3",2886972,"1",
"900000",40000,"4",2886972,"1",
"900000",40000,"5",2886972,"1",
"980000",40000,"1",2886972,"1",
"980000",40000,"2",2886972,"1",
"980000",40000,"3",2886972,"1",
"980000",40000,"4",2886972,"1",
"980000",40000,"5",2886972,"1",
"980070",40000,"1",2886972,"1",
"980070",40000,"2",2886972,"1",
"980070",40000,"3",2886972,"1",
"980070",40000,"4",2886972,"1",
"980070",40000,"5",2886972,"1",
"900190",25000,"1",2886991,"1",
"900190",25000,"2",2886991,"1",
"900190",25000,"3",2886991,"1",
"900190",25000,"4",2886991,"1",
"900190",25000,"5",2886991,"1",
"980000",25000,"1",2886991,"1",
"980000",25000,"2",2886991,"1",
"980000",25000,"3",2886991,"1",
"980000",25000,"4",2886991,"1",
"980000",25000,"5",2886991,"1",
"980070",25000,"1",2886991,"1",
"980070",25000,"2",2886991,"1",
"980070",25000,"3",2886991,"1",
"980070",25000,"4",2886991,"1",
"980070",25000,"5",2886991,"1",
"900190",25000,"1",2886992,"1",
"900190",25000,"2",2886992,"1",
"900190",25000,"3",2886992,"1",
"900190",25000,"4",2886992,"1",
"900190",25000,"5",2886992,"1",
"980000",25000,"1",2886992,"1",
"980000",25000,"2",2886992,"1",
"980000",25000,"3",2886992,"1",
"980000",25000,"4",2886992,"1",
"980000",25000,"5",2886992,"1",
"980070",25000,"1",2886992,"1",
"980070",25000,"2",2886992,"1",
"980070",25000,"3",2886992,"1",
"980070",25000,"4",2886992,"1",
"980070",25000,"5",2886992,"1",
"800940",2021,"1",2887001,"1",
"800940",3351,"2",2887001,"1",
"800940",4364,"3",2887001,"1",
"800940",2359,"4",2887001,"1",
"800940",1129,"5",2887001,"1",
"900000",6000,"1",2887001,"1",
"900000",6000,"2",2887001,"1",
"900000",6000,"3",2887001,"1",
"900000",6000,"4",2887001,"1",
"900000",6000,"5",2887001,"1",
"900160",10211,"1",2887001,"1",
"900160",18899,"2",2887001,"1",
"900160",25523,"3",2887001,"1",
"900160",12416,"4",2887001,"1",
"900160",4377,"5",2887001,"1",
"980000",16211,"1",2887001,"1",
"980000",24899,"2",2887001,"1",
"980000",31523,"3",2887001,"1",
"980000",18416,"4",2887001,"1",
"980000",10377,"5",2887001,"1",
"980070",16211,"1",2887001,"1",
"980070",24899,"2",2887001,"1",
"980070",31523,"3",2887001,"1",
"980070",18416,"4",2887001,"1",
"980070",10377,"5",2887001,"1",
"800940",3677,"1",2887002,"1",
"800940",1922,"2",2887002,"1",
"800940",2240,"3",2887002,"1",
"800940",2138,"4",2887002,"1",
"800940",3626,"5",2887002,"1",
"900000",6000,"1",2887002,"1",
"900000",6000,"2",2887002,"1",
"900000",6000,"3",2887002,"1",
"900000",6000,"4",2887002,"1",
"900000",6000,"5",2887002,"1",
"900160",21034,"1",2887002,"1",
"900160",9561,"2",2887002,"1",
"900160",11638,"3",2887002,"1",
"900160",10975,"4",2887002,"1",
"900160",20702,"5",2887002,"1",
"980000",27034,"1",2887002,"1",
"980000",15561,"2",2887002,"1",
"980000",17638,"3",2887002,"1",
"980000",16975,"4",2887002,"1",
"980000",26702,"5",2887002,"1",
"980070",27034,"1",2887002,"1",
"980070",15561,"2",2887002,"1",
"980070",17638,"3",2887002,"1",
"980070",16975,"4",2887002,"1",
"980070",26702,"5",2887002,"1",
"900140",6669,"1",2887021,"1",
"900140",380,"2",2887021,"1",
"900140",13158,"3",2887021,"1",
"900140",10563,"4",2887021,"1",
"900140",3553,"5",2887021,"1",
"980000",6669,"1",2887021,"1",
"980000",380,"2",2887021,"1",
"980000",13158,"3",2887021,"1",
"980000",10563,"4",2887021,"1",
"980000",3553,"5",2887021,"1",
"980070",6669,"1",2887021,"1",
"980070",380,"2",2887021,"1",
"980070",13158,"3",2887021,"1",
"980070",10563,"4",2887021,"1",
"980070",3553,"5",2887021,"1",
"900140",15548,"1",2887022,"1",
"900140",194,"2",2887022,"1",
"900140",2749,"3",2887022,"1",
"900140",13384,"4",2887022,"1",
"900140",1352,"5",2887022,"1",
"980000",15548,"1",2887022,"1",
"980000",194,"2",2887022,"1",
"980000",2749,"3",2887022,"1",
"980000",13384,"4",2887022,"1",
"980000",1352,"5",2887022,"1",
"980070",15548,"1",2887022,"1",
"980070",194,"2",2887022,"1",
"980070",2749,"3",2887022,"1",
"980070",13384,"4",2887022,"1",
"980070",1352,"5",2887022,"1",
"900030",12118,"1",2887031,"1",
"900030",12118,"2",2887031,"1",
"900030",12118,"3",2887031,"1",
"900030",12118,"4",2887031,"1",
"900030",12118,"5",2887031,"1",
"980000",12118,"1",2887031,"1",
"980000",12118,"2",2887031,"1",
"980000",12118,"3",2887031,"1",
"980000",12118,"4",2887031,"1",
"980000",12118,"5",2887031,"1",
"980070",12118,"1",2887031,"1",
"980070",12118,"2",2887031,"1",
"980070",12118,"3",2887031,"1",
"980070",12118,"4",2887031,"1",
"980070",12118,"5",2887031,"1",
"900030",12118,"1",2887032,"1",
"900030",12118,"2",2887032,"1",
"900030",12118,"3",2887032,"1",
"900030",12118,"4",2887032,"1",
"900030",12118,"5",2887032,"1",
"980000",12118,"1",2887032,"1",
"980000",12118,"2",2887032,"1",
"980000",12118,"3",2887032,"1",
"980000",12118,"4",2887032,"1",
"980000",12118,"5",2887032,"1",
"980070",12118,"1",2887032,"1",
"980070",12118,"2",2887032,"1",
"980070",12118,"3",2887032,"1",
"980070",12118,"4",2887032,"1",
"980070",12118,"5",2887032,"1",
"900090",890,"1",2887041,"1",
"900090",890,"2",2887041,"1",
"900090",890,"3",2887041,"1",
"900090",890,"4",2887041,"1",
"900090",890,"5",2887041,"1",
"980000",890,"1",2887041,"1",
"980000",890,"2",2887041,"1",
"980000",890,"3",2887041,"1",
"980000",890,"4",2887041,"1",
"980000",890,"5",2887041,"1",
"980070",890,"1",2887041,"1",
"980070",890,"2",2887041,"1",
"980070",890,"3",2887041,"1",
"980070",890,"4",2887041,"1",
"980070",890,"5",2887041,"1",
"900090",890,"1",2887042,"1",
"900090",890,"2",2887042,"1",
"900090",890,"3",2887042,"1",
"900090",890,"4",2887042,"1",
"900090",890,"5",2887042,"1",
"980000",890,"1",2887042,"1",
"980000",890,"2",2887042,"1",
"980000",890,"3",2887042,"1",
"980000",890,"4",2887042,"1",
"980000",890,"5",2887042,"1",
"980070",890,"1",2887042,"1",
"980070",890,"2",2887042,"1",
"980070",890,"3",2887042,"1",
"980070",890,"4",2887042,"1",
"980070",890,"5",2887042,"1",
"900000",10011,"1",2887051,"1",
"900000",9400,"2",2887051,"1",
"900000",11946,"3",2887051,"1",
"900000",20087,"4",2887051,"1",
"900000",21173,"5",2887051,"1",
"900120",695,"1",2887051,"1",
"900120",695,"2",2887051,"1",
"900120",695,"3",2887051,"1",
"900120",695,"4",2887051,"1",
"900120",695,"5",2887051,"1",
"900150",820,"1",2887051,"1",
"900150",820,"2",2887051,"1",
"900150",820,"3",2887051,"1",
"900150",820,"4",2887051,"1",
"900150",820,"5",2887051,"1",
"980000",11526,"1",2887051,"1",
"980000",10915,"2",2887051,"1",
"980000",13461,"3",2887051,"1",
"980000",21602,"4",2887051,"1",
"980000",22688,"5",2887051,"1",
"980070",11526,"1",2887051,"1",
"980070",10915,"2",2887051,"1",
"980070",13461,"3",2887051,"1",
"980070",21602,"4",2887051,"1",
"980070",22688,"5",2887051,"1",
"900140",5000,"1",2887061,"1",
"900140",5000,"2",2887061,"1",
"900140",5000,"3",2887061,"1",
"900140",5000,"4",2887061,"1",
"900140",5000,"5",2887061,"1",
"980000",5000,"1",2887061,"1",
"980000",5000,"2",2887061,"1",
"980000",5000,"3",2887061,"1",
"980000",5000,"4",2887061,"1",
"980000",5000,"5",2887061,"1",
"980070",5000,"1",2887061,"1",
"980070",5000,"2",2887061,"1",
"980070",5000,"3",2887061,"1",
"980070",5000,"4",2887061,"1",
"980070",5000,"5",2887061,"1",
"900140",5000,"1",2887062,"1",
"900140",5000,"2",2887062,"1",
"900140",5000,"3",2887062,"1",
"900140",5000,"4",2887062,"1",
"900140",5000,"5",2887062,"1",
"980000",5000,"1",2887062,"1",
"980000",5000,"2",2887062,"1",
"980000",5000,"3",2887062,"1",
"980000",5000,"4",2887062,"1",
"980000",5000,"5",2887062,"1",
"980070",5000,"1",2887062,"1",
"980070",5000,"2",2887062,"1",
"980070",5000,"3",2887062,"1",
"980070",5000,"4",2887062,"1",
"980070",5000,"5",2887062,"1",
"900000",94000,"1",2887081,"1",
"900000",94000,"2",2887081,"1",
"900000",94000,"3",2887081,"1",
"900000",94000,"4",2887081,"1",
"900000",94000,"5",2887081,"1",
"980000",94000,"1",2887081,"1",
"980000",94000,"2",2887081,"1",
"980000",94000,"3",2887081,"1",
"980000",94000,"4",2887081,"1",
"980000",94000,"5",2887081,"1",
"980070",97500,"1",2887081,"1",
"980070",97500,"2",2887081,"1",
"980070",97500,"3",2887081,"1",
"980070",97500,"4",2887081,"1",
"980070",97500,"5",2887081,"1",
"900000",94000,"1",2887082,"1",
"900000",94000,"2",2887082,"1",
"900000",94000,"3",2887082,"1",
"900000",94000,"4",2887082,"1",
"900000",94000,"5",2887082,"1",
"980000",94000,"1",2887082,"1",
"980000",94000,"2",2887082,"1",
"980000",94000,"3",2887082,"1",
"980000",94000,"4",2887082,"1",
"980000",94000,"5",2887082,"1",
"980070",97500,"1",2887082,"1",
"980070",97500,"2",2887082,"1",
"980070",97500,"3",2887082,"1",
"980070",97500,"4",2887082,"1",
"980070",97500,"5",2887082,"1",
"900000",40000,"1",2887092,"1",
"900000",40000,"2",2887092,"1",
"900000",40000,"3",2887092,"1",
"900000",40000,"4",2887092,"1",
"900000",40000,"5",2887092,"1",
"980000",40000,"1",2887092,"1",
"980000",40000,"2",2887092,"1",
"980000",40000,"3",2887092,"1",
"980000",40000,"4",2887092,"1",
"980000",40000,"5",2887092,"1",
"980070",40000,"1",2887092,"1",
"980070",40000,"2",2887092,"1",
"980070",40000,"3",2887092,"1",
"980070",40000,"4",2887092,"1",
"980070",40000,"5",2887092,"1",
"900000",81358,"1",2887191,"1",
"900000",105881,"2",2887191,"1",
"900000",84940,"3",2887191,"1",
"900000",168677,"4",2887191,"1",
"900000",178850,"5",2887191,"1",
"900180",38657,"1",2887191,"1","T"
"900180",38657,"2",2887191,"1","T"
"900180",38657,"3",2887191,"1","T"
"900180",38657,"4",2887191,"1","T"
"900180",38657,"5",2887191,"1","T"
"980000",162598,"1",2887191,"1","T"
"980000",162598,"2",2887191,"1","T"
"980000",162598,"3",2887191,"1","T"
"980000",162598,"4",2887191,"1","T"
"980000",162598,"5",2887191,"1","T"
"980070",162598,"1",2887191,"1","T"
"980070",162598,"2",2887191,"1","T"
"980070",162598,"3",2887191,"1","T"
"980070",162598,"4",2887191,"1","T"
"980070",162598,"5",2887191,"1","T"
"900000",270088,"1",2887192,"1","T"
"900000",270088,"2",2887192,"1","T"
"900000",270088,"3",2887192,"1","T"
"900000",270088,"4",2887192,"1","T"
"900000",270088,"5",2887192,"1","T"
"900180",38657,"1",2887192,"1","T"
"900180",38657,"2",2887192,"1","T"
"900180",38657,"3",2887192,"1","T"
"900180",38657,"4",2887192,"1","T"
"900180",38657,"5",2887192,"1","T"
"980000",308745,"1",2887192,"1","T"
"980000",308745,"2",2887192,"1","T"
"980000",308745,"3",2887192,"1","T"
"980000",308745,"4",2887192,"1","T"
"980000",308745,"5",2887192,"1","T"
"980070",308745,"1",2887192,"1","T"
"980070",308745,"2",2887192,"1","T"
"980070",308745,"3",2887192,"1","T"
"980070",308745,"4",2887192,"1","T"
"980070",308745,"5",2887192,"1","T"
"900000",56000,"1",2887201,"1",
"900000",56000,"2",2887201,"1",
"900000",56000,"3",2887201,"1",
"900000",56000,"4",2887201,"1",
"900000",56000,"5",2887201,"1",
"980000",56000,"1",2887201,"1",
"980000",56000,"2",2887201,"1",
"980000",56000,"3",2887201,"1",
"980000",56000,"4",2887201,"1",
"980000",56000,"5",2887201,"1",
"980070",58100,"1",2887201,"1",
"980070",58100,"2",2887201,"1",
"980070",58100,"3",2887201,"1",
"980070",58100,"4",2887201,"1",
"980070",58100,"5",2887201,"1",
"900000",56000,"1",2887202,"1",
"900000",56000,"2",2887202,"1",
"900000",56000,"3",2887202,"1",
"900000",56000,"4",2887202,"1",
"900000",56000,"5",2887202,"1",
"980000",56000,"1",2887202,"1",
"980000",56000,"2",2887202,"1",
"980000",56000,"3",2887202,"1",
"980000",56000,"4",2887202,"1",
"980000",56000,"5",2887202,"1",
"980070",58100,"1",2887202,"1",
"980070",58100,"2",2887202,"1",
"980070",58100,"3",2887202,"1",
"980070",58100,"4",2887202,"1",
"980070",58100,"5",2887202,"1",
"900000",35000,"1",2887211,"1",
"900000",35000,"2",2887211,"1",
"900000",35000,"3",2887211,"1",
"900000",35000,"4",2887211,"1",
"900000",35000,"5",2887211,"1",
"980000",35000,"1",2887211,"1",
"980000",35000,"2",2887211,"1",
"980000",35000,"3",2887211,"1",
"980000",35000,"4",2887211,"1",
"980000",35000,"5",2887211,"1",
"980070",36393,"1",2887211,"1",
"980070",36393,"2",2887211,"1",
"980070",36393,"3",2887211,"1",
"980070",36393,"4",2887211,"1",
"980070",36393,"5",2887211,"1",
"900000",35000,"1",2887212,"1",
"900000",35000,"2",2887212,"1",
"900000",35000,"3",2887212,"1",
"900000",35000,"4",2887212,"1",
"900000",35000,"5",2887212,"1",
"980000",35000,"1",2887212,"1",
"980000",35000,"2",2887212,"1",
"980000",35000,"3",2887212,"1",
"980000",35000,"4",2887212,"1",
"980000",35000,"5",2887212,"1",
"980070",36393,"1",2887212,"1",
"980070",36393,"2",2887212,"1",
"980070",36393,"3",2887212,"1",
"980070",36393,"4",2887212,"1",
"980070",36393,"5",2887212,"1",
"900000",25000,"1",2887221,"1",
"900000",25000,"2",2887221,"1",
"900000",25000,"3",2887221,"1",
"900000",25000,"4",2887221,"1",
"900000",25000,"5",2887221,"1",
"980000",25000,"1",2887221,"1",
"980000",25000,"2",2887221,"1",
"980000",25000,"3",2887221,"1",
"980000",25000,"4",2887221,"1",
"980000",25000,"5",2887221,"1",
"980070",25329,"1",2887221,"1",
"980070",25329,"2",2887221,"1",
"980070",25329,"3",2887221,"1",
"980070",25329,"4",2887221,"1",
"980070",25329,"5",2887221,"1",
"900000",25000,"1",2887222,"1",
"900000",25000,"2",2887222,"1",
"900000",25000,"3",2887222,"1",
"900000",25000,"4",2887222,"1",
"900000",25000,"5",2887222,"1",
"980000",25000,"1",2887222,"1",
"980000",25000,"2",2887222,"1",
"980000",25000,"3",2887222,"1",
"980000",25000,"4",2887222,"1",
"980000",25000,"5",2887222,"1",
"980070",25329,"1",2887222,"1",
"980070",25329,"2",2887222,"1",
"980070",25329,"3",2887222,"1",
"980070",25329,"4",2887222,"1",
"980070",25329,"5",2887222,"1",
"900000",106000,"1",2887301,"1",
"900000",106000,"2",2887301,"1",
"900000",106000,"3",2887301,"1",
"900000",106000,"4",2887301,"1",
"900000",106000,"5",2887301,"1",
"900160",15000,"1",2887301,"1",
"900160",15000,"2",2887301,"1",
"900160",15000,"3",2887301,"1",
"900160",15000,"4",2887301,"1",
"900160",15000,"5",2887301,"1",
"980000",121000,"1",2887301,"1",
"980000",121000,"2",2887301,"1",
"980000",121000,"3",2887301,"1",
"980000",121000,"4",2887301,"1",
"980000",121000,"5",2887301,"1",
"980070",121501,"1",2887301,"1",
"980070",121501,"2",2887301,"1",
"980070",121501,"3",2887301,"1",
"980070",121501,"4",2887301,"1",
"980070",121501,"5",2887301,"1",
"900000",106000,"1",2887302,"1",
"900000",106000,"2",2887302,"1",
"900000",106000,"3",2887302,"1",
"900000",106000,"4",2887302,"1",
"900000",106000,"5",2887302,"1",
"900160",15000,"1",2887302,"1",
"900160",15000,"2",2887302,"1",
"900160",15000,"3",2887302,"1",
"900160",15000,"4",2887302,"1",
"900160",15000,"5",2887302,"1",
"980000",121000,"1",2887302,"1",
"980000",121000,"2",2887302,"1",
"980000",121000,"3",2887302,"1",
"980000",121000,"4",2887302,"1",
"980000",121000,"5",2887302,"1",
"980070",121501,"1",2887302,"1",
"980070",121501,"2",2887302,"1",
"980070",121501,"3",2887302,"1",
"980070",121501,"4",2887302,"1",
"980070",121501,"5",2887302,"1",
"900000",46259,"1",2887321,"1",
"900000",60483,"2",2887321,"1",
"900000",27524,"3",2887321,"1",
"900000",75000,"4",2887321,"1",
"900000",41941,"5",2887321,"1",
"900160",76980,"1",2887321,"1",
"900160",12312,"2",2887321,"1",
"900160",35690,"3",2887321,"1",
"900160",38743,"4",2887321,"1",
"900160",24228,"5",2887321,"1",
"980000",123239,"1",2887321,"1",
"980000",72795,"2",2887321,"1",
"980000",63214,"3",2887321,"1",
"980000",113743,"4",2887321,"1",
"980000",66169,"5",2887321,"1",
"980070",123239,"1",2887321,"1",
"980070",72795,"2",2887321,"1",
"980070",63214,"3",2887321,"1",
"980070",113743,"4",2887321,"1",
"980070",66169,"5",2887321,"1",
"900000",8725,"1",2887322,"1",
"900000",19523,"2",2887322,"1",
"900000",41939,"3",2887322,"1",
"900000",39233,"4",2887322,"1",
"900000",55780,"5",2887322,"1",
"900160",15418,"1",2887322,"1",
"900160",62700,"2",2887322,"1",
"900160",13216,"3",2887322,"1",
"900160",40792,"4",2887322,"1",
"900160",12424,"5",2887322,"1",
"980000",24143,"1",2887322,"1",
"980000",82223,"2",2887322,"1",
"980000",55155,"3",2887322,"1",
"980000",80025,"4",2887322,"1",
"980000",68204,"5",2887322,"1",
"980070",24143,"1",2887322,"1",
"980070",82223,"2",2887322,"1",
"980070",55155,"3",2887322,"1",
"980070",80025,"4",2887322,"1",
"980070",68204,"5",2887322,"1",
"900030",30118,"1",2887351,"1",
"900030",30118,"2",2887351,"1",
"900030",30118,"3",2887351,"1",
"900030",30118,"4",2887351,"1",
"900030",30118,"5",2887351,"1",
"980000",30118,"1",2887351,"1",
"980000",30118,"2",2887351,"1",
"980000",30118,"3",2887351,"1",
"980000",30118,"4",2887351,"1",
"980000",30118,"5",2887351,"1",
"980070",30118,"1",2887351,"1",
"980070",30118,"2",2887351,"1",
"980070",30118,"3",2887351,"1",
"980070",30118,"4",2887351,"1",
"980070",30118,"5",2887351,"1",
"900030",30118,"1",2887352,"1",
"900030",30118,"2",2887352,"1",
"900030",30118,"3",2887352,"1",
"900030",30118,"4",2887352,"1",
"900030",30118,"5",2887352,"1",
"980000",30118,"1",2887352,"1",
"980000",30118,"2",2887352,"1",
"980000",30118,"3",2887352,"1",
"980000",30118,"4",2887352,"1",
"980000",30118,"5",2887352,"1",
"980070",30118,"1",2887352,"1",
"980070",30118,"2",2887352,"1",
"980070",30118,"3",2887352,"1",
"980070",30118,"4",2887352,"1",
"980070",30118,"5",2887352,"1",
"900000",59730,"1",2887361,"1",
"900000",64304,"2",2887361,"1",
"900000",54545,"3",2887361,"1",
"900000",58183,"4",2887361,"1",
"900000",51128,"5",2887361,"1",
"980000",59730,"1",2887361,"1",
"980000",64304,"2",2887361,"1",
"980000",54545,"3",2887361,"1",
"980000",58183,"4",2887361,"1",
"980000",51128,"5",2887361,"1",
"980070",63730,"1",2887361,"1",
"980070",68304,"2",2887361,"1",
"980070",58545,"3",2887361,"1",
"980070",62183,"4",2887361,"1",
"980070",55128,"5",2887361,"1",
"900000",52455,"1",2887362,"1",
"900000",62124,"2",2887362,"1",
"900000",52827,"3",2887362,"1",
"900000",62936,"4",2887362,"1",
"900000",65849,"5",2887362,"1",
"980000",52455,"1",2887362,"1",
"980000",62124,"2",2887362,"1",
"980000",52827,"3",2887362,"1",
"980000",62936,"4",2887362,"1",
"980000",65849,"5",2887362,"1",
"980070",56455,"1",2887362,"1",
"980070",66124,"2",2887362,"1",
"980070",56827,"3",2887362,"1",
"980070",66936,"4",2887362,"1",
"980070",69849,"5",2887362,"1",
"800940",13235,"1",2887381,"1",
"800940",13235,"2",2887381,"1",
"800940",13235,"3",2887381,"1",
"800940",13235,"4",2887381,"1",
"800940",13235,"5",2887381,"1",
"900000",85000,"1",2887381,"1",
"900000",85000,"2",2887381,"1",
"900000",85000,"3",2887381,"1",
"900000",85000,"4",2887381,"1",
"900000",85000,"5",2887381,"1",
"900030",13200,"1",2887381,"1",
"900030",13200,"2",2887381,"1",
"900030",13200,"3",2887381,"1",
"900030",13200,"4",2887381,"1",
"900030",13200,"5",2887381,"1",
"900160",44000,"1",2887381,"1",
"900160",44000,"2",2887381,"1",
"900160",44000,"3",2887381,"1",
"900160",44000,"4",2887381,"1",
"900160",44000,"5",2887381,"1",
"900180",260,"1",2887381,"1",
"900180",260,"2",2887381,"1",
"900180",260,"3",2887381,"1",
"900180",260,"4",2887381,"1",
"900180",260,"5",2887381,"1",
"950002",5833,"1",2887381,"1",
"950002",5833,"2",2887381,"1",
"950002",5833,"3",2887381,"1",
"950002",5833,"4",2887381,"1",
"950002",5833,"5",2887381,"1",
"950012",2333,"1",2887381,"1",
"950012",2333,"2",2887381,"1",
"950012",2333,"3",2887381,"1",
"950012",2333,"4",2887381,"1",
"950012",2333,"5",2887381,"1",
"980000",142460,"1",2887381,"1",
"980000",142460,"2",2887381,"1",
"980000",142460,"3",2887381,"1",
"980000",142460,"4",2887381,"1",
"980000",142460,"5",2887381,"1",
"980070",144294,"1",2887381,"1",
"980070",144294,"2",2887381,"1",
"980070",144294,"3",2887381,"1",
"980070",144294,"4",2887381,"1",
"980070",144294,"5",2887381,"1",
"800940",13235,"1",2887382,"1",
"800940",13235,"2",2887382,"1",
"800940",13235,"3",2887382,"1",
"800940",13235,"4",2887382,"1",
"800940",13235,"5",2887382,"1",
"900000",85000,"1",2887382,"1",
"900000",85000,"2",2887382,"1",
"900000",85000,"3",2887382,"1",
"900000",85000,"4",2887382,"1",
"900000",85000,"5",2887382,"1",
"900030",13200,"1",2887382,"1",
"900030",13200,"2",2887382,"1",
"900030",13200,"3",2887382,"1",
"900030",13200,"4",2887382,"1",
"900030",13200,"5",2887382,"1",
"900160",44000,"1",2887382,"1",
"900160",44000,"2",2887382,"1",
"900160",44000,"3",2887382,"1",
"900160",44000,"4",2887382,"1",
"900160",44000,"5",2887382,"1",
"900180",260,"1",2887382,"1",
"900180",260,"2",2887382,"1",
"900180",260,"3",2887382,"1",
"900180",260,"4",2887382,"1",
"900180",260,"5",2887382,"1",
"950002",5833,"1",2887382,"1",
"950002",5833,"2",2887382,"1",
"950002",5833,"3",2887382,"1",
"950002",5833,"4",2887382,"1",
"950002",5833,"5",2887382,"1",
"950012",2333,"1",2887382,"1",
"950012",2333,"2",2887382,"1",
"950012",2333,"3",2887382,"1",
"950012",2333,"4",2887382,"1",
"950012",2333,"5",2887382,"1",
"980000",142460,"1",2887382,"1",
"980000",142460,"2",2887382,"1",
"980000",142460,"3",2887382,"1",
"980000",142460,"4",2887382,"1",
"980000",142460,"5",2887382,"1",
"980070",144294,"1",2887382,"1",
"980070",144294,"2",2887382,"1",
"980070",144294,"3",2887382,"1",
"980070",144294,"4",2887382,"1",
"980070",144294,"5",2887382,"1",
"900030",18168,"1",2887411,"1",
"900030",31656,"2",2887411,"1",
"900030",19716,"3",2887411,"1",
"900030",13008,"4",2887411,"1",
"900030",25944,"5",2887411,"1",
"980000",18168,"1",2887411,"1",
"980000",31656,"2",2887411,"1",
"980000",19716,"3",2887411,"1",
"980000",13008,"4",2887411,"1",
"980000",25944,"5",2887411,"1",
"980070",18168,"1",2887411,"1",
"980070",31656,"2",2887411,"1",
"980070",19716,"3",2887411,"1",
"980070",13008,"4",2887411,"1",
"980070",25944,"5",2887411,"1",
"900000",43457,"1",2887421,"1",
"900000",43457,"2",2887421,"1",
"900000",43457,"3",2887421,"1",
"900000",43457,"4",2887421,"1",
"900000",43457,"5",2887421,"1",
"900160",1296,"1",2887421,"1",
"900160",3783,"2",2887421,"1",
"900160",558,"3",2887421,"1",
"900160",2951,"4",2887421,"1",
"900160",769,"5",2887421,"1",
"980000",44753,"1",2887421,"1",
"980000",47240,"2",2887421,"1",
"980000",44015,"3",2887421,"1",
"980000",46408,"4",2887421,"1",
"980000",44226,"5",2887421,"1",
"980070",44753,"1",2887421,"1",
"980070",47240,"2",2887421,"1",
"980070",44015,"3",2887421,"1",
"980070",46408,"4",2887421,"1",
"980070",44226,"5",2887421,"1",
"900000",43457,"1",2887422,"1",
"900000",43457,"2",2887422,"1",
"900000",43457,"3",2887422,"1",
"900000",43457,"4",2887422,"1",
"900000",43457,"5",2887422,"1",
"900160",960,"1",2887422,"1",
"900160",2310,"2",2887422,"1",
"900160",1493,"3",2887422,"1",
"900160",535,"4",2887422,"1",
"900160",92,"5",2887422,"1",
"980000",44417,"1",2887422,"1",
"980000",45767,"2",2887422,"1",
"980000",44950,"3",2887422,"1",
"980000",43992,"4",2887422,"1",
"980000",43549,"5",2887422,"1",
"980070",44417,"1",2887422,"1",
"980070",45767,"2",2887422,"1",
"980070",44950,"3",2887422,"1",
"980070",43992,"4",2887422,"1",
"980070",43549,"5",2887422,"1",
"900000",282993,"1",2887431,"1","T"
"900000",282993,"2",2887431,"1","T"
"900000",282993,"3",2887431,"1","T"
"900000",282993,"4",2887431,"1","T"
"900000",282993,"5",2887431,"1","T"
"980000",282993,"1",2887431,"1","T"
"980000",282993,"2",2887431,"1","T"
"980000",282993,"3",2887431,"1","T"
"980000",282993,"4",2887431,"1","T"
"980000",282993,"5",2887431,"1","T"
"980070",282993,"1",2887431,"1","T"
"980070",282993,"2",2887431,"1","T"
"980070",282993,"3",2887431,"1","T"
"980070",282993,"4",2887431,"1","T"
"980070",282993,"5",2887431,"1","T"
"900000",90103,"1",2887432,"1",
"900000",128732,"2",2887432,"1",
"900000",39246,"3",2887432,"1",
"900000",152264,"4",2887432,"1",
"900000",125168,"5",2887432,"1",
"980000",90103,"1",2887432,"1",
"980000",128732,"2",2887432,"1",
"980000",39246,"3",2887432,"1",
"980000",152264,"4",2887432,"1",
"980000",125168,"5",2887432,"1",
"980070",90103,"1",2887432,"1",
"980070",128732,"2",2887432,"1",
"980070",39246,"3",2887432,"1",
"980070",152264,"4",2887432,"1",
"980070",125168,"5",2887432,"1",
"900030",7259,"1",2887441,"1",
"900030",7259,"2",2887441,"1",
"900030",7259,"3",2887441,"1",
"900030",7259,"4",2887441,"1",
"900030",7259,"5",2887441,"1",
"900090",250,"1",2887441,"1",
"900090",250,"2",2887441,"1",
"900090",250,"3",2887441,"1",
"900090",250,"4",2887441,"1",
"900090",250,"5",2887441,"1",
"900150",900,"1",2887441,"1",
"900150",900,"2",2887441,"1",
"900150",900,"3",2887441,"1",
"900150",900,"4",2887441,"1",
"900150",900,"5",2887441,"1",
"980000",8409,"1",2887441,"1",
"980000",8409,"2",2887441,"1",
"980000",8409,"3",2887441,"1",
"980000",8409,"4",2887441,"1",
"980000",8409,"5",2887441,"1",
"980070",8409,"1",2887441,"1",
"980070",8409,"2",2887441,"1",
"980070",8409,"3",2887441,"1",
"980070",8409,"4",2887441,"1",
"980070",8409,"5",2887441,"1",
"900030",7259,"1",2887442,"1",
"900030",7259,"2",2887442,"1",
"900030",7259,"3",2887442,"1",
"900030",7259,"4",2887442,"1",
"900030",7259,"5",2887442,"1",
"900090",250,"1",2887442,"1",
"900090",250,"2",2887442,"1",
"900090",250,"3",2887442,"1",
"900090",250,"4",2887442,"1",
"900090",250,"5",2887442,"1",
"900150",900,"1",2887442,"1",
"900150",900,"2",2887442,"1",
"900150",900,"3",2887442,"1",
"900150",900,"4",2887442,"1",
"900150",900,"5",2887442,"1",
"980000",8409,"1",2887442,"1",
"980000",8409,"2",2887442,"1",
"980000",8409,"3",2887442,"1",
"980000",8409,"4",2887442,"1",
"980000",8409,"5",2887442,"1",
"980070",8409,"1",2887442,"1",
"980070",8409,"2",2887442,"1",
"980070",8409,"3",2887442,"1",
"980070",8409,"4",2887442,"1",
"980070",8409,"5",2887442,"1",
"900000",43969,"1",2887451,"1",
"900000",80292,"2",2887451,"1",
"900000",29388,"3",2887451,"1",
"900000",56714,"4",2887451,"1",
"900000",45791,"5",2887451,"1",
"900180",117,"1",2887451,"1",
"900180",29,"2",2887451,"1",
"900180",70,"3",2887451,"1",
"900180",40,"4",2887451,"1",
"900180",56,"5",2887451,"1",
"980000",44086,"1",2887451,"1",
"980000",80321,"2",2887451,"1",
"980000",29458,"3",2887451,"1",
"980000",56754,"4",2887451,"1",
"980000",45847,"5",2887451,"1",
"980070",44086,"1",2887451,"1",
"980070",80321,"2",2887451,"1",
"980070",29458,"3",2887451,"1",
"980070",56754,"4",2887451,"1",
"980070",45847,"5",2887451,"1",
"900000",95816,"1",2887452,"1",
"900000",75575,"2",2887452,"1",
"900000",88243,"3",2887452,"1",
"900000",83353,"4",2887452,"1",
"900000",95904,"5",2887452,"1",
"900180",58,"1",2887452,"1",
"900180",35,"2",2887452,"1",
"900180",98,"3",2887452,"1",
"900180",58,"4",2887452,"1",
"900180",90,"5",2887452,"1",
"980000",95874,"1",2887452,"1",
"980000",75610,"2",2887452,"1",
"980000",88341,"3",2887452,"1",
"980000",83411,"4",2887452,"1",
"980000",95994,"5",2887452,"1",
"980070",95874,"1",2887452,"1",
"980070",75610,"2",2887452,"1",
"980070",88341,"3",2887452,"1",
"980070",83411,"4",2887452,"1",
"980070",95994,"5",2887452,"1",
"900000",90000,"1",2887461,"1",
"900000",90000,"2",2887461,"1",
"900000",90000,"3",2887461,"1",
"900000",90000,"4",2887461,"1",
"900000",90000,"5",2887461,"1",
"900180",800,"1",2887461,"1",
"900180",800,"2",2887461,"1",
"900180",800,"3",2887461,"1",
"900180",800,"4",2887461,"1",
"900180",800,"5",2887461,"1",
"950002",16851,"1",2887461,"1",
"950002",16851,"2",2887461,"1",
"950002",16851,"3",2887461,"1",
"950002",16851,"4",2887461,"1",
"950002",16851,"5",2887461,"1",
"950012",6539,"1",2887461,"1",
"950012",6539,"2",2887461,"1",
"950012",6539,"3",2887461,"1",
"950012",6539,"4",2887461,"1",
"950012",6539,"5",2887461,"1",
"980000",90800,"1",2887461,"1",
"980000",90800,"2",2887461,"1",
"980000",90800,"3",2887461,"1",
"980000",90800,"4",2887461,"1",
"980000",90800,"5",2887461,"1",
"980070",72010,"1",2887461,"1",
"980070",72010,"2",2887461,"1",
"980070",72010,"3",2887461,"1",
"980070",72010,"4",2887461,"1",
"980070",72010,"5",2887461,"1",
"900000",90000,"1",2887462,"1",
"900000",90000,"2",2887462,"1",
"900000",90000,"3",2887462,"1",
"900000",90000,"4",2887462,"1",
"900000",90000,"5",2887462,"1",
"900180",800,"1",2887462,"1",
"900180",800,"2",2887462,"1",
"900180",800,"3",2887462,"1",
"900180",800,"4",2887462,"1",
"900180",800,"5",2887462,"1",
"950002",16851,"1",2887462,"1",
"950002",16851,"2",2887462,"1",
"950002",16851,"3",2887462,"1",
"950002",16851,"4",2887462,"1",
"950002",16851,"5",2887462,"1",
"950012",6539,"1",2887462,"1",
"950012",6539,"2",2887462,"1",
"950012",6539,"3",2887462,"1",
"950012",6539,"4",2887462,"1",
"950012",6539,"5",2887462,"1",
"980000",90800,"1",2887462,"1",
"980000",90800,"2",2887462,"1",
"980000",90800,"3",2887462,"1",
"980000",90800,"4",2887462,"1",
"980000",90800,"5",2887462,"1",
"980070",72010,"1",2887462,"1",
"980070",72010,"2",2887462,"1",
"980070",72010,"3",2887462,"1",
"980070",72010,"4",2887462,"1",
"980070",72010,"5",2887462,"1",
"900030",22859,"1",2887471,"1",
"900030",22859,"2",2887471,"1",
"900030",22859,"3",2887471,"1",
"900030",22859,"4",2887471,"1",
"900030",22859,"5",2887471,"1",
"980000",22859,"1",2887471,"1",
"980000",22859,"2",2887471,"1",
"980000",22859,"3",2887471,"1",
"980000",22859,"4",2887471,"1",
"980000",22859,"5",2887471,"1",
"980070",23809,"1",2887471,"1",
"980070",23809,"2",2887471,"1",
"980070",23809,"3",2887471,"1",
"980070",23809,"4",2887471,"1",
"980070",23809,"5",2887471,"1",
"900030",22859,"1",2887472,"1",
"900030",22859,"2",2887472,"1",
"900030",22859,"3",2887472,"1",
"900030",22859,"4",2887472,"1",
"900030",22859,"5",2887472,"1",
"980000",22859,"1",2887472,"1",
"980000",22859,"2",2887472,"1",
"980000",22859,"3",2887472,"1",
"980000",22859,"4",2887472,"1",
"980000",22859,"5",2887472,"1",
"980070",23809,"1",2887472,"1",
"980070",23809,"2",2887472,"1",
"980070",23809,"3",2887472,"1",
"980070",23809,"4",2887472,"1",
"980070",23809,"5",2887472,"1",
"900030",13200,"1",2887481,"1",
"900030",12504,"2",2887481,"1",
"900030",10080,"3",2887481,"1",
"900030",12636,"4",2887481,"1",
"900030",14988,"5",2887481,"1",
"980000",13200,"1",2887481,"1",
"980000",12504,"2",2887481,"1",
"980000",10080,"3",2887481,"1",
"980000",12636,"4",2887481,"1",
"980000",14988,"5",2887481,"1",
"980070",13200,"1",2887481,"1",
"980070",12504,"2",2887481,"1",
"980070",10080,"3",2887481,"1",
"980070",12636,"4",2887481,"1",
"980070",14988,"5",2887481,"1",
"900030",13080,"1",2887482,"1",
"900030",19200,"2",2887482,"1",
"900030",14340,"3",2887482,"1",
"900030",16692,"4",2887482,"1",
"900030",18960,"5",2887482,"1",
"900170",1542,"1",2887482,"1",
"900170",692,"2",2887482,"1",
"900170",2083,"3",2887482,"1",
"900170",21069,"4",2887482,"1",
"900170",1167,"5",2887482,"1",
"980000",14622,"1",2887482,"1",
"980000",19892,"2",2887482,"1",
"980000",16423,"3",2887482,"1",
"980000",37761,"4",2887482,"1",
"980000",20127,"5",2887482,"1",
"980070",14622,"1",2887482,"1",
"980070",19892,"2",2887482,"1",
"980070",16423,"3",2887482,"1",
"980070",37761,"4",2887482,"1",
"980070",20127,"5",2887482,"1",
"800940",2173,"1",2887491,"1",
"800940",2173,"2",2887491,"1",
"800940",2173,"3",2887491,"1",
"800940",2173,"4",2887491,"1",
"800940",2173,"5",2887491,"1",
"900000",59000,"1",2887491,"1",
"900000",59000,"2",2887491,"1",
"900000",59000,"3",2887491,"1",
"900000",59000,"4",2887491,"1",
"900000",59000,"5",2887491,"1",
"900160",1200,"1",2887491,"1",
"900160",1200,"2",2887491,"1",
"900160",1200,"3",2887491,"1",
"900160",1200,"4",2887491,"1",
"900160",1200,"5",2887491,"1",
"980000",60200,"1",2887491,"1",
"980000",60200,"2",2887491,"1",
"980000",60200,"3",2887491,"1",
"980000",60200,"4",2887491,"1",
"980000",60200,"5",2887491,"1",
"980070",64800,"1",2887491,"1",
"980070",64800,"2",2887491,"1",
"980070",64800,"3",2887491,"1",
"980070",64800,"4",2887491,"1",
"980070",64800,"5",2887491,"1",
"800940",2173,"1",2887492,"1",
"800940",2173,"2",2887492,"1",
"800940",2173,"3",2887492,"1",
"800940",2173,"4",2887492,"1",
"800940",2173,"5",2887492,"1",
"900000",59000,"1",2887492,"1",
"900000",59000,"2",2887492,"1",
"900000",59000,"3",2887492,"1",
"900000",59000,"4",2887492,"1",
"900000",59000,"5",2887492,"1",
"900160",1200,"1",2887492,"1",
"900160",1200,"2",2887492,"1",
"900160",1200,"3",2887492,"1",
"900160",1200,"4",2887492,"1",
"900160",1200,"5",2887492,"1",
"980000",60200,"1",2887492,"1",
"980000",60200,"2",2887492,"1",
"980000",60200,"3",2887492,"1",
"980000",60200,"4",2887492,"1",
"980000",60200,"5",2887492,"1",
"980070",64800,"1",2887492,"1",
"980070",64800,"2",2887492,"1",
"980070",64800,"3",2887492,"1",
"980070",64800,"4",2887492,"1",
"980070",64800,"5",2887492,"1",
"900000",87482,"1",2887501,"1",
"900000",87701,"2",2887501,"1",
"900000",124517,"3",2887501,"1",
"900000",144441,"4",2887501,"1",
"900000",83238,"5",2887501,"1",
"980000",87482,"1",2887501,"1",
"980000",87701,"2",2887501,"1",
"980000",124517,"3",2887501,"1",
"980000",144441,"4",2887501,"1",
"980000",83238,"5",2887501,"1",
"980070",87482,"1",2887501,"1",
"980070",87701,"2",2887501,"1",
"980070",124517,"3",2887501,"1",
"980070",144441,"4",2887501,"1",
"980070",83238,"5",2887501,"1",
"900000",65428,"1",2887502,"1",
"900000",121524,"2",2887502,"1",
"900000",77554,"3",2887502,"1",
"900000",65811,"4",2887502,"1",
"900000",99531,"5",2887502,"1",
"980000",65428,"1",2887502,"1",
"980000",121524,"2",2887502,"1",
"980000",77554,"3",2887502,"1",
"980000",65811,"4",2887502,"1",
"980000",99531,"5",2887502,"1",
"980070",65428,"1",2887502,"1",
"980070",121524,"2",2887502,"1",
"980070",77554,"3",2887502,"1",
"980070",65811,"4",2887502,"1",
"980070",99531,"5",2887502,"1",
"900160",70000,"1",2887511,"1",
"900160",70000,"2",2887511,"1",
"900160",70000,"3",2887511,"1",
"900160",70000,"4",2887511,"1",
"900160",70000,"5",2887511,"1",
"900170",29000,"1",2887511,"1",
"900170",29000,"2",2887511,"1",
"900170",29000,"3",2887511,"1",
"900170",29000,"4",2887511,"1",
"900170",29000,"5",2887511,"1",
"980000",99000,"1",2887511,"1",
"980000",99000,"2",2887511,"1",
"980000",99000,"3",2887511,"1",
"980000",99000,"4",2887511,"1",
"980000",99000,"5",2887511,"1",
"980070",99000,"1",2887511,"1",
"980070",99000,"2",2887511,"1",
"980070",99000,"3",2887511,"1",
"980070",99000,"4",2887511,"1",
"980070",99000,"5",2887511,"1",
"900160",70000,"1",2887512,"1",
"900160",70000,"2",2887512,"1",
"900160",70000,"3",2887512,"1",
"900160",70000,"4",2887512,"1",
"900160",70000,"5",2887512,"1",
"900170",29000,"1",2887512,"1",
"900170",29000,"2",2887512,"1",
"900170",29000,"3",2887512,"1",
"900170",29000,"4",2887512,"1",
"900170",29000,"5",2887512,"1",
"980000",99000,"1",2887512,"1",
"980000",99000,"2",2887512,"1",
"980000",99000,"3",2887512,"1",
"980000",99000,"4",2887512,"1",
"980000",99000,"5",2887512,"1",
"980070",99000,"1",2887512,"1",
"980070",99000,"2",2887512,"1",
"980070",99000,"3",2887512,"1",
"980070",99000,"4",2887512,"1",
"980070",99000,"5",2887512,"1",
"900000",52000,"1",2887531,"1",
"900000",52000,"2",2887531,"1",
"900000",52000,"3",2887531,"1",
"900000",52000,"4",2887531,"1",
"900000",52000,"5",2887531,"1",
"980000",52000,"1",2887531,"1",
"980000",52000,"2",2887531,"1",
"980000",52000,"3",2887531,"1",
"980000",52000,"4",2887531,"1",
"980000",52000,"5",2887531,"1",
"980070",52000,"1",2887531,"1",
"980070",52000,"2",2887531,"1",
"980070",52000,"3",2887531,"1",
"980070",52000,"4",2887531,"1",
"980070",52000,"5",2887531,"1",
"900000",52000,"1",2887532,"1",
"900000",52000,"2",2887532,"1",
"900000",52000,"3",2887532,"1",
"900000",52000,"4",2887532,"1",
"900000",52000,"5",2887532,"1",
"980000",52000,"1",2887532,"1",
"980000",52000,"2",2887532,"1",
"980000",52000,"3",2887532,"1",
"980000",52000,"4",2887532,"1",
"980000",52000,"5",2887532,"1",
"980070",52000,"1",2887532,"1",
"980070",52000,"2",2887532,"1",
"980070",52000,"3",2887532,"1",
"980070",52000,"4",2887532,"1",
"980070",52000,"5",2887532,"1",
"900030",13259,"1",2887541,"1",
"900030",13259,"2",2887541,"1",
"900030",13259,"3",2887541,"1",
"900030",13259,"4",2887541,"1",
"900030",13259,"5",2887541,"1",
"900170",10800,"1",2887541,"1",
"900170",10800,"2",2887541,"1",
"900170",10800,"3",2887541,"1",
"900170",10800,"4",2887541,"1",
"900170",10800,"5",2887541,"1",
"900180",1,"1",2887541,"1",
"900180",1,"2",2887541,"1",
"900180",1,"3",2887541,"1",
"900180",1,"4",2887541,"1",
"900180",1,"5",2887541,"1",
"900210",8500,"1",2887541,"1",
"900210",8500,"2",2887541,"1",
"900210",8500,"3",2887541,"1",
"900210",8500,"4",2887541,"1",
"900210",8500,"5",2887541,"1",
"980000",32560,"1",2887541,"1",
"980000",32560,"2",2887541,"1",
"980000",32560,"3",2887541,"1",
"980000",32560,"4",2887541,"1",
"980000",32560,"5",2887541,"1",
"980070",29460,"1",2887541,"1",
"980070",29460,"2",2887541,"1",
"980070",29460,"3",2887541,"1",
"980070",29460,"4",2887541,"1",
"980070",29460,"5",2887541,"1",
"900030",13259,"1",2887542,"1",
"900030",13259,"2",2887542,"1",
"900030",13259,"3",2887542,"1",
"900030",13259,"4",2887542,"1",
"900030",13259,"5",2887542,"1",
"900170",10800,"1",2887542,"1",
"900170",10800,"2",2887542,"1",
"900170",10800,"3",2887542,"1",
"900170",10800,"4",2887542,"1",
"900170",10800,"5",2887542,"1",
"900180",1,"1",2887542,"1",
"900180",1,"2",2887542,"1",
"900180",1,"3",2887542,"1",
"900180",1,"4",2887542,"1",
"900180",1,"5",2887542,"1",
"900210",8500,"1",2887542,"1",
"900210",8500,"2",2887542,"1",
"900210",8500,"3",2887542,"1",
"900210",8500,"4",2887542,"1",
"900210",8500,"5",2887542,"1",
"980000",32560,"1",2887542,"1",
"980000",32560,"2",2887542,"1",
"980000",32560,"3",2887542,"1",
"980000",32560,"4",2887542,"1",
"980000",32560,"5",2887542,"1",
"980070",29460,"1",2887542,"1",
"980070",29460,"2",2887542,"1",
"980070",29460,"3",2887542,"1",
"980070",29460,"4",2887542,"1",
"980070",29460,"5",2887542,"1",
"900000",30000,"1",2887551,"1",
"900000",30000,"2",2887551,"1",
"900000",30000,"3",2887551,"1",
"900000",30000,"4",2887551,"1",
"900000",30000,"5",2887551,"1",
"900150",4200,"1",2887551,"1",
"900150",4200,"2",2887551,"1",
"900150",4200,"3",2887551,"1",
"900150",4200,"4",2887551,"1",
"900150",4200,"5",2887551,"1",
"980000",34200,"1",2887551,"1",
"980000",34200,"2",2887551,"1",
"980000",34200,"3",2887551,"1",
"980000",34200,"4",2887551,"1",
"980000",34200,"5",2887551,"1",
"980070",37800,"1",2887551,"1",
"980070",37800,"2",2887551,"1",
"980070",37800,"3",2887551,"1",
"980070",37800,"4",2887551,"1",
"980070",37800,"5",2887551,"1",
"900000",30000,"1",2887552,"1",
"900000",30000,"2",2887552,"1",
"900000",30000,"3",2887552,"1",
"900000",30000,"4",2887552,"1",
"900000",30000,"5",2887552,"1",
"900150",4200,"1",2887552,"1",
"900150",4200,"2",2887552,"1",
"900150",4200,"3",2887552,"1",
"900150",4200,"4",2887552,"1",
"900150",4200,"5",2887552,"1",
"980000",34200,"1",2887552,"1",
"980000",34200,"2",2887552,"1",
"980000",34200,"3",2887552,"1",
"980000",34200,"4",2887552,"1",
"980000",34200,"5",2887552,"1",
"980070",37800,"1",2887552,"1",
"980070",37800,"2",2887552,"1",
"980070",37800,"3",2887552,"1",
"980070",37800,"4",2887552,"1",
"980070",37800,"5",2887552,"1",
"900030",20746,"1",2887591,"1",
"900030",20746,"2",2887591,"1",
"900030",20746,"3",2887591,"1",
"900030",20746,"4",2887591,"1",
"900030",20746,"5",2887591,"1",
"900170",1395,"1",2887591,"1",
"900170",1395,"2",2887591,"1",
"900170",1395,"3",2887591,"1",
"900170",1395,"4",2887591,"1",
"900170",1395,"5",2887591,"1",
"980000",22141,"1",2887591,"1",
"980000",22141,"2",2887591,"1",
"980000",22141,"3",2887591,"1",
"980000",22141,"4",2887591,"1",
"980000",22141,"5",2887591,"1",
"980070",21972,"1",2887591,"1",
"980070",21972,"2",2887591,"1",
"980070",21972,"3",2887591,"1",
"980070",21972,"4",2887591,"1",
"980070",21972,"5",2887591,"1",
"900030",20746,"1",2887592,"1",
"900030",20746,"2",2887592,"1",
"900030",20746,"3",2887592,"1",
"900030",20746,"4",2887592,"1",
"900030",20746,"5",2887592,"1",
"900170",1395,"1",2887592,"1",
"900170",1395,"2",2887592,"1",
"900170",1395,"3",2887592,"1",
"900170",1395,"4",2887592,"1",
"900170",1395,"5",2887592,"1",
"980000",22141,"1",2887592,"1",
"980000",22141,"2",2887592,"1",
"980000",22141,"3",2887592,"1",
"980000",22141,"4",2887592,"1",
"980000",22141,"5",2887592,"1",
"980070",21972,"1",2887592,"1",
"980070",21972,"2",2887592,"1",
"980070",21972,"3",2887592,"1",
"980070",21972,"4",2887592,"1",
"980070",21972,"5",2887592,"1",
"900000",269852,"1",2887611,"1","T"
"900000",269852,"2",2887611,"1","T"
"900000",269852,"3",2887611,"1","T"
"900000",269852,"4",2887611,"1","T"
"900000",269852,"5",2887611,"1","T"
"980000",269852,"1",2887611,"1","T"
"980000",269852,"2",2887611,"1","T"
"980000",269852,"3",2887611,"1","T"
"980000",269852,"4",2887611,"1","T"
"980000",269852,"5",2887611,"1","T"
"980070",269852,"1",2887611,"1","T"
"980070",269852,"2",2887611,"1","T"
"980070",269852,"3",2887611,"1","T"
"980070",269852,"4",2887611,"1","T"
"980070",269852,"5",2887611,"1","T"
"900000",84958,"1",2887612,"1",
"900000",129781,"2",2887612,"1",
"900000",131913,"3",2887612,"1",
"900000",89661,"4",2887612,"1",
"900000",42732,"5",2887612,"1",
"980000",84958,"1",2887612,"1",
"980000",129781,"2",2887612,"1",
"980000",131913,"3",2887612,"1",
"980000",89661,"4",2887612,"1",
"980000",42732,"5",2887612,"1",
"980070",84958,"1",2887612,"1",
"980070",129781,"2",2887612,"1",
"980070",131913,"3",2887612,"1",
"980070",89661,"4",2887612,"1",
"980070",42732,"5",2887612,"1",
"800940",3267,"1",2887621,"1",
"800940",7204,"2",2887621,"1",
"800940",5037,"3",2887621,"1",
"800940",2006,"4",2887621,"1",
"800940",1751,"5",2887621,"1",
"900000",54376,"1",2887621,"1",
"900000",114241,"2",2887621,"1",
"900000",106088,"3",2887621,"1",
"900000",81729,"4",2887621,"1",
"900000",71283,"5",2887621,"1",
"900160",6165,"1",2887621,"1",
"900160",4133,"2",2887621,"1",
"900160",4,"3",2887621,"1",
"900160",450,"4",2887621,"1",
"900160",-2181,"5",2887621,"1",
"980000",60541,"1",2887621,"1",
"980000",118374,"2",2887621,"1",
"980000",106092,"3",2887621,"1",
"980000",82179,"4",2887621,"1",
"980000",69102,"5",2887621,"1",
"980070",60541,"1",2887621,"1",
"980070",118374,"2",2887621,"1",
"980070",106092,"3",2887621,"1",
"980070",82179,"4",2887621,"1",
"980070",69102,"5",2887621,"1",
"800940",10967,"1",2887622,"1","T"
"800940",10967,"2",2887622,"1","T"
"800940",10967,"3",2887622,"1","T"
"800940",10967,"4",2887622,"1","T"
"800940",10967,"5",2887622,"1","T"
"900000",144532,"1",2887622,"1",
"900000",39378,"2",2887622,"1",
"900000",85503,"3",2887622,"1",
"900000",109995,"4",2887622,"1",
"900000",118413,"5",2887622,"1",
"900160",10512,"1",2887622,"1",
"900160",4095,"2",2887622,"1",
"900160",57073,"3",2887622,"1",
"900160",-3827,"4",2887622,"1",
"900160",31,"5",2887622,"1",
"980000",155044,"1",2887622,"1",
"980000",43473,"2",2887622,"1",
"980000",142576,"3",2887622,"1",
"980000",106168,"4",2887622,"1",
"980000",118444,"5",2887622,"1",
"980070",155044,"1",2887622,"1",
"980070",43473,"2",2887622,"1",
"980070",142576,"3",2887622,"1",
"980070",106168,"4",2887622,"1",
"980070",118444,"5",2887622,"1",
"900000",228000,"1",2887631,"1",
"900000",228000,"2",2887631,"1",
"900000",228000,"3",2887631,"1",
"900000",228000,"4",2887631,"1",
"900000",228000,"5",2887631,"1",
"980000",228000,"1",2887631,"1",
"980000",228000,"2",2887631,"1",
"980000",228000,"3",2887631,"1",
"980000",228000,"4",2887631,"1",
"980000",228000,"5",2887631,"1",
"980070",228000,"1",2887631,"1",
"980070",228000,"2",2887631,"1",
"980070",228000,"3",2887631,"1",
"980070",228000,"4",2887631,"1",
"980070",228000,"5",2887631,"1",
"900000",228000,"1",2887632,"1",
"900000",228000,"2",2887632,"1",
"900000",228000,"3",2887632,"1",
"900000",228000,"4",2887632,"1",
"900000",228000,"5",2887632,"1",
"980000",228000,"1",2887632,"1",
"980000",228000,"2",2887632,"1",
"980000",228000,"3",2887632,"1",
"980000",228000,"4",2887632,"1",
"980000",228000,"5",2887632,"1",
"980070",228000,"1",2887632,"1",
"980070",228000,"2",2887632,"1",
"980070",228000,"3",2887632,"1",
"980070",228000,"4",2887632,"1",
"980070",228000,"5",2887632,"1",
"900030",14687,"1",2887651,"1",
"900030",15035,"2",2887651,"1",
"900030",19631,"3",2887651,"1",
"900030",15095,"4",2887651,"1",
"900030",14663,"5",2887651,"1",
"900150",1128,"1",2887651,"1",
"900150",4980,"2",2887651,"1",
"900150",612,"3",2887651,"1",
"900150",3660,"4",2887651,"1",
"900150",3672,"5",2887651,"1",
"980000",15815,"1",2887651,"1",
"980000",20015,"2",2887651,"1",
"980000",20243,"3",2887651,"1",
"980000",18755,"4",2887651,"1",
"980000",18335,"5",2887651,"1",
"980070",15815,"1",2887651,"1",
"980070",20015,"2",2887651,"1",
"980070",20243,"3",2887651,"1",
"980070",18755,"4",2887651,"1",
"980070",18335,"5",2887651,"1",
"900030",9119,"1",2887652,"1",
"900030",13187,"2",2887652,"1",
"900030",15599,"3",2887652,"1",
"900030",5315,"4",2887652,"1",
"900030",19967,"5",2887652,"1",
"900150",756,"1",2887652,"1",
"900150",2112,"2",2887652,"1",
"900150",1536,"3",2887652,"1",
"900150",1596,"4",2887652,"1",
"900150",2520,"5",2887652,"1",
"980000",9875,"1",2887652,"1",
"980000",15299,"2",2887652,"1",
"980000",17135,"3",2887652,"1",
"980000",6911,"4",2887652,"1",
"980000",22487,"5",2887652,"1",
"980070",9875,"1",2887652,"1",
"980070",15299,"2",2887652,"1",
"980070",17135,"3",2887652,"1",
"980070",6911,"4",2887652,"1",
"980070",22487,"5",2887652,"1",
"800940",6273,"1",2887681,"1",
"800940",6273,"2",2887681,"1",
"800940",6273,"3",2887681,"1",
"800940",6273,"4",2887681,"1",
"800940",6273,"5",2887681,"1",
"900000",137000,"1",2887681,"1",
"900000",137000,"2",2887681,"1",
"900000",137000,"3",2887681,"1",
"900000",137000,"4",2887681,"1",
"900000",137000,"5",2887681,"1",
"900140",5400,"1",2887681,"1",
"900140",5400,"2",2887681,"1",
"900140",5400,"3",2887681,"1",
"900140",5400,"4",2887681,"1",
"900140",5400,"5",2887681,"1",
"900160",1000,"1",2887681,"1",
"900160",1000,"2",2887681,"1",
"900160",1000,"3",2887681,"1",
"900160",1000,"4",2887681,"1",
"900160",1000,"5",2887681,"1",
"900190",10800,"1",2887681,"1",
"900190",10800,"2",2887681,"1",
"900190",10800,"3",2887681,"1",
"900190",10800,"4",2887681,"1",
"900190",10800,"5",2887681,"1",
"980000",154200,"1",2887681,"1",
"980000",154200,"2",2887681,"1",
"980000",154200,"3",2887681,"1",
"980000",154200,"4",2887681,"1",
"980000",154200,"5",2887681,"1",
"980070",154200,"1",2887681,"1",
"980070",154200,"2",2887681,"1",
"980070",154200,"3",2887681,"1",
"980070",154200,"4",2887681,"1",
"980070",154200,"5",2887681,"1",
"800940",6273,"1",2887682,"1",
"800940",6273,"2",2887682,"1",
"800940",6273,"3",2887682,"1",
"800940",6273,"4",2887682,"1",
"800940",6273,"5",2887682,"1",
"900000",137000,"1",2887682,"1",
"900000",137000,"2",2887682,"1",
"900000",137000,"3",2887682,"1",
"900000",137000,"4",2887682,"1",
"900000",137000,"5",2887682,"1",
"900140",5400,"1",2887682,"1",
"900140",5400,"2",2887682,"1",
"900140",5400,"3",2887682,"1",
"900140",5400,"4",2887682,"1",
"900140",5400,"5",2887682,"1",
"900160",1000,"1",2887682,"1",
"900160",1000,"2",2887682,"1",
"900160",1000,"3",2887682,"1",
"900160",1000,"4",2887682,"1",
"900160",1000,"5",2887682,"1",
"900190",10800,"1",2887682,"1",
"900190",10800,"2",2887682,"1",
"900190",10800,"3",2887682,"1",
"900190",10800,"4",2887682,"1",
"900190",10800,"5",2887682,"1",
"980000",154200,"1",2887682,"1",
"980000",154200,"2",2887682,"1",
"980000",154200,"3",2887682,"1",
"980000",154200,"4",2887682,"1",
"980000",154200,"5",2887682,"1",
"980070",154200,"1",2887682,"1",
"980070",154200,"2",2887682,"1",
"980070",154200,"3",2887682,"1",
"980070",154200,"4",2887682,"1",
"980070",154200,"5",2887682,"1",
"900150",1308,"1",2887691,"1",
"900150",2640,"2",2887691,"1",
"900150",504,"3",2887691,"1",
"900150",1212,"4",2887691,"1",
"900150",2436,"5",2887691,"1",
"980000",1308,"1",2887691,"1",
"980000",2640,"2",2887691,"1",
"980000",504,"3",2887691,"1",
"980000",1212,"4",2887691,"1",
"980000",2436,"5",2887691,"1",
"980070",1308,"1",2887691,"1",
"980070",2640,"2",2887691,"1",
"980070",504,"3",2887691,"1",
"980070",1212,"4",2887691,"1",
"980070",2436,"5",2887691,"1",
"900210",32565,"1",2887692,"1",
"900210",6639,"2",2887692,"1",
"900210",26569,"3",2887692,"1",
"900210",7988,"4",2887692,"1",
"900210",16834,"5",2887692,"1",
"980000",32565,"1",2887692,"1",
"980000",6639,"2",2887692,"1",
"980000",26569,"3",2887692,"1",
"980000",7988,"4",2887692,"1",
"980000",16834,"5",2887692,"1",
"980070",32565,"1",2887692,"1",
"980070",6639,"2",2887692,"1",
"980070",26569,"3",2887692,"1",
"980070",7988,"4",2887692,"1",
"980070",16834,"5",2887692,"1",
"900000",211487,"1",2887711,"1","T"
"900000",211487,"2",2887711,"1","T"
"900000",211487,"3",2887711,"1","T"
"900000",211487,"4",2887711,"1","T"
"900000",211487,"5",2887711,"1","T"
"900180",1384,"1",2887711,"1",
"900180",1222,"2",2887711,"1",
"900180",2336,"3",2887711,"1",
"900180",3644,"4",2887711,"1",
"900180",10,"5",2887711,"1",
"950002",548,"1",2887711,"1",
"950002",548,"2",2887711,"1",
"950002",548,"3",2887711,"1",
"950002",548,"4",2887711,"1",
"950002",548,"5",2887711,"1",
"950012",70,"1",2887711,"1",
"950012",70,"2",2887711,"1",
"950012",70,"3",2887711,"1",
"950012",70,"4",2887711,"1",
"950012",70,"5",2887711,"1",
"980000",213206,"1",2887711,"1","T"
"980000",213206,"2",2887711,"1","T"
"980000",213206,"3",2887711,"1","T"
"980000",213206,"4",2887711,"1","T"
"980000",213206,"5",2887711,"1","T"
"980070",212588,"1",2887711,"1","T"
"980070",212588,"2",2887711,"1","T"
"980070",212588,"3",2887711,"1","T"
"980070",212588,"4",2887711,"1","T"
"980070",212588,"5",2887711,"1","T"
"900000",211487,"1",2887712,"1","T"
"900000",211487,"2",2887712,"1","T"
"900000",211487,"3",2887712,"1","T"
"900000",211487,"4",2887712,"1","T"
"900000",211487,"5",2887712,"1","T"
"900180",38657,"1",2887712,"1","T"
"900180",38657,"2",2887712,"1","T"
"900180",38657,"3",2887712,"1","T"
"900180",38657,"4",2887712,"1","T"
"900180",38657,"5",2887712,"1","T"
"950002",548,"1",2887712,"1",
"950002",548,"2",2887712,"1",
"950002",548,"3",2887712,"1",
"950002",548,"4",2887712,"1",
"950002",548,"5",2887712,"1",
"950012",70,"1",2887712,"1",
"950012",70,"2",2887712,"1",
"950012",70,"3",2887712,"1",
"950012",70,"4",2887712,"1",
"950012",70,"5",2887712,"1",
"980000",250144,"1",2887712,"1","T"
"980000",250144,"2",2887712,"1","T"
"980000",250144,"3",2887712,"1","T"
"980000",250144,"4",2887712,"1","T"
"980000",250144,"5",2887712,"1","T"
"980070",249526,"1",2887712,"1","T"
"980070",249526,"2",2887712,"1","T"
"980070",249526,"3",2887712,"1","T"
"980070",249526,"4",2887712,"1","T"
"980070",249526,"5",2887712,"1","T"
"900000",35000,"1",2887721,"1",
"900000",35000,"2",2887721,"1",
"900000",35000,"3",2887721,"1",
"900000",35000,"4",2887721,"1",
"900000",35000,"5",2887721,"1",
"980000",35000,"1",2887721,"1",
"980000",35000,"2",2887721,"1",
"980000",35000,"3",2887721,"1",
"980000",35000,"4",2887721,"1",
"980000",35000,"5",2887721,"1",
"980070",38000,"1",2887721,"1",
"980070",38000,"2",2887721,"1",
"980070",38000,"3",2887721,"1",
"980070",38000,"4",2887721,"1",
"980070",38000,"5",2887721,"1",
"900000",35000,"1",2887722,"1",
"900000",35000,"2",2887722,"1",
"900000",35000,"3",2887722,"1",
"900000",35000,"4",2887722,"1",
"900000",35000,"5",2887722,"1",
"980000",35000,"1",2887722,"1",
"980000",35000,"2",2887722,"1",
"980000",35000,"3",2887722,"1",
"980000",35000,"4",2887722,"1",
"980000",35000,"5",2887722,"1",
"980070",38000,"1",2887722,"1",
"980070",38000,"2",2887722,"1",
"980070",38000,"3",2887722,"1",
"980070",38000,"4",2887722,"1",
"980070",38000,"5",2887722,"1",
"900000",5000,"1",2887741,"1",
"900000",5000,"2",2887741,"1",
"900000",5000,"3",2887741,"1",
"900000",5000,"4",2887741,"1",
"900000",5000,"5",2887741,"1",
"900030",14518,"1",2887741,"1",
"900030",14518,"2",2887741,"1",
"900030",14518,"3",2887741,"1",
"900030",14518,"4",2887741,"1",
"900030",14518,"5",2887741,"1",
"980000",19518,"1",2887741,"1",
"980000",19518,"2",2887741,"1",
"980000",19518,"3",2887741,"1",
"980000",19518,"4",2887741,"1",
"980000",19518,"5",2887741,"1",
"980070",19518,"1",2887741,"1",
"980070",19518,"2",2887741,"1",
"980070",19518,"3",2887741,"1",
"980070",19518,"4",2887741,"1",
"980070",19518,"5",2887741,"1",
"900000",5000,"1",2887742,"1",
"900000",5000,"2",2887742,"1",
"900000",5000,"3",2887742,"1",
"900000",5000,"4",2887742,"1",
"900000",5000,"5",2887742,"1",
"900030",14518,"1",2887742,"1",
"900030",14518,"2",2887742,"1",
"900030",14518,"3",2887742,"1",
"900030",14518,"4",2887742,"1",
"900030",14518,"5",2887742,"1",
"980000",19518,"1",2887742,"1",
"980000",19518,"2",2887742,"1",
"980000",19518,"3",2887742,"1",
"980000",19518,"4",2887742,"1",
"980000",19518,"5",2887742,"1",
"980070",19518,"1",2887742,"1",
"980070",19518,"2",2887742,"1",
"980070",19518,"3",2887742,"1",
"980070",19518,"4",2887742,"1",
"980070",19518,"5",2887742,"1",
"900000",11000,"1",2887751,"1",
"900000",11000,"2",2887751,"1",
"900000",11000,"3",2887751,"1",
"900000",11000,"4",2887751,"1",
"900000",11000,"5",2887751,"1",
"900150",2400,"1",2887751,"1",
"900150",2400,"2",2887751,"1",
"900150",2400,"3",2887751,"1",
"900150",2400,"4",2887751,"1",
"900150",2400,"5",2887751,"1",
"950002",1700,"1",2887751,"1",
"950002",1700,"2",2887751,"1",
"950002",1700,"3",2887751,"1",
"950002",1700,"4",2887751,"1",
"950002",1700,"5",2887751,"1",
"980000",13400,"1",2887751,"1",
"980000",13400,"2",2887751,"1",
"980000",13400,"3",2887751,"1",
"980000",13400,"4",2887751,"1",
"980000",13400,"5",2887751,"1",
"980070",12500,"1",2887751,"1",
"980070",12500,"2",2887751,"1",
"980070",12500,"3",2887751,"1",
"980070",12500,"4",2887751,"1",
"980070",12500,"5",2887751,"1",
"900000",11000,"1",2887752,"1",
"900000",11000,"2",2887752,"1",
"900000",11000,"3",2887752,"1",
"900000",11000,"4",2887752,"1",
"900000",11000,"5",2887752,"1",
"900150",2400,"1",2887752,"1",
"900150",2400,"2",2887752,"1",
"900150",2400,"3",2887752,"1",
"900150",2400,"4",2887752,"1",
"900150",2400,"5",2887752,"1",
"950002",1700,"1",2887752,"1",
"950002",1700,"2",2887752,"1",
"950002",1700,"3",2887752,"1",
"950002",1700,"4",2887752,"1",
"950002",1700,"5",2887752,"1",
"980000",13400,"1",2887752,"1",
"980000",13400,"2",2887752,"1",
"980000",13400,"3",2887752,"1",
"980000",13400,"4",2887752,"1",
"980000",13400,"5",2887752,"1",
"980070",12500,"1",2887752,"1",
"980070",12500,"2",2887752,"1",
"980070",12500,"3",2887752,"1",
"980070",12500,"4",2887752,"1",
"980070",12500,"5",2887752,"1",
"900000",25835,"1",2887821,"1",
"900000",9765,"2",2887821,"1",
"900000",49684,"3",2887821,"1",
"900000",20014,"4",2887821,"1",
"900000",16858,"5",2887821,"1",
"980000",25835,"1",2887821,"1",
"980000",9765,"2",2887821,"1",
"980000",49684,"3",2887821,"1",
"980000",20014,"4",2887821,"1",
"980000",16858,"5",2887821,"1",
"980070",25835,"1",2887821,"1",
"980070",9765,"2",2887821,"1",
"980070",49684,"3",2887821,"1",
"980070",20014,"4",2887821,"1",
"980070",16858,"5",2887821,"1",
"900000",31531,"1",2887822,"1",
"900000",41424,"2",2887822,"1",
"900000",20000,"3",2887822,"1",
"900000",73743,"4",2887822,"1",
"900000",13210,"5",2887822,"1",
"980000",31531,"1",2887822,"1",
"980000",41424,"2",2887822,"1",
"980000",20000,"3",2887822,"1",
"980000",73743,"4",2887822,"1",
"980000",13210,"5",2887822,"1",
"980070",31531,"1",2887822,"1",
"980070",41424,"2",2887822,"1",
"980070",20000,"3",2887822,"1",
"980070",73743,"4",2887822,"1",
"980070",13210,"5",2887822,"1",
"900000",198236,"1",2887831,"1",
"900000",199367,"2",2887831,"1",
"900000",185430,"3",2887831,"1",
"900000",219176,"4",2887831,"1",
"900000",208685,"5",2887831,"1",
"980000",198236,"1",2887831,"1",
"980000",199367,"2",2887831,"1",
"980000",185430,"3",2887831,"1",
"980000",219176,"4",2887831,"1",
"980000",208685,"5",2887831,"1",
"980070",198236,"1",2887831,"1",
"980070",199367,"2",2887831,"1",
"980070",185430,"3",2887831,"1",
"980070",219176,"4",2887831,"1",
"980070",208685,"5",2887831,"1",
"900000",217847,"1",2887832,"1",
"900000",207666,"2",2887832,"1",
"900000",208682,"3",2887832,"1",
"900000",202833,"4",2887832,"1",
"900000",208050,"5",2887832,"1",
"980000",217847,"1",2887832,"1",
"980000",207666,"2",2887832,"1",
"980000",208682,"3",2887832,"1",
"980000",202833,"4",2887832,"1",
"980000",208050,"5",2887832,"1",
"980070",217847,"1",2887832,"1",
"980070",207666,"2",2887832,"1",
"980070",208682,"3",2887832,"1",
"980070",202833,"4",2887832,"1",
"980070",208050,"5",2887832,"1",
"900000",28300,"1",2887841,"1",
"900000",28300,"2",2887841,"1",
"900000",28300,"3",2887841,"1",
"900000",28300,"4",2887841,"1",
"900000",28300,"5",2887841,"1",
"980000",28300,"1",2887841,"1",
"980000",28300,"2",2887841,"1",
"980000",28300,"3",2887841,"1",
"980000",28300,"4",2887841,"1",
"980000",28300,"5",2887841,"1",
"980070",29623,"1",2887841,"1",
"980070",29623,"2",2887841,"1",
"980070",29623,"3",2887841,"1",
"980070",29623,"4",2887841,"1",
"980070",29623,"5",2887841,"1",
"900000",28300,"1",2887842,"1",
"900000",28300,"2",2887842,"1",
"900000",28300,"3",2887842,"1",
"900000",28300,"4",2887842,"1",
"900000",28300,"5",2887842,"1",
"980000",28300,"1",2887842,"1",
"980000",28300,"2",2887842,"1",
"980000",28300,"3",2887842,"1",
"980000",28300,"4",2887842,"1",
"980000",28300,"5",2887842,"1",
"980070",29623,"1",2887842,"1",
"980070",29623,"2",2887842,"1",
"980070",29623,"3",2887842,"1",
"980070",29623,"4",2887842,"1",
"980070",29623,"5",2887842,"1",
"900000",46439,"1",2887871,"1",
"900000",55100,"2",2887871,"1",
"900000",33040,"3",2887871,"1",
"900000",37615,"4",2887871,"1",
"900000",73719,"5",2887871,"1",
"900030",18059,"1",2887871,"1",
"900030",18059,"2",2887871,"1",
"900030",18059,"3",2887871,"1",
"900030",18059,"4",2887871,"1",
"900030",18059,"5",2887871,"1",
"980000",64498,"1",2887871,"1",
"980000",73159,"2",2887871,"1",
"980000",51099,"3",2887871,"1",
"980000",55674,"4",2887871,"1",
"980000",91778,"5",2887871,"1",
"980070",63808,"1",2887871,"1",
"980070",72469,"2",2887871,"1",
"980070",50409,"3",2887871,"1",
"980070",54984,"4",2887871,"1",
"980070",91088,"5",2887871,"1",
"900000",38482,"1",2887872,"1",
"900000",45447,"2",2887872,"1",
"900000",56611,"3",2887872,"1",
"900000",33434,"4",2887872,"1",
"900000",47527,"5",2887872,"1",
"900030",18059,"1",2887872,"1",
"900030",18059,"2",2887872,"1",
"900030",18059,"3",2887872,"1",
"900030",18059,"4",2887872,"1",
"900030",18059,"5",2887872,"1",
"980000",56541,"1",2887872,"1",
"980000",63506,"2",2887872,"1",
"980000",74670,"3",2887872,"1",
"980000",51493,"4",2887872,"1",
"980000",65586,"5",2887872,"1",
"980070",55851,"1",2887872,"1",
"980070",62816,"2",2887872,"1",
"980070",73980,"3",2887872,"1",
"980070",50803,"4",2887872,"1",
"980070",64896,"5",2887872,"1",
"900000",45000,"1",2887881,"1",
"900000",45000,"2",2887881,"1",
"900000",45000,"3",2887881,"1",
"900000",45000,"4",2887881,"1",
"900000",45000,"5",2887881,"1",
"950002",11250,"1",2887881,"1",
"950002",11250,"2",2887881,"1",
"950002",11250,"3",2887881,"1",
"950002",11250,"4",2887881,"1",
"950002",11250,"5",2887881,"1",
"950012",2196,"1",2887881,"1",
"950012",2196,"2",2887881,"1",
"950012",2196,"3",2887881,"1",
"950012",2196,"4",2887881,"1",
"950012",2196,"5",2887881,"1",
"980000",45000,"1",2887881,"1",
"980000",45000,"2",2887881,"1",
"980000",45000,"3",2887881,"1",
"980000",45000,"4",2887881,"1",
"980000",45000,"5",2887881,"1",
"980070",34304,"1",2887881,"1",
"980070",34304,"2",2887881,"1",
"980070",34304,"3",2887881,"1",
"980070",34304,"4",2887881,"1",
"980070",34304,"5",2887881,"1",
"900000",45000,"1",2887882,"1",
"900000",45000,"2",2887882,"1",
"900000",45000,"3",2887882,"1",
"900000",45000,"4",2887882,"1",
"900000",45000,"5",2887882,"1",
"950002",11250,"1",2887882,"1",
"950002",11250,"2",2887882,"1",
"950002",11250,"3",2887882,"1",
"950002",11250,"4",2887882,"1",
"950002",11250,"5",2887882,"1",
"950012",2196,"1",2887882,"1",
"950012",2196,"2",2887882,"1",
"950012",2196,"3",2887882,"1",
"950012",2196,"4",2887882,"1",
"950012",2196,"5",2887882,"1",
"980000",45000,"1",2887882,"1",
"980000",45000,"2",2887882,"1",
"980000",45000,"3",2887882,"1",
"980000",45000,"4",2887882,"1",
"980000",45000,"5",2887882,"1",
"980070",34304,"1",2887882,"1",
"980070",34304,"2",2887882,"1",
"980070",34304,"3",2887882,"1",
"980070",34304,"4",2887882,"1",
"980070",34304,"5",2887882,"1",
"900160",-220,"1",2887901,"1",
"900160",21801,"2",2887901,"1",
"900160",59868,"3",2887901,"1",
"900160",122505,"4",2887901,"1",
"900160",6550,"5",2887901,"1",
"980000",-220,"1",2887901,"1",
"980000",21801,"2",2887901,"1",
"980000",59868,"3",2887901,"1",
"980000",122505,"4",2887901,"1",
"980000",6550,"5",2887901,"1",
"980070",-220,"1",2887901,"1",
"980070",21801,"2",2887901,"1",
"980070",59868,"3",2887901,"1",
"980070",122505,"4",2887901,"1",
"980070",6550,"5",2887901,"1",
"900000",70000,"1",2887911,"1",
"900000",70000,"2",2887911,"1",
"900000",70000,"3",2887911,"1",
"900000",70000,"4",2887911,"1",
"900000",70000,"5",2887911,"1",
"900180",31,"1",2887911,"1",
"900180",31,"2",2887911,"1",
"900180",31,"3",2887911,"1",
"900180",31,"4",2887911,"1",
"900180",31,"5",2887911,"1",
"980000",70031,"1",2887911,"1",
"980000",70031,"2",2887911,"1",
"980000",70031,"3",2887911,"1",
"980000",70031,"4",2887911,"1",
"980000",70031,"5",2887911,"1",
"980070",70191,"1",2887911,"1",
"980070",70191,"2",2887911,"1",
"980070",70191,"3",2887911,"1",
"980070",70191,"4",2887911,"1",
"980070",70191,"5",2887911,"1",
"900000",70000,"1",2887912,"1",
"900000",70000,"2",2887912,"1",
"900000",70000,"3",2887912,"1",
"900000",70000,"4",2887912,"1",
"900000",70000,"5",2887912,"1",
"900180",31,"1",2887912,"1",
"900180",31,"2",2887912,"1",
"900180",31,"3",2887912,"1",
"900180",31,"4",2887912,"1",
"900180",31,"5",2887912,"1",
"980000",70031,"1",2887912,"1",
"980000",70031,"2",2887912,"1",
"980000",70031,"3",2887912,"1",
"980000",70031,"4",2887912,"1",
"980000",70031,"5",2887912,"1",
"980070",70191,"1",2887912,"1",
"980070",70191,"2",2887912,"1",
"980070",70191,"3",2887912,"1",
"980070",70191,"4",2887912,"1",
"980070",70191,"5",2887912,"1",
"900000",58695,"1",2887941,"1",
"900000",20918,"2",2887941,"1",
"900000",387,"3",2887941,"1",
"900000",6314,"4",2887941,"1",
"900000",17567,"5",2887941,"1",
"980000",58695,"1",2887941,"1",
"980000",20918,"2",2887941,"1",
"980000",387,"3",2887941,"1",
"980000",6314,"4",2887941,"1",
"980000",17567,"5",2887941,"1",
"980070",58695,"1",2887941,"1",
"980070",20918,"2",2887941,"1",
"980070",387,"3",2887941,"1",
"980070",6314,"4",2887941,"1",
"980070",17567,"5",2887941,"1",
"900000",32720,"1",2887942,"1",
"900000",16300,"2",2887942,"1",
"900000",13000,"3",2887942,"1",
"900000",8876,"4",2887942,"1",
"900000",48063,"5",2887942,"1",
"980000",32720,"1",2887942,"1",
"980000",16300,"2",2887942,"1",
"980000",13000,"3",2887942,"1",
"980000",8876,"4",2887942,"1",
"980000",48063,"5",2887942,"1",
"980070",32720,"1",2887942,"1",
"980070",16300,"2",2887942,"1",
"980070",13000,"3",2887942,"1",
"980070",8876,"4",2887942,"1",
"980070",48063,"5",2887942,"1",
"900000",68000,"1",2887961,"1",
"900000",68000,"2",2887961,"1",
"900000",68000,"3",2887961,"1",
"900000",68000,"4",2887961,"1",
"900000",68000,"5",2887961,"1",
"980000",68000,"1",2887961,"1",
"980000",68000,"2",2887961,"1",
"980000",68000,"3",2887961,"1",
"980000",68000,"4",2887961,"1",
"980000",68000,"5",2887961,"1",
"980070",68000,"1",2887961,"1",
"980070",68000,"2",2887961,"1",
"980070",68000,"3",2887961,"1",
"980070",68000,"4",2887961,"1",
"980070",68000,"5",2887961,"1",
"900000",68000,"1",2887962,"1",
"900000",68000,"2",2887962,"1",
"900000",68000,"3",2887962,"1",
"900000",68000,"4",2887962,"1",
"900000",68000,"5",2887962,"1",
"980000",68000,"1",2887962,"1",
"980000",68000,"2",2887962,"1",
"980000",68000,"3",2887962,"1",
"980000",68000,"4",2887962,"1",
"980000",68000,"5",2887962,"1",
"980070",68000,"1",2887962,"1",
"980070",68000,"2",2887962,"1",
"980070",68000,"3",2887962,"1",
"980070",68000,"4",2887962,"1",
"980070",68000,"5",2887962,"1",
"900030",13632,"1",2887981,"1",
"900030",12300,"2",2887981,"1",
"900030",18756,"3",2887981,"1",
"900030",12264,"4",2887981,"1",
"900030",16056,"5",2887981,"1",
"900150",204,"1",2887981,"1",
"900150",1128,"2",2887981,"1",
"900150",2076,"3",2887981,"1",
"900150",3372,"4",2887981,"1",
"900150",1752,"5",2887981,"1",
"980000",13836,"1",2887981,"1",
"980000",13428,"2",2887981,"1",
"980000",20832,"3",2887981,"1",
"980000",15636,"4",2887981,"1",
"980000",17808,"5",2887981,"1",
"980070",13836,"1",2887981,"1",
"980070",13428,"2",2887981,"1",
"980070",20832,"3",2887981,"1",
"980070",15636,"4",2887981,"1",
"980070",17808,"5",2887981,"1",
"900030",13704,"1",2887982,"1",
"900030",13440,"2",2887982,"1",
"900030",15228,"3",2887982,"1",
"900030",10380,"4",2887982,"1",
"900030",16056,"5",2887982,"1",
"900170",53681,"1",2887982,"1",
"900170",17023,"2",2887982,"1",
"900170",27719,"3",2887982,"1",
"900170",36389,"4",2887982,"1",
"900170",2708,"5",2887982,"1",
"980000",67385,"1",2887982,"1",
"980000",30463,"2",2887982,"1",
"980000",42947,"3",2887982,"1",
"980000",46769,"4",2887982,"1",
"980000",18764,"5",2887982,"1",
"980070",67385,"1",2887982,"1",
"980070",30463,"2",2887982,"1",
"980070",42947,"3",2887982,"1",
"980070",46769,"4",2887982,"1",
"980070",18764,"5",2887982,"1",
"900000",34086,"1",2887991,"1",
"900000",51918,"2",2887991,"1",
"900000",22002,"3",2887991,"1",
"900000",103793,"4",2887991,"1",
"900000",71753,"5",2887991,"1",
"900170",5058,"1",2887991,"1",
"900170",883,"2",2887991,"1",
"900170",141,"3",2887991,"1",
"900170",16296,"4",2887991,"1",
"900170",44378,"5",2887991,"1",
"980000",39144,"1",2887991,"1",
"980000",52801,"2",2887991,"1",
"980000",22143,"3",2887991,"1",
"980000",120089,"4",2887991,"1",
"980000",116131,"5",2887991,"1",
"980070",40461,"1",2887991,"1",
"980070",54118,"2",2887991,"1",
"980070",23460,"3",2887991,"1",
"980070",121406,"4",2887991,"1",
"980070",117448,"5",2887991,"1",
"900000",91612,"1",2887992,"1",
"900000",30485,"2",2887992,"1",
"900000",82861,"3",2887992,"1",
"900000",44098,"4",2887992,"1",
"900000",36810,"5",2887992,"1",
"900170",7741,"1",2887992,"1",
"900170",409,"2",2887992,"1",
"900170",1633,"3",2887992,"1",
"900170",1500,"4",2887992,"1",
"900170",1461,"5",2887992,"1",
"980000",99353,"1",2887992,"1",
"980000",30894,"2",2887992,"1",
"980000",84494,"3",2887992,"1",
"980000",45598,"4",2887992,"1",
"980000",38271,"5",2887992,"1",
"980070",100670,"1",2887992,"1",
"980070",32211,"2",2887992,"1",
"980070",85811,"3",2887992,"1",
"980070",46915,"4",2887992,"1",
"980070",39588,"5",2887992,"1",
"900000",68000,"1",2888001,"1",
"900000",68000,"2",2888001,"1",
"900000",68000,"3",2888001,"1",
"900000",68000,"4",2888001,"1",
"900000",68000,"5",2888001,"1",
"980000",68000,"1",2888001,"1",
"980000",68000,"2",2888001,"1",
"980000",68000,"3",2888001,"1",
"980000",68000,"4",2888001,"1",
"980000",68000,"5",2888001,"1",
"980070",68000,"1",2888001,"1",
"980070",68000,"2",2888001,"1",
"980070",68000,"3",2888001,"1",
"980070",68000,"4",2888001,"1",
"980070",68000,"5",2888001,"1",
"900000",68000,"1",2888002,"1",
"900000",68000,"2",2888002,"1",
"900000",68000,"3",2888002,"1",
"900000",68000,"4",2888002,"1",
"900000",68000,"5",2888002,"1",
"980000",68000,"1",2888002,"1",
"980000",68000,"2",2888002,"1",
"980000",68000,"3",2888002,"1",
"980000",68000,"4",2888002,"1",
"980000",68000,"5",2888002,"1",
"980070",68000,"1",2888002,"1",
"980070",68000,"2",2888002,"1",
"980070",68000,"3",2888002,"1",
"980070",68000,"4",2888002,"1",
"980070",68000,"5",2888002,"1",
"900000",75000,"1",2888012,"1",
"900000",75000,"2",2888012,"1",
"900000",75000,"3",2888012,"1",
"900000",75000,"4",2888012,"1",
"900000",75000,"5",2888012,"1",
"900180",10,"1",2888012,"1",
"900180",9522,"2",2888012,"1",
"900180",20,"3",2888012,"1",
"900180",51,"4",2888012,"1",
"900180",5,"5",2888012,"1",
"980000",75010,"1",2888012,"1",
"980000",84522,"2",2888012,"1",
"980000",75020,"3",2888012,"1",
"980000",75051,"4",2888012,"1",
"980000",75005,"5",2888012,"1",
"980070",75510,"1",2888012,"1",
"980070",85022,"2",2888012,"1",
"980070",75520,"3",2888012,"1",
"980070",75551,"4",2888012,"1",
"980070",75505,"5",2888012,"1",
"900000",86160,"1",2888041,"1",
"900000",60015,"2",2888041,"1",
"900000",75599,"3",2888041,"1",
"900000",64435,"4",2888041,"1",
"900000",86703,"5",2888041,"1",
"980000",86160,"1",2888041,"1",
"980000",60015,"2",2888041,"1",
"980000",75599,"3",2888041,"1",
"980000",64435,"4",2888041,"1",
"980000",86703,"5",2888041,"1",
"980070",86160,"1",2888041,"1",
"980070",60015,"2",2888041,"1",
"980070",75599,"3",2888041,"1",
"980070",64435,"4",2888041,"1",
"980070",86703,"5",2888041,"1",
"900000",108693,"1",2888042,"1",
"900000",56011,"2",2888042,"1",
"900000",100367,"3",2888042,"1",
"900000",72194,"4",2888042,"1",
"900000",87583,"5",2888042,"1",
"980000",108693,"1",2888042,"1",
"980000",56011,"2",2888042,"1",
"980000",100367,"3",2888042,"1",
"980000",72194,"4",2888042,"1",
"980000",87583,"5",2888042,"1",
"980070",108693,"1",2888042,"1",
"980070",56011,"2",2888042,"1",
"980070",100367,"3",2888042,"1",
"980070",72194,"4",2888042,"1",
"980070",87583,"5",2888042,"1",
"900000",95300,"1",2888071,"1",
"900000",95300,"2",2888071,"1",
"900000",95300,"3",2888071,"1",
"900000",95300,"4",2888071,"1",
"900000",95300,"5",2888071,"1",
"980000",95300,"1",2888071,"1",
"980000",95300,"2",2888071,"1",
"980000",95300,"3",2888071,"1",
"980000",95300,"4",2888071,"1",
"980000",95300,"5",2888071,"1",
"980070",95300,"1",2888071,"1",
"980070",95300,"2",2888071,"1",
"980070",95300,"3",2888071,"1",
"980070",95300,"4",2888071,"1",
"980070",95300,"5",2888071,"1",
"900000",95300,"1",2888072,"1",
"900000",95300,"2",2888072,"1",
"900000",95300,"3",2888072,"1",
"900000",95300,"4",2888072,"1",
"900000",95300,"5",2888072,"1",
"980000",95300,"1",2888072,"1",
"980000",95300,"2",2888072,"1",
"980000",95300,"3",2888072,"1",
"980000",95300,"4",2888072,"1",
"980000",95300,"5",2888072,"1",
"980070",95300,"1",2888072,"1",
"980070",95300,"2",2888072,"1",
"980070",95300,"3",2888072,"1",
"980070",95300,"4",2888072,"1",
"980070",95300,"5",2888072,"1",
"900140",48771,"1",2888081,"1","T"
"900140",48771,"2",2888081,"1","T"
"900140",48771,"3",2888081,"1","T"
"900140",48771,"4",2888081,"1","T"
"900140",48771,"5",2888081,"1","T"
"980000",48771,"1",2888081,"1","T"
"980000",48771,"2",2888081,"1","T"
"980000",48771,"3",2888081,"1","T"
"980000",48771,"4",2888081,"1","T"
"980000",48771,"5",2888081,"1","T"
"980070",48771,"1",2888081,"1","T"
"980070",48771,"2",2888081,"1","T"
"980070",48771,"3",2888081,"1","T"
"980070",48771,"4",2888081,"1","T"
"980070",48771,"5",2888081,"1","T"
"900150",2304,"1",2888082,"1",
"900150",1140,"2",2888082,"1",
"900150",6168,"3",2888082,"1",
"900150",3288,"4",2888082,"1",
"900150",5916,"5",2888082,"1",
"980000",2304,"1",2888082,"1",
"980000",1140,"2",2888082,"1",
"980000",6168,"3",2888082,"1",
"980000",3288,"4",2888082,"1",
"980000",5916,"5",2888082,"1",
"980070",2304,"1",2888082,"1",
"980070",1140,"2",2888082,"1",
"980070",6168,"3",2888082,"1",
"980070",3288,"4",2888082,"1",
"980070",5916,"5",2888082,"1",
"900000",43000,"1",2888101,"1",
"900000",43000,"2",2888101,"1",
"900000",43000,"3",2888101,"1",
"900000",43000,"4",2888101,"1",
"900000",43000,"5",2888101,"1",
"980000",43000,"1",2888101,"1",
"980000",43000,"2",2888101,"1",
"980000",43000,"3",2888101,"1",
"980000",43000,"4",2888101,"1",
"980000",43000,"5",2888101,"1",
"980070",43490,"1",2888101,"1",
"980070",43490,"2",2888101,"1",
"980070",43490,"3",2888101,"1",
"980070",43490,"4",2888101,"1",
"980070",43490,"5",2888101,"1",
"900000",43000,"1",2888102,"1",
"900000",43000,"2",2888102,"1",
"900000",43000,"3",2888102,"1",
"900000",43000,"4",2888102,"1",
"900000",43000,"5",2888102,"1",
"980000",43000,"1",2888102,"1",
"980000",43000,"2",2888102,"1",
"980000",43000,"3",2888102,"1",
"980000",43000,"4",2888102,"1",
"980000",43000,"5",2888102,"1",
"980070",43490,"1",2888102,"1",
"980070",43490,"2",2888102,"1",
"980070",43490,"3",2888102,"1",
"980070",43490,"4",2888102,"1",
"980070",43490,"5",2888102,"1",
"900000",3323,"1",2888121,"1",
"900000",562,"2",2888121,"1",
"900000",3289,"3",2888121,"1",
"900000",2257,"4",2888121,"1",
"900000",4067,"5",2888121,"1",
"900030",10439,"1",2888121,"1",
"900030",10439,"2",2888121,"1",
"900030",10439,"3",2888121,"1",
"900030",10439,"4",2888121,"1",
"900030",10439,"5",2888121,"1",
"900150",2610,"1",2888121,"1",
"900150",2610,"2",2888121,"1",
"900150",2610,"3",2888121,"1",
"900150",2610,"4",2888121,"1",
"900150",2610,"5",2888121,"1",
"980000",16372,"1",2888121,"1",
"980000",13611,"2",2888121,"1",
"980000",16338,"3",2888121,"1",
"980000",15306,"4",2888121,"1",
"980000",17116,"5",2888121,"1",
"980070",16372,"1",2888121,"1",
"980070",13611,"2",2888121,"1",
"980070",16338,"3",2888121,"1",
"980070",15306,"4",2888121,"1",
"980070",17116,"5",2888121,"1",
"900000",435,"1",2888122,"1",
"900000",1030,"2",2888122,"1",
"900000",1462,"3",2888122,"1",
"900000",865,"4",2888122,"1",
"900000",1450,"5",2888122,"1",
"900030",10439,"1",2888122,"1",
"900030",10439,"2",2888122,"1",
"900030",10439,"3",2888122,"1",
"900030",10439,"4",2888122,"1",
"900030",10439,"5",2888122,"1",
"900150",2610,"1",2888122,"1",
"900150",2610,"2",2888122,"1",
"900150",2610,"3",2888122,"1",
"900150",2610,"4",2888122,"1",
"900150",2610,"5",2888122,"1",
"980000",13484,"1",2888122,"1",
"980000",14079,"2",2888122,"1",
"980000",14511,"3",2888122,"1",
"980000",13914,"4",2888122,"1",
"980000",14499,"5",2888122,"1",
"980070",13484,"1",2888122,"1",
"980070",14079,"2",2888122,"1",
"980070",14511,"3",2888122,"1",
"980070",13914,"4",2888122,"1",
"980070",14499,"5",2888122,"1",
"900000",43095,"1",2888131,"1",
"900000",43095,"2",2888131,"1",
"900000",43095,"3",2888131,"1",
"900000",43095,"4",2888131,"1",
"900000",43095,"5",2888131,"1",
"900160",-19120,"1",2888131,"1",
"900160",-4707,"2",2888131,"1",
"900160",-8482,"3",2888131,"1",
"900160",-5428,"4",2888131,"1",
"900160",-13473,"5",2888131,"1",
"900180",22,"1",2888131,"1",
"900180",141,"2",2888131,"1",
"900180",69,"3",2888131,"1",
"900180",34,"4",2888131,"1",
"900180",23,"5",2888131,"1",
"980000",23997,"1",2888131,"1",
"980000",38529,"2",2888131,"1",
"980000",34682,"3",2888131,"1",
"980000",37701,"4",2888131,"1",
"980000",29645,"5",2888131,"1",
"980070",29317,"1",2888131,"1",
"980070",43849,"2",2888131,"1",
"980070",40002,"3",2888131,"1",
"980070",43021,"4",2888131,"1",
"980070",34965,"5",2888131,"1",
"900000",43095,"1",2888132,"1",
"900000",43095,"2",2888132,"1",
"900000",43095,"3",2888132,"1",
"900000",43095,"4",2888132,"1",
"900000",43095,"5",2888132,"1",
"900160",-7417,"1",2888132,"1",
"900160",-51024,"2",2888132,"1",
"900160",-5660,"3",2888132,"1",
"900160",-12178,"4",2888132,"1",
"900160",-9114,"5",2888132,"1",
"900180",78,"1",2888132,"1",
"900180",136,"2",2888132,"1",
"900180",30,"3",2888132,"1",
"900180",128,"4",2888132,"1",
"900180",18,"5",2888132,"1",
"980000",35756,"1",2888132,"1",
"980000",-7793,"2",2888132,"1",
"980000",37465,"3",2888132,"1",
"980000",31045,"4",2888132,"1",
"980000",33999,"5",2888132,"1",
"980070",41076,"1",2888132,"1",
"980070",-2473,"2",2888132,"1",
"980070",42785,"3",2888132,"1",
"980070",36365,"4",2888132,"1",
"980070",39319,"5",2888132,"1",
"800940",10967,"1",2888161,"1","T"
"800940",10967,"2",2888161,"1","T"
"800940",10967,"3",2888161,"1","T"
"800940",10967,"4",2888161,"1","T"
"800940",10967,"5",2888161,"1","T"
"900000",340487,"1",2888161,"1","T"
"900000",340487,"2",2888161,"1","T"
"900000",340487,"3",2888161,"1","T"
"900000",340487,"4",2888161,"1","T"
"900000",340487,"5",2888161,"1","T"
"900160",7648,"1",2888161,"1",
"900160",52139,"2",2888161,"1",
"900160",38844,"3",2888161,"1",
"900160",31604,"4",2888161,"1",
"900160",5214,"5",2888161,"1",
"900190",10500,"1",2888161,"1",
"900190",10500,"2",2888161,"1",
"900190",10500,"3",2888161,"1",
"900190",10500,"4",2888161,"1",
"900190",10500,"5",2888161,"1",
"950002",20999,"1",2888161,"1",
"950002",20999,"2",2888161,"1",
"950002",20999,"3",2888161,"1",
"950002",20999,"4",2888161,"1",
"950002",20999,"5",2888161,"1",
"950012",5736,"1",2888161,"1",
"950012",5736,"2",2888161,"1",
"950012",5736,"3",2888161,"1",
"950012",5736,"4",2888161,"1",
"950012",5736,"5",2888161,"1",
"980000",378076,"1",2888161,"1","T"
"980000",378076,"2",2888161,"1","T"
"980000",378076,"3",2888161,"1","T"
"980000",378076,"4",2888161,"1","T"
"980000",378076,"5",2888161,"1","T"
"980070",312941,"1",2888161,"1","T"
"980070",312941,"2",2888161,"1","T"
"980070",312941,"3",2888161,"1","T"
"980070",312941,"4",2888161,"1","T"
"980070",312941,"5",2888161,"1","T"
"800940",10967,"1",2888162,"1","T"
"800940",10967,"2",2888162,"1","T"
"800940",10967,"3",2888162,"1","T"
"800940",10967,"4",2888162,"1","T"
"800940",10967,"5",2888162,"1","T"
"900000",340487,"1",2888162,"1","T"
"900000",340487,"2",2888162,"1","T"
"900000",340487,"3",2888162,"1","T"
"900000",340487,"4",2888162,"1","T"
"900000",340487,"5",2888162,"1","T"
"900160",10323,"1",2888162,"1",
"900160",407,"2",2888162,"1",
"900160",8448,"3",2888162,"1",
"900160",2345,"4",2888162,"1",
"900160",92997,"5",2888162,"1",
"900190",10500,"1",2888162,"1",
"900190",10500,"2",2888162,"1",
"900190",10500,"3",2888162,"1",
"900190",10500,"4",2888162,"1",
"900190",10500,"5",2888162,"1",
"950002",20999,"1",2888162,"1",
"950002",20999,"2",2888162,"1",
"950002",20999,"3",2888162,"1",
"950002",20999,"4",2888162,"1",
"950002",20999,"5",2888162,"1",
"950012",5736,"1",2888162,"1",
"950012",5736,"2",2888162,"1",
"950012",5736,"3",2888162,"1",
"950012",5736,"4",2888162,"1",
"950012",5736,"5",2888162,"1",
"980000",373891,"1",2888162,"1","T"
"980000",373891,"2",2888162,"1","T"
"980000",373891,"3",2888162,"1","T"
"980000",373891,"4",2888162,"1","T"
"980000",373891,"5",2888162,"1","T"
"980070",308756,"1",2888162,"1","T"
"980070",308756,"2",2888162,"1","T"
"980070",308756,"3",2888162,"1","T"
"980070",308756,"4",2888162,"1","T"
"980070",308756,"5",2888162,"1","T"
"900030",29003,"1",2888201,"1",
"900030",27791,"2",2888201,"1",
"900030",28115,"3",2888201,"1",
"900030",28343,"4",2888201,"1",
"900030",31811,"5",2888201,"1",
"900170",2000,"1",2888201,"1",
"900170",2000,"2",2888201,"1",
"900170",2000,"3",2888201,"1",
"900170",2000,"4",2888201,"1",
"900170",2000,"5",2888201,"1",
"900180",2310,"1",2888201,"1",
"900180",1996,"2",2888201,"1",
"900180",28,"3",2888201,"1",
"900180",8096,"4",2888201,"1",
"900180",12150,"5",2888201,"1",
"980000",33313,"1",2888201,"1",
"980000",31787,"2",2888201,"1",
"980000",30143,"3",2888201,"1",
"980000",38439,"4",2888201,"1",
"980000",45961,"5",2888201,"1",
"980070",33113,"1",2888201,"1",
"980070",31587,"2",2888201,"1",
"980070",29943,"3",2888201,"1",
"980070",38239,"4",2888201,"1",
"980070",45761,"5",2888201,"1",
"900030",27647,"1",2888202,"1",
"900030",31007,"2",2888202,"1",
"900030",29303,"3",2888202,"1",
"900030",31619,"4",2888202,"1",
"900030",27239,"5",2888202,"1",
"900170",2000,"1",2888202,"1",
"900170",2000,"2",2888202,"1",
"900170",2000,"3",2888202,"1",
"900170",2000,"4",2888202,"1",
"900170",2000,"5",2888202,"1",
"900180",3654,"1",2888202,"1",
"900180",1539,"2",2888202,"1",
"900180",51,"3",2888202,"1",
"900180",341,"4",2888202,"1",
"900180",24939,"5",2888202,"1",
"980000",33301,"1",2888202,"1",
"980000",34546,"2",2888202,"1",
"980000",31354,"3",2888202,"1",
"980000",33960,"4",2888202,"1",
"980000",54178,"5",2888202,"1",
"980070",33101,"1",2888202,"1",
"980070",34346,"2",2888202,"1",
"980070",31154,"3",2888202,"1",
"980070",33760,"4",2888202,"1",
"980070",53978,"5",2888202,"1",
"900000",62756,"1",2888211,"1",
"900000",48989,"2",2888211,"1",
"900000",53258,"3",2888211,"1",
"900000",36959,"4",2888211,"1",
"900000",24754,"5",2888211,"1",
"900160",76057,"1",2888211,"1",
"900160",54422,"2",2888211,"1",
"900160",17852,"3",2888211,"1",
"900160",4848,"4",2888211,"1",
"900160",10202,"5",2888211,"1",
"980000",138813,"1",2888211,"1",
"980000",103411,"2",2888211,"1",
"980000",71110,"3",2888211,"1",
"980000",41807,"4",2888211,"1",
"980000",34956,"5",2888211,"1",
"980070",138813,"1",2888211,"1",
"980070",103411,"2",2888211,"1",
"980070",71110,"3",2888211,"1",
"980070",41807,"4",2888211,"1",
"980070",34956,"5",2888211,"1",
"900000",43731,"1",2888212,"1",
"900000",40848,"2",2888212,"1",
"900000",64968,"3",2888212,"1",
"900000",20527,"4",2888212,"1",
"900000",28880,"5",2888212,"1",
"900160",1221,"1",2888212,"1",
"900160",774,"2",2888212,"1",
"900160",6266,"3",2888212,"1",
"900160",32956,"4",2888212,"1",
"900160",10572,"5",2888212,"1",
"980000",44952,"1",2888212,"1",
"980000",41622,"2",2888212,"1",
"980000",71234,"3",2888212,"1",
"980000",53483,"4",2888212,"1",
"980000",39452,"5",2888212,"1",
"980070",44952,"1",2888212,"1",
"980070",41622,"2",2888212,"1",
"980070",71234,"3",2888212,"1",
"980070",53483,"4",2888212,"1",
"980070",39452,"5",2888212,"1",
"900000",17067,"1",2888221,"1",
"900000",16198,"2",2888221,"1",
"900000",15491,"3",2888221,"1",
"900000",18276,"4",2888221,"1",
"900000",15110,"5",2888221,"1",
"900030",4919,"1",2888221,"1",
"900030",4715,"2",2888221,"1",
"900030",7739,"3",2888221,"1",
"900030",9227,"4",2888221,"1",
"900030",11123,"5",2888221,"1",
"900090",1924,"1",2888221,"1",
"900090",2057,"2",2888221,"1",
"900090",1569,"3",2888221,"1",
"900090",2093,"4",2888221,"1",
"900090",1984,"5",2888221,"1",
"900120",1318,"1",2888221,"1",
"900120",1223,"2",2888221,"1",
"900120",1488,"3",2888221,"1",
"900120",1325,"4",2888221,"1",
"900120",1720,"5",2888221,"1",
"980000",25228,"1",2888221,"1",
"980000",24193,"2",2888221,"1",
"980000",26287,"3",2888221,"1",
"980000",30921,"4",2888221,"1",
"980000",29937,"5",2888221,"1",
"980070",27178,"1",2888221,"1",
"980070",26143,"2",2888221,"1",
"980070",28237,"3",2888221,"1",
"980070",32871,"4",2888221,"1",
"980070",31887,"5",2888221,"1",
"900000",16234,"1",2888222,"1",
"900000",19302,"2",2888222,"1",
"900000",18041,"3",2888222,"1",
"900000",15255,"4",2888222,"1",
"900000",16290,"5",2888222,"1",
"900030",5651,"1",2888222,"1",
"900030",8375,"2",2888222,"1",
"900030",7079,"3",2888222,"1",
"900030",7427,"4",2888222,"1",
"900030",5123,"5",2888222,"1",
"900090",1595,"1",2888222,"1",
"900090",2365,"2",2888222,"1",
"900090",1568,"3",2888222,"1",
"900090",1850,"4",2888222,"1",
"900090",1429,"5",2888222,"1",
"900120",1881,"1",2888222,"1",
"900120",1528,"2",2888222,"1",
"900120",1895,"3",2888222,"1",
"900120",1249,"4",2888222,"1",
"900120",1717,"5",2888222,"1",
"980000",25361,"1",2888222,"1",
"980000",31570,"2",2888222,"1",
"980000",28583,"3",2888222,"1",
"980000",25781,"4",2888222,"1",
"980000",24559,"5",2888222,"1",
"980070",27311,"1",2888222,"1",
"980070",33520,"2",2888222,"1",
"980070",30533,"3",2888222,"1",
"980070",27731,"4",2888222,"1",
"980070",26509,"5",2888222,"1",
"900030",25114,"1",2888231,"1",
"900030",25114,"2",2888231,"1",
"900030",25114,"3",2888231,"1",
"900030",25114,"4",2888231,"1",
"900030",25114,"5",2888231,"1",
"900190",200,"1",2888231,"1",
"900190",200,"2",2888231,"1",
"900190",200,"3",2888231,"1",
"900190",200,"4",2888231,"1",
"900190",200,"5",2888231,"1",
"980000",25314,"1",2888231,"1",
"980000",25314,"2",2888231,"1",
"980000",25314,"3",2888231,"1",
"980000",25314,"4",2888231,"1",
"980000",25314,"5",2888231,"1",
"980070",25314,"1",2888231,"1",
"980070",25314,"2",2888231,"1",
"980070",25314,"3",2888231,"1",
"980070",25314,"4",2888231,"1",
"980070",25314,"5",2888231,"1",
"900030",25114,"1",2888232,"1",
"900030",25114,"2",2888232,"1",
"900030",25114,"3",2888232,"1",
"900030",25114,"4",2888232,"1",
"900030",25114,"5",2888232,"1",
"900190",200,"1",2888232,"1",
"900190",200,"2",2888232,"1",
"900190",200,"3",2888232,"1",
"900190",200,"4",2888232,"1",
"900190",200,"5",2888232,"1",
"980000",25314,"1",2888232,"1",
"980000",25314,"2",2888232,"1",
"980000",25314,"3",2888232,"1",
"980000",25314,"4",2888232,"1",
"980000",25314,"5",2888232,"1",
"980070",25314,"1",2888232,"1",
"980070",25314,"2",2888232,"1",
"980070",25314,"3",2888232,"1",
"980070",25314,"4",2888232,"1",
"980070",25314,"5",2888232,"1",
"900000",265739,"1",2888251,"1","T"
"900000",265739,"2",2888251,"1","T"
"900000",265739,"3",2888251,"1","T"
"900000",265739,"4",2888251,"1","T"
"900000",265739,"5",2888251,"1","T"
"900180",38657,"1",2888251,"1","T"
"900180",38657,"2",2888251,"1","T"
"900180",38657,"3",2888251,"1","T"
"900180",38657,"4",2888251,"1","T"
"900180",38657,"5",2888251,"1","T"
"980000",304396,"1",2888251,"1","T"
"980000",304396,"2",2888251,"1","T"
"980000",304396,"3",2888251,"1","T"
"980000",304396,"4",2888251,"1","T"
"980000",304396,"5",2888251,"1","T"
"980070",304396,"1",2888251,"1","T"
"980070",304396,"2",2888251,"1","T"
"980070",304396,"3",2888251,"1","T"
"980070",304396,"4",2888251,"1","T"
"980070",304396,"5",2888251,"1","T"
"900000",97602,"1",2888252,"1",
"900000",108427,"2",2888252,"1",
"900000",72314,"3",2888252,"1",
"900000",113204,"4",2888252,"1",
"900000",109847,"5",2888252,"1",
"900180",255,"1",2888252,"1",
"900180",524,"2",2888252,"1",
"900180",2553,"3",2888252,"1",
"900180",212,"4",2888252,"1",
"900180",1020,"5",2888252,"1",
"980000",97857,"1",2888252,"1",
"980000",108951,"2",2888252,"1",
"980000",74867,"3",2888252,"1",
"980000",113416,"4",2888252,"1",
"980000",110867,"5",2888252,"1",
"980070",97857,"1",2888252,"1",
"980070",108951,"2",2888252,"1",
"980070",74867,"3",2888252,"1",
"980070",113416,"4",2888252,"1",
"980070",110867,"5",2888252,"1",
"900000",23000,"1",2888261,"1",
"900000",23000,"2",2888261,"1",
"900000",23000,"3",2888261,"1",
"900000",23000,"4",2888261,"1",
"900000",23000,"5",2888261,"1",
"900140",6000,"1",2888261,"1",
"900140",6000,"2",2888261,"1",
"900140",6000,"3",2888261,"1",
"900140",6000,"4",2888261,"1",
"900140",6000,"5",2888261,"1",
"900210",13200,"1",2888261,"1",
"900210",13200,"2",2888261,"1",
"900210",13200,"3",2888261,"1",
"900210",13200,"4",2888261,"1",
"900210",13200,"5",2888261,"1",
"980000",42200,"1",2888261,"1",
"980000",42200,"2",2888261,"1",
"980000",42200,"3",2888261,"1",
"980000",42200,"4",2888261,"1",
"980000",42200,"5",2888261,"1",
"980070",45200,"1",2888261,"1",
"980070",45200,"2",2888261,"1",
"980070",45200,"3",2888261,"1",
"980070",45200,"4",2888261,"1",
"980070",45200,"5",2888261,"1",
"900000",23000,"1",2888262,"1",
"900000",23000,"2",2888262,"1",
"900000",23000,"3",2888262,"1",
"900000",23000,"4",2888262,"1",
"900000",23000,"5",2888262,"1",
"900140",6000,"1",2888262,"1",
"900140",6000,"2",2888262,"1",
"900140",6000,"3",2888262,"1",
"900140",6000,"4",2888262,"1",
"900140",6000,"5",2888262,"1",
"900210",13200,"1",2888262,"1",
"900210",13200,"2",2888262,"1",
"900210",13200,"3",2888262,"1",
"900210",13200,"4",2888262,"1",
"900210",13200,"5",2888262,"1",
"980000",42200,"1",2888262,"1",
"980000",42200,"2",2888262,"1",
"980000",42200,"3",2888262,"1",
"980000",42200,"4",2888262,"1",
"980000",42200,"5",2888262,"1",
"980070",45200,"1",2888262,"1",
"980070",45200,"2",2888262,"1",
"980070",45200,"3",2888262,"1",
"980070",45200,"4",2888262,"1",
"980070",45200,"5",2888262,"1",
"900000",137000,"1",2888271,"1",
"900000",137000,"2",2888271,"1",
"900000",137000,"3",2888271,"1",
"900000",137000,"4",2888271,"1",
"900000",137000,"5",2888271,"1",
"900180",999,"1",2888271,"1",
"900180",999,"2",2888271,"1",
"900180",999,"3",2888271,"1",
"900180",999,"4",2888271,"1",
"900180",999,"5",2888271,"1",
"980000",137999,"1",2888271,"1",
"980000",137999,"2",2888271,"1",
"980000",137999,"3",2888271,"1",
"980000",137999,"4",2888271,"1",
"980000",137999,"5",2888271,"1",
"980070",142899,"1",2888271,"1",
"980070",142899,"2",2888271,"1",
"980070",142899,"3",2888271,"1",
"980070",142899,"4",2888271,"1",
"980070",142899,"5",2888271,"1",
"900000",137000,"1",2888272,"1",
"900000",137000,"2",2888272,"1",
"900000",137000,"3",2888272,"1",
"900000",137000,"4",2888272,"1",
"900000",137000,"5",2888272,"1",
"900180",999,"1",2888272,"1",
"900180",999,"2",2888272,"1",
"900180",999,"3",2888272,"1",
"900180",999,"4",2888272,"1",
"900180",999,"5",2888272,"1",
"980000",137999,"1",2888272,"1",
"980000",137999,"2",2888272,"1",
"980000",137999,"3",2888272,"1",
"980000",137999,"4",2888272,"1",
"980000",137999,"5",2888272,"1",
"980070",142899,"1",2888272,"1",
"980070",142899,"2",2888272,"1",
"980070",142899,"3",2888272,"1",
"980070",142899,"4",2888272,"1",
"980070",142899,"5",2888272,"1",
"900030",35974,"1",2888281,"1",
"900030",37570,"2",2888281,"1",
"900030",37150,"3",2888281,"1",
"900030",35458,"4",2888281,"1",
"900030",34306,"5",2888281,"1",
"980000",35974,"1",2888281,"1",
"980000",37570,"2",2888281,"1",
"980000",37150,"3",2888281,"1",
"980000",35458,"4",2888281,"1",
"980000",34306,"5",2888281,"1",
"980070",35974,"1",2888281,"1",
"980070",37570,"2",2888281,"1",
"980070",37150,"3",2888281,"1",
"980070",35458,"4",2888281,"1",
"980070",34306,"5",2888281,"1",
"900030",36034,"1",2888282,"1",
"900030",35590,"2",2888282,"1",
"900030",33946,"3",2888282,"1",
"900030",33814,"4",2888282,"1",
"900030",32458,"5",2888282,"1",
"980000",36034,"1",2888282,"1",
"980000",35590,"2",2888282,"1",
"980000",33946,"3",2888282,"1",
"980000",33814,"4",2888282,"1",
"980000",32458,"5",2888282,"1",
"980070",36034,"1",2888282,"1",
"980070",35590,"2",2888282,"1",
"980070",33946,"3",2888282,"1",
"980070",33814,"4",2888282,"1",
"980070",32458,"5",2888282,"1",
"900000",34854,"1",2888291,"1",
"900000",32353,"2",2888291,"1",
"900000",32163,"3",2888291,"1",
"900000",30208,"4",2888291,"1",
"900000",34787,"5",2888291,"1",
"900150",1920,"1",2888291,"1",
"900150",1920,"2",2888291,"1",
"900150",1920,"3",2888291,"1",
"900150",1920,"4",2888291,"1",
"900150",1920,"5",2888291,"1",
"980000",36774,"1",2888291,"1",
"980000",34273,"2",2888291,"1",
"980000",34083,"3",2888291,"1",
"980000",32128,"4",2888291,"1",
"980000",36707,"5",2888291,"1",
"980070",43774,"1",2888291,"1",
"980070",41273,"2",2888291,"1",
"980070",41083,"3",2888291,"1",
"980070",39128,"4",2888291,"1",
"980070",43707,"5",2888291,"1",
"900000",31126,"1",2888292,"1",
"900000",31264,"2",2888292,"1",
"900000",39997,"3",2888292,"1",
"900000",32220,"4",2888292,"1",
"900000",39798,"5",2888292,"1",
"900150",1920,"1",2888292,"1",
"900150",1920,"2",2888292,"1",
"900150",1920,"3",2888292,"1",
"900150",1920,"4",2888292,"1",
"900150",1920,"5",2888292,"1",
"980000",33046,"1",2888292,"1",
"980000",33184,"2",2888292,"1",
"980000",41917,"3",2888292,"1",
"980000",34140,"4",2888292,"1",
"980000",41718,"5",2888292,"1",
"980070",40046,"1",2888292,"1",
"980070",40184,"2",2888292,"1",
"980070",48917,"3",2888292,"1",
"980070",41140,"4",2888292,"1",
"980070",48718,"5",2888292,"1",
"900000",80759,"1",2888311,"1",
"900000",81270,"2",2888311,"1",
"900000",83509,"3",2888311,"1",
"900000",83273,"4",2888311,"1",
"900000",81982,"5",2888311,"1",
"900030",12800,"1",2888311,"1",
"900030",12800,"2",2888311,"1",
"900030",12800,"3",2888311,"1",
"900030",12800,"4",2888311,"1",
"900030",12800,"5",2888311,"1",
"900180",10,"1",2888311,"1",
"900180",10,"2",2888311,"1",
"900180",10,"3",2888311,"1",
"900180",10,"4",2888311,"1",
"900180",10,"5",2888311,"1",
"980000",93569,"1",2888311,"1",
"980000",94080,"2",2888311,"1",
"980000",96319,"3",2888311,"1",
"980000",96083,"4",2888311,"1",
"980000",94792,"5",2888311,"1",
"980070",97569,"1",2888311,"1",
"980070",98080,"2",2888311,"1",
"980070",100319,"3",2888311,"1",
"980070",100083,"4",2888311,"1",
"980070",98792,"5",2888311,"1",
"900000",79753,"1",2888312,"1",
"900000",79606,"2",2888312,"1",
"900000",79767,"3",2888312,"1",
"900000",79683,"4",2888312,"1",
"900000",80651,"5",2888312,"1",
"900030",12800,"1",2888312,"1",
"900030",12800,"2",2888312,"1",
"900030",12800,"3",2888312,"1",
"900030",12800,"4",2888312,"1",
"900030",12800,"5",2888312,"1",
"900180",10,"1",2888312,"1",
"900180",10,"2",2888312,"1",
"900180",10,"3",2888312,"1",
"900180",10,"4",2888312,"1",
"900180",10,"5",2888312,"1",
"980000",92563,"1",2888312,"1",
"980000",92416,"2",2888312,"1",
"980000",92577,"3",2888312,"1",
"980000",92493,"4",2888312,"1",
"980000",93461,"5",2888312,"1",
"980070",96563,"1",2888312,"1",
"980070",96416,"2",2888312,"1",
"980070",96577,"3",2888312,"1",
"980070",96493,"4",2888312,"1",
"980070",97461,"5",2888312,"1",
"900030",32832,"1",2888321,"1",
"900030",21552,"2",2888321,"1",
"900030",26424,"3",2888321,"1",
"900030",7956,"4",2888321,"1",
"900030",20364,"5",2888321,"1",
"900150",1512,"1",2888321,"1",
"900150",2616,"2",2888321,"1",
"900150",4848,"3",2888321,"1",
"900150",3372,"4",2888321,"1",
"900150",2280,"5",2888321,"1",
"900170",10799,"1",2888321,"1",
"900170",2162,"2",2888321,"1",
"900170",6228,"3",2888321,"1",
"900170",35995,"4",2888321,"1",
"900170",384,"5",2888321,"1",
"980000",45143,"1",2888321,"1",
"980000",26330,"2",2888321,"1",
"980000",37500,"3",2888321,"1",
"980000",47323,"4",2888321,"1",
"980000",23028,"5",2888321,"1",
"980070",45143,"1",2888321,"1",
"980070",26330,"2",2888321,"1",
"980070",37500,"3",2888321,"1",
"980070",47323,"4",2888321,"1",
"980070",23028,"5",2888321,"1",
"900030",3384,"1",2888322,"1",
"900030",13164,"2",2888322,"1",
"900030",16536,"3",2888322,"1",
"900030",14268,"4",2888322,"1",
"900030",19728,"5",2888322,"1",
"980000",3384,"1",2888322,"1",
"980000",13164,"2",2888322,"1",
"980000",16536,"3",2888322,"1",
"980000",14268,"4",2888322,"1",
"980000",19728,"5",2888322,"1",
"980070",3384,"1",2888322,"1",
"980070",13164,"2",2888322,"1",
"980070",16536,"3",2888322,"1",
"980070",14268,"4",2888322,"1",
"980070",19728,"5",2888322,"1",
"900000",30265,"1",2888341,"1",
"900000",35318,"2",2888341,"1",
"900000",33568,"3",2888341,"1",
"900000",34228,"4",2888341,"1",
"900000",34505,"5",2888341,"1",
"980000",30265,"1",2888341,"1",
"980000",35318,"2",2888341,"1",
"980000",33568,"3",2888341,"1",
"980000",34228,"4",2888341,"1",
"980000",34505,"5",2888341,"1",
"980070",30265,"1",2888341,"1",
"980070",35318,"2",2888341,"1",
"980070",33568,"3",2888341,"1",
"980070",34228,"4",2888341,"1",
"980070",34505,"5",2888341,"1",
"900000",32074,"1",2888342,"1",
"900000",30520,"2",2888342,"1",
"900000",36259,"3",2888342,"1",
"900000",33839,"4",2888342,"1",
"900000",39006,"5",2888342,"1",
"980000",32074,"1",2888342,"1",
"980000",30520,"2",2888342,"1",
"980000",36259,"3",2888342,"1",
"980000",33839,"4",2888342,"1",
"980000",39006,"5",2888342,"1",
"980070",32074,"1",2888342,"1",
"980070",30520,"2",2888342,"1",
"980070",36259,"3",2888342,"1",
"980070",33839,"4",2888342,"1",
"980070",39006,"5",2888342,"1",
"900000",205487,"1",2888361,"1","T"
"900000",205487,"2",2888361,"1","T"
"900000",205487,"3",2888361,"1","T"
"900000",205487,"4",2888361,"1","T"
"900000",205487,"5",2888361,"1","T"
"900170",23000,"1",2888361,"1",
"900170",23000,"2",2888361,"1",
"900170",23000,"3",2888361,"1",
"900170",23000,"4",2888361,"1",
"900170",23000,"5",2888361,"1",
"900180",10000,"1",2888361,"1",
"900180",10000,"2",2888361,"1",
"900180",10000,"3",2888361,"1",
"900180",10000,"4",2888361,"1",
"900180",10000,"5",2888361,"1",
"980000",238487,"1",2888361,"1","T"
"980000",238487,"2",2888361,"1","T"
"980000",238487,"3",2888361,"1","T"
"980000",238487,"4",2888361,"1","T"
"980000",238487,"5",2888361,"1","T"
"980070",238487,"1",2888361,"1","T"
"980070",238487,"2",2888361,"1","T"
"980070",238487,"3",2888361,"1","T"
"980070",238487,"4",2888361,"1","T"
"980070",238487,"5",2888361,"1","T"
"900000",205487,"1",2888362,"1","T"
"900000",205487,"2",2888362,"1","T"
"900000",205487,"3",2888362,"1","T"
"900000",205487,"4",2888362,"1","T"
"900000",205487,"5",2888362,"1","T"
"900170",23000,"1",2888362,"1",
"900170",23000,"2",2888362,"1",
"900170",23000,"3",2888362,"1",
"900170",23000,"4",2888362,"1",
"900170",23000,"5",2888362,"1",
"900180",10000,"1",2888362,"1",
"900180",10000,"2",2888362,"1",
"900180",10000,"3",2888362,"1",
"900180",10000,"4",2888362,"1",
"900180",10000,"5",2888362,"1",
"980000",238487,"1",2888362,"1","T"
"980000",238487,"2",2888362,"1","T"
"980000",238487,"3",2888362,"1","T"
"980000",238487,"4",2888362,"1","T"
"980000",238487,"5",2888362,"1","T"
"980070",238487,"1",2888362,"1","T"
"980070",238487,"2",2888362,"1","T"
"980070",238487,"3",2888362,"1","T"
"980070",238487,"4",2888362,"1","T"
"980070",238487,"5",2888362,"1","T"
"900000",22100,"1",2888371,"1",
"900000",79465,"2",2888371,"1",
"900000",16452,"3",2888371,"1",
"900000",34723,"4",2888371,"1",
"900000",50474,"5",2888371,"1",
"980000",22100,"1",2888371,"1",
"980000",79465,"2",2888371,"1",
"980000",16452,"3",2888371,"1",
"980000",34723,"4",2888371,"1",
"980000",50474,"5",2888371,"1",
"980070",22100,"1",2888371,"1",
"980070",79465,"2",2888371,"1",
"980070",16452,"3",2888371,"1",
"980070",34723,"4",2888371,"1",
"980070",50474,"5",2888371,"1",
"900000",85607,"1",2888372,"1",
"900000",71887,"2",2888372,"1",
"900000",22662,"3",2888372,"1",
"900000",71708,"4",2888372,"1",
"900000",72059,"5",2888372,"1",
"980000",85607,"1",2888372,"1",
"980000",71887,"2",2888372,"1",
"980000",22662,"3",2888372,"1",
"980000",71708,"4",2888372,"1",
"980000",72059,"5",2888372,"1",
"980070",85607,"1",2888372,"1",
"980070",71887,"2",2888372,"1",
"980070",22662,"3",2888372,"1",
"980070",71708,"4",2888372,"1",
"980070",72059,"5",2888372,"1",
"900000",75528,"1",2888401,"1",
"900000",75528,"2",2888401,"1",
"900000",75528,"3",2888401,"1",
"900000",75528,"4",2888401,"1",
"900000",75528,"5",2888401,"1",
"900210",175,"1",2888401,"1",
"900210",175,"2",2888401,"1",
"900210",175,"3",2888401,"1",
"900210",175,"4",2888401,"1",
"900210",175,"5",2888401,"1",
"980000",75703,"1",2888401,"1",
"980000",75703,"2",2888401,"1",
"980000",75703,"3",2888401,"1",
"980000",75703,"4",2888401,"1",
"980000",75703,"5",2888401,"1",
"980070",75703,"1",2888401,"1",
"980070",75703,"2",2888401,"1",
"980070",75703,"3",2888401,"1",
"980070",75703,"4",2888401,"1",
"980070",75703,"5",2888401,"1",
"900000",75528,"1",2888402,"1",
"900000",75528,"2",2888402,"1",
"900000",75528,"3",2888402,"1",
"900000",75528,"4",2888402,"1",
"900000",75528,"5",2888402,"1",
"900210",175,"1",2888402,"1",
"900210",175,"2",2888402,"1",
"900210",175,"3",2888402,"1",
"900210",175,"4",2888402,"1",
"900210",175,"5",2888402,"1",
"980000",75703,"1",2888402,"1",
"980000",75703,"2",2888402,"1",
"980000",75703,"3",2888402,"1",
"980000",75703,"4",2888402,"1",
"980000",75703,"5",2888402,"1",
"980070",75703,"1",2888402,"1",
"980070",75703,"2",2888402,"1",
"980070",75703,"3",2888402,"1",
"980070",75703,"4",2888402,"1",
"980070",75703,"5",2888402,"1",
"800940",1989,"1",2888421,"1",
"800940",1989,"2",2888421,"1",
"800940",1989,"3",2888421,"1",
"800940",1989,"4",2888421,"1",
"800940",1989,"5",2888421,"1",
"900000",28000,"1",2888421,"1",
"900000",28000,"2",2888421,"1",
"900000",28000,"3",2888421,"1",
"900000",28000,"4",2888421,"1",
"900000",28000,"5",2888421,"1",
"900150",17,"1",2888421,"1",
"900150",17,"2",2888421,"1",
"900150",17,"3",2888421,"1",
"900150",17,"4",2888421,"1",
"900150",17,"5",2888421,"1",
"900160",6000,"1",2888421,"1",
"900160",6000,"2",2888421,"1",
"900160",6000,"3",2888421,"1",
"900160",6000,"4",2888421,"1",
"900160",6000,"5",2888421,"1",
"900180",140,"1",2888421,"1",
"900180",337,"2",2888421,"1",
"900180",56,"3",2888421,"1",
"900180",730,"4",2888421,"1",
"900180",116,"5",2888421,"1",
"980000",34157,"1",2888421,"1",
"980000",34354,"2",2888421,"1",
"980000",34073,"3",2888421,"1",
"980000",34747,"4",2888421,"1",
"980000",34133,"5",2888421,"1",
"980070",38157,"1",2888421,"1",
"980070",38354,"2",2888421,"1",
"980070",38073,"3",2888421,"1",
"980070",38747,"4",2888421,"1",
"980070",38133,"5",2888421,"1",
"800940",1989,"1",2888422,"1",
"800940",1989,"2",2888422,"1",
"800940",1989,"3",2888422,"1",
"800940",1989,"4",2888422,"1",
"800940",1989,"5",2888422,"1",
"900000",28000,"1",2888422,"1",
"900000",28000,"2",2888422,"1",
"900000",28000,"3",2888422,"1",
"900000",28000,"4",2888422,"1",
"900000",28000,"5",2888422,"1",
"900150",17,"1",2888422,"1",
"900150",17,"2",2888422,"1",
"900150",17,"3",2888422,"1",
"900150",17,"4",2888422,"1",
"900150",17,"5",2888422,"1",
"900160",6000,"1",2888422,"1",
"900160",6000,"2",2888422,"1",
"900160",6000,"3",2888422,"1",
"900160",6000,"4",2888422,"1",
"900160",6000,"5",2888422,"1",
"900180",18,"1",2888422,"1",
"900180",39,"2",2888422,"1",
"900180",4,"3",2888422,"1",
"900180",63,"4",2888422,"1",
"900180",77,"5",2888422,"1",
"980000",34035,"1",2888422,"1",
"980000",34056,"2",2888422,"1",
"980000",34021,"3",2888422,"1",
"980000",34080,"4",2888422,"1",
"980000",34094,"5",2888422,"1",
"980070",38035,"1",2888422,"1",
"980070",38056,"2",2888422,"1",
"980070",38021,"3",2888422,"1",
"980070",38080,"4",2888422,"1",
"980070",38094,"5",2888422,"1",
"900030",43846,"1",2888461,"1",
"900030",43846,"2",2888461,"1",
"900030",43846,"3",2888461,"1",
"900030",43846,"4",2888461,"1",
"900030",43846,"5",2888461,"1",
"900090",116,"1",2888461,"1",
"900090",116,"2",2888461,"1",
"900090",116,"3",2888461,"1",
"900090",116,"4",2888461,"1",
"900090",116,"5",2888461,"1",
"900160",24000,"1",2888461,"1",
"900160",24000,"2",2888461,"1",
"900160",24000,"3",2888461,"1",
"900160",24000,"4",2888461,"1",
"900160",24000,"5",2888461,"1",
"980000",67962,"1",2888461,"1",
"980000",67962,"2",2888461,"1",
"980000",67962,"3",2888461,"1",
"980000",67962,"4",2888461,"1",
"980000",67962,"5",2888461,"1",
"980070",68324,"1",2888461,"1",
"980070",68324,"2",2888461,"1",
"980070",68324,"3",2888461,"1",
"980070",68324,"4",2888461,"1",
"980070",68324,"5",2888461,"1",
"900030",43846,"1",2888462,"1",
"900030",43846,"2",2888462,"1",
"900030",43846,"3",2888462,"1",
"900030",43846,"4",2888462,"1",
"900030",43846,"5",2888462,"1",
"900090",116,"1",2888462,"1",
"900090",116,"2",2888462,"1",
"900090",116,"3",2888462,"1",
"900090",116,"4",2888462,"1",
"900090",116,"5",2888462,"1",
"900160",24000,"1",2888462,"1",
"900160",24000,"2",2888462,"1",
"900160",24000,"3",2888462,"1",
"900160",24000,"4",2888462,"1",
"900160",24000,"5",2888462,"1",
"980000",67962,"1",2888462,"1",
"980000",67962,"2",2888462,"1",
"980000",67962,"3",2888462,"1",
"980000",67962,"4",2888462,"1",
"980000",67962,"5",2888462,"1",
"980070",68324,"1",2888462,"1",
"980070",68324,"2",2888462,"1",
"980070",68324,"3",2888462,"1",
"980070",68324,"4",2888462,"1",
"980070",68324,"5",2888462,"1",
"900000",49000,"1",2888471,"1",
"900000",49000,"2",2888471,"1",
"900000",49000,"3",2888471,"1",
"900000",49000,"4",2888471,"1",
"900000",49000,"5",2888471,"1",
"980000",49000,"1",2888471,"1",
"980000",49000,"2",2888471,"1",
"980000",49000,"3",2888471,"1",
"980000",49000,"4",2888471,"1",
"980000",49000,"5",2888471,"1",
"980070",54240,"1",2888471,"1",
"980070",54240,"2",2888471,"1",
"980070",54240,"3",2888471,"1",
"980070",54240,"4",2888471,"1",
"980070",54240,"5",2888471,"1",
"900000",49000,"1",2888472,"1",
"900000",49000,"2",2888472,"1",
"900000",49000,"3",2888472,"1",
"900000",49000,"4",2888472,"1",
"900000",49000,"5",2888472,"1",
"980000",49000,"1",2888472,"1",
"980000",49000,"2",2888472,"1",
"980000",49000,"3",2888472,"1",
"980000",49000,"4",2888472,"1",
"980000",49000,"5",2888472,"1",
"980070",54240,"1",2888472,"1",
"980070",54240,"2",2888472,"1",
"980070",54240,"3",2888472,"1",
"980070",54240,"4",2888472,"1",
"980070",54240,"5",2888472,"1",
"900000",39373,"1",2888481,"1",
"900000",36000,"2",2888481,"1",
"900000",16360,"3",2888481,"1",
"900000",62192,"4",2888481,"1",
"900000",45234,"5",2888481,"1",
"900160",30929,"1",2888481,"1",
"900160",5183,"2",2888481,"1",
"900160",14958,"3",2888481,"1",
"900160",55080,"4",2888481,"1",
"900160",13668,"5",2888481,"1",
"980000",70302,"1",2888481,"1",
"980000",41183,"2",2888481,"1",
"980000",31318,"3",2888481,"1",
"980000",117272,"4",2888481,"1",
"980000",58902,"5",2888481,"1",
"980070",70302,"1",2888481,"1",
"980070",41183,"2",2888481,"1",
"980070",31318,"3",2888481,"1",
"980070",117272,"4",2888481,"1",
"980070",58902,"5",2888481,"1",
"900000",35640,"1",2888482,"1",
"900000",82891,"2",2888482,"1",
"900000",32585,"3",2888482,"1",
"900000",49403,"4",2888482,"1",
"900000",86030,"5",2888482,"1",
"900160",32917,"1",2888482,"1",
"900160",15000,"2",2888482,"1",
"900160",20605,"3",2888482,"1",
"900160",8715,"4",2888482,"1",
"900160",12000,"5",2888482,"1",
"980000",68557,"1",2888482,"1",
"980000",97891,"2",2888482,"1",
"980000",53190,"3",2888482,"1",
"980000",58118,"4",2888482,"1",
"980000",98030,"5",2888482,"1",
"980070",68557,"1",2888482,"1",
"980070",97891,"2",2888482,"1",
"980070",53190,"3",2888482,"1",
"980070",58118,"4",2888482,"1",
"980070",98030,"5",2888482,"1",
"900000",55000,"1",2888491,"1",
"900000",55000,"2",2888491,"1",
"900000",55000,"3",2888491,"1",
"900000",55000,"4",2888491,"1",
"900000",55000,"5",2888491,"1",
"980000",55000,"1",2888491,"1",
"980000",55000,"2",2888491,"1",
"980000",55000,"3",2888491,"1",
"980000",55000,"4",2888491,"1",
"980000",55000,"5",2888491,"1",
"980070",58700,"1",2888491,"1",
"980070",58700,"2",2888491,"1",
"980070",58700,"3",2888491,"1",
"980070",58700,"4",2888491,"1",
"980070",58700,"5",2888491,"1",
"900000",55000,"1",2888492,"1",
"900000",55000,"2",2888492,"1",
"900000",55000,"3",2888492,"1",
"900000",55000,"4",2888492,"1",
"900000",55000,"5",2888492,"1",
"980000",55000,"1",2888492,"1",
"980000",55000,"2",2888492,"1",
"980000",55000,"3",2888492,"1",
"980000",55000,"4",2888492,"1",
"980000",55000,"5",2888492,"1",
"980070",58700,"1",2888492,"1",
"980070",58700,"2",2888492,"1",
"980070",58700,"3",2888492,"1",
"980070",58700,"4",2888492,"1",
"980070",58700,"5",2888492,"1",
"900000",11267,"1",2888501,"1",
"900000",45388,"2",2888501,"1",
"900000",13091,"3",2888501,"1",
"900000",7596,"4",2888501,"1",
"900000",22440,"5",2888501,"1",
"980000",11267,"1",2888501,"1",
"980000",45388,"2",2888501,"1",
"980000",13091,"3",2888501,"1",
"980000",7596,"4",2888501,"1",
"980000",22440,"5",2888501,"1",
"980070",11205,"1",2888501,"1",
"980070",45326,"2",2888501,"1",
"980070",13029,"3",2888501,"1",
"980070",7534,"4",2888501,"1",
"980070",22378,"5",2888501,"1",
"900000",15899,"1",2888502,"1",
"900000",56637,"2",2888502,"1",
"900000",6977,"3",2888502,"1",
"900000",28082,"4",2888502,"1",
"900000",40786,"5",2888502,"1",
"980000",15899,"1",2888502,"1",
"980000",56637,"2",2888502,"1",
"980000",6977,"3",2888502,"1",
"980000",28082,"4",2888502,"1",
"980000",40786,"5",2888502,"1",
"980070",15837,"1",2888502,"1",
"980070",56575,"2",2888502,"1",
"980070",6915,"3",2888502,"1",
"980070",28020,"4",2888502,"1",
"980070",40724,"5",2888502,"1",
"900030",17579,"1",2888511,"1",
"900030",17579,"2",2888511,"1",
"900030",17579,"3",2888511,"1",
"900030",17579,"4",2888511,"1",
"900030",17579,"5",2888511,"1",
"900170",2544,"1",2888511,"1",
"900170",2544,"2",2888511,"1",
"900170",2544,"3",2888511,"1",
"900170",2544,"4",2888511,"1",
"900170",2544,"5",2888511,"1",
"900180",1,"1",2888511,"1",
"900180",1,"2",2888511,"1",
"900180",1,"3",2888511,"1",
"900180",1,"4",2888511,"1",
"900180",1,"5",2888511,"1",
"900200",1100,"1",2888511,"1",
"900200",1100,"2",2888511,"1",
"900200",1100,"3",2888511,"1",
"900200",1100,"4",2888511,"1",
"900200",1100,"5",2888511,"1",
"980000",21224,"1",2888511,"1",
"980000",21224,"2",2888511,"1",
"980000",21224,"3",2888511,"1",
"980000",21224,"4",2888511,"1",
"980000",21224,"5",2888511,"1",
"980070",21174,"1",2888511,"1",
"980070",21174,"2",2888511,"1",
"980070",21174,"3",2888511,"1",
"980070",21174,"4",2888511,"1",
"980070",21174,"5",2888511,"1",
"800940",6198,"1",2888551,"1",
"800940",1580,"2",2888551,"1",
"800940",1740,"3",2888551,"1",
"800940",2336,"4",2888551,"1",
"800940",1985,"5",2888551,"1",
"900000",17957,"1",2888551,"1",
"900000",18458,"2",2888551,"1",
"900000",16106,"3",2888551,"1",
"900000",19673,"4",2888551,"1",
"900000",17218,"5",2888551,"1",
"900150",3240,"1",2888551,"1",
"900150",3240,"2",2888551,"1",
"900150",3240,"3",2888551,"1",
"900150",3240,"4",2888551,"1",
"900150",3240,"5",2888551,"1",
"900160",31534,"1",2888551,"1",
"900160",1100,"2",2888551,"1",
"900160",3320,"3",2888551,"1",
"900160",5432,"4",2888551,"1",
"900160",4367,"5",2888551,"1",
"980000",52731,"1",2888551,"1",
"980000",22798,"2",2888551,"1",
"980000",22666,"3",2888551,"1",
"980000",28345,"4",2888551,"1",
"980000",24825,"5",2888551,"1",
"980070",52731,"1",2888551,"1",
"980070",22798,"2",2888551,"1",
"980070",22666,"3",2888551,"1",
"980070",28345,"4",2888551,"1",
"980070",24825,"5",2888551,"1",
"800940",2062,"1",2888552,"1",
"800940",5593,"2",2888552,"1",
"800940",1328,"3",2888552,"1",
"800940",1999,"4",2888552,"1",
"800940",5978,"5",2888552,"1",
"900000",16844,"1",2888552,"1",
"900000",18156,"2",2888552,"1",
"900000",18257,"3",2888552,"1",
"900000",16309,"4",2888552,"1",
"900000",16594,"5",2888552,"1",
"900150",3240,"1",2888552,"1",
"900150",3240,"2",2888552,"1",
"900150",3240,"3",2888552,"1",
"900150",3240,"4",2888552,"1",
"900150",3240,"5",2888552,"1",
"900160",5055,"1",2888552,"1",
"900160",27475,"2",2888552,"1",
"900160",-451,"3",2888552,"1",
"900160",4910,"4",2888552,"1",
"900160",30778,"5",2888552,"1",
"980000",25139,"1",2888552,"1",
"980000",48871,"2",2888552,"1",
"980000",21046,"3",2888552,"1",
"980000",24459,"4",2888552,"1",
"980000",50612,"5",2888552,"1",
"980070",25139,"1",2888552,"1",
"980070",48871,"2",2888552,"1",
"980070",21046,"3",2888552,"1",
"980070",24459,"4",2888552,"1",
"980070",50612,"5",2888552,"1",
"900000",9425,"1",2888561,"1",
"900000",9425,"2",2888561,"1",
"900000",9425,"3",2888561,"1",
"900000",9425,"4",2888561,"1",
"900000",9425,"5",2888561,"1",
"900140",150,"1",2888561,"1",
"900140",150,"2",2888561,"1",
"900140",150,"3",2888561,"1",
"900140",150,"4",2888561,"1",
"900140",150,"5",2888561,"1",
"900150",1980,"1",2888561,"1",
"900150",1980,"2",2888561,"1",
"900150",1980,"3",2888561,"1",
"900150",1980,"4",2888561,"1",
"900150",1980,"5",2888561,"1",
"980000",11555,"1",2888561,"1",
"980000",11555,"2",2888561,"1",
"980000",11555,"3",2888561,"1",
"980000",11555,"4",2888561,"1",
"980000",11555,"5",2888561,"1",
"980070",13615,"1",2888561,"1",
"980070",13615,"2",2888561,"1",
"980070",13615,"3",2888561,"1",
"980070",13615,"4",2888561,"1",
"980070",13615,"5",2888561,"1",
"900000",9425,"1",2888562,"1",
"900000",9425,"2",2888562,"1",
"900000",9425,"3",2888562,"1",
"900000",9425,"4",2888562,"1",
"900000",9425,"5",2888562,"1",
"900140",150,"1",2888562,"1",
"900140",150,"2",2888562,"1",
"900140",150,"3",2888562,"1",
"900140",150,"4",2888562,"1",
"900140",150,"5",2888562,"1",
"900150",1980,"1",2888562,"1",
"900150",1980,"2",2888562,"1",
"900150",1980,"3",2888562,"1",
"900150",1980,"4",2888562,"1",
"900150",1980,"5",2888562,"1",
"980000",11555,"1",2888562,"1",
"980000",11555,"2",2888562,"1",
"980000",11555,"3",2888562,"1",
"980000",11555,"4",2888562,"1",
"980000",11555,"5",2888562,"1",
"980070",13615,"1",2888562,"1",
"980070",13615,"2",2888562,"1",
"980070",13615,"3",2888562,"1",
"980070",13615,"4",2888562,"1",
"980070",13615,"5",2888562,"1",
"900030",15659,"1",2888611,"1",
"900030",15659,"2",2888611,"1",
"900030",15659,"3",2888611,"1",
"900030",15659,"4",2888611,"1",
"900030",15659,"5",2888611,"1",
"900170",8400,"1",2888611,"1",
"900170",8400,"2",2888611,"1",
"900170",8400,"3",2888611,"1",
"900170",8400,"4",2888611,"1",
"900170",8400,"5",2888611,"1",
"900180",14822,"1",2888611,"1",
"900180",10553,"2",2888611,"1",
"900180",13998,"3",2888611,"1",
"900180",10485,"4",2888611,"1",
"900180",11147,"5",2888611,"1",
"980000",38881,"1",2888611,"1",
"980000",34612,"2",2888611,"1",
"980000",38057,"3",2888611,"1",
"980000",34544,"4",2888611,"1",
"980000",35206,"5",2888611,"1",
"980070",38881,"1",2888611,"1",
"980070",34612,"2",2888611,"1",
"980070",38057,"3",2888611,"1",
"980070",34544,"4",2888611,"1",
"980070",35206,"5",2888611,"1",
"900030",15659,"1",2888612,"1",
"900030",15659,"2",2888612,"1",
"900030",15659,"3",2888612,"1",
"900030",15659,"4",2888612,"1",
"900030",15659,"5",2888612,"1",
"900170",8400,"1",2888612,"1",
"900170",8400,"2",2888612,"1",
"900170",8400,"3",2888612,"1",
"900170",8400,"4",2888612,"1",
"900170",8400,"5",2888612,"1",
"900180",10075,"1",2888612,"1",
"900180",10096,"2",2888612,"1",
"900180",11987,"3",2888612,"1",
"900180",10999,"4",2888612,"1",
"900180",10598,"5",2888612,"1",
"980000",34134,"1",2888612,"1",
"980000",34155,"2",2888612,"1",
"980000",36046,"3",2888612,"1",
"980000",35058,"4",2888612,"1",
"980000",34657,"5",2888612,"1",
"980070",34134,"1",2888612,"1",
"980070",34155,"2",2888612,"1",
"980070",36046,"3",2888612,"1",
"980070",35058,"4",2888612,"1",
"980070",34657,"5",2888612,"1",
"900000",40000,"1",2888621,"1",
"900000",40000,"2",2888621,"1",
"900000",40000,"3",2888621,"1",
"900000",40000,"4",2888621,"1",
"900000",40000,"5",2888621,"1",
"980000",40000,"1",2888621,"1",
"980000",40000,"2",2888621,"1",
"980000",40000,"3",2888621,"1",
"980000",40000,"4",2888621,"1",
"980000",40000,"5",2888621,"1",
"980070",40750,"1",2888621,"1",
"980070",40750,"2",2888621,"1",
"980070",40750,"3",2888621,"1",
"980070",40750,"4",2888621,"1",
"980070",40750,"5",2888621,"1",
"900000",40000,"1",2888622,"1",
"900000",40000,"2",2888622,"1",
"900000",40000,"3",2888622,"1",
"900000",40000,"4",2888622,"1",
"900000",40000,"5",2888622,"1",
"980000",40000,"1",2888622,"1",
"980000",40000,"2",2888622,"1",
"980000",40000,"3",2888622,"1",
"980000",40000,"4",2888622,"1",
"980000",40000,"5",2888622,"1",
"980070",40750,"1",2888622,"1",
"980070",40750,"2",2888622,"1",
"980070",40750,"3",2888622,"1",
"980070",40750,"4",2888622,"1",
"980070",40750,"5",2888622,"1",
"900030",15659,"1",2888681,"1",
"900030",15659,"2",2888681,"1",
"900030",15659,"3",2888681,"1",
"900030",15659,"4",2888681,"1",
"900030",15659,"5",2888681,"1",
"900090",1600,"1",2888681,"1",
"900090",1600,"2",2888681,"1",
"900090",1600,"3",2888681,"1",
"900090",1600,"4",2888681,"1",
"900090",1600,"5",2888681,"1",
"900170",1358,"1",2888681,"1",
"900170",13190,"2",2888681,"1",
"900170",14735,"3",2888681,"1",
"900170",45715,"4",2888681,"1",
"900170",41446,"5",2888681,"1",
"980000",18617,"1",2888681,"1",
"980000",30449,"2",2888681,"1",
"980000",31994,"3",2888681,"1",
"980000",62974,"4",2888681,"1",
"980000",58705,"5",2888681,"1",
"980070",18617,"1",2888681,"1",
"980070",30449,"2",2888681,"1",
"980070",31994,"3",2888681,"1",
"980070",62974,"4",2888681,"1",
"980070",58705,"5",2888681,"1",
"900030",15659,"1",2888682,"1",
"900030",15659,"2",2888682,"1",
"900030",15659,"3",2888682,"1",
"900030",15659,"4",2888682,"1",
"900030",15659,"5",2888682,"1",
"900090",1600,"1",2888682,"1",
"900090",1600,"2",2888682,"1",
"900090",1600,"3",2888682,"1",
"900090",1600,"4",2888682,"1",
"900090",1600,"5",2888682,"1",
"900170",71786,"1",2888682,"1","T"
"900170",71786,"2",2888682,"1","T"
"900170",71786,"3",2888682,"1","T"
"900170",71786,"4",2888682,"1","T"
"900170",71786,"5",2888682,"1","T"
"980000",89045,"1",2888682,"1","T"
"980000",89045,"2",2888682,"1","T"
"980000",89045,"3",2888682,"1","T"
"980000",89045,"4",2888682,"1","T"
"980000",89045,"5",2888682,"1","T"
"980070",89045,"1",2888682,"1","T"
"980070",89045,"2",2888682,"1","T"
"980070",89045,"3",2888682,"1","T"
"980070",89045,"4",2888682,"1","T"
"980070",89045,"5",2888682,"1","T"
"900030",39778,"1",2888691,"1",
"900030",39778,"2",2888691,"1",
"900030",39778,"3",2888691,"1",
"900030",39778,"4",2888691,"1",
"900030",39778,"5",2888691,"1",
"900170",700,"1",2888691,"1",
"900170",700,"2",2888691,"1",
"900170",700,"3",2888691,"1",
"900170",700,"4",2888691,"1",
"900170",700,"5",2888691,"1",
"980000",40478,"1",2888691,"1",
"980000",40478,"2",2888691,"1",
"980000",40478,"3",2888691,"1",
"980000",40478,"4",2888691,"1",
"980000",40478,"5",2888691,"1",
"980070",40478,"1",2888691,"1",
"980070",40478,"2",2888691,"1",
"980070",40478,"3",2888691,"1",
"980070",40478,"4",2888691,"1",
"980070",40478,"5",2888691,"1",
"900030",39778,"1",2888692,"1",
"900030",39778,"2",2888692,"1",
"900030",39778,"3",2888692,"1",
"900030",39778,"4",2888692,"1",
"900030",39778,"5",2888692,"1",
"900170",700,"1",2888692,"1",
"900170",700,"2",2888692,"1",
"900170",700,"3",2888692,"1",
"900170",700,"4",2888692,"1",
"900170",700,"5",2888692,"1",
"980000",40478,"1",2888692,"1",
"980000",40478,"2",2888692,"1",
"980000",40478,"3",2888692,"1",
"980000",40478,"4",2888692,"1",
"980000",40478,"5",2888692,"1",
"980070",40478,"1",2888692,"1",
"980070",40478,"2",2888692,"1",
"980070",40478,"3",2888692,"1",
"980070",40478,"4",2888692,"1",
"980070",40478,"5",2888692,"1",
"800940",10967,"1",2888721,"1","T"
"800940",10967,"2",2888721,"1","T"
"800940",10967,"3",2888721,"1","T"
"800940",10967,"4",2888721,"1","T"
"800940",10967,"5",2888721,"1","T"
"900000",86756,"1",2888721,"1",
"900000",15000,"2",2888721,"1",
"900000",45000,"3",2888721,"1",
"900000",46933,"4",2888721,"1",
"900000",33029,"5",2888721,"1",
"900030",43318,"1",2888721,"1",
"900030",43318,"2",2888721,"1",
"900030",43318,"3",2888721,"1",
"900030",43318,"4",2888721,"1",
"900030",43318,"5",2888721,"1",
"900160",21995,"1",2888721,"1",
"900160",10225,"2",2888721,"1",
"900160",35539,"3",2888721,"1",
"900160",22010,"4",2888721,"1",
"900160",8726,"5",2888721,"1",
"900180",1142,"1",2888721,"1",
"900180",48,"2",2888721,"1",
"900180",1179,"3",2888721,"1",
"900180",21,"4",2888721,"1",
"900180",45,"5",2888721,"1",
"980000",153211,"1",2888721,"1",
"980000",68591,"2",2888721,"1",
"980000",125036,"3",2888721,"1",
"980000",112282,"4",2888721,"1",
"980000",85118,"5",2888721,"1",
"980070",147011,"1",2888721,"1",
"980070",62391,"2",2888721,"1",
"980070",118836,"3",2888721,"1",
"980070",106082,"4",2888721,"1",
"980070",78918,"5",2888721,"1",
"800940",5070,"1",2888722,"1",
"800940",2376,"2",2888722,"1",
"800940",4091,"3",2888722,"1",
"800940",5256,"4",2888722,"1",
"800940",5002,"5",2888722,"1",
"900000",36715,"1",2888722,"1",
"900000",10899,"2",2888722,"1",
"900000",37167,"3",2888722,"1",
"900000",56513,"4",2888722,"1",
"900000",52860,"5",2888722,"1",
"900030",43318,"1",2888722,"1",
"900030",43318,"2",2888722,"1",
"900030",43318,"3",2888722,"1",
"900030",43318,"4",2888722,"1",
"900030",43318,"5",2888722,"1",
"900160",14780,"1",2888722,"1",
"900160",10081,"2",2888722,"1",
"900160",8154,"3",2888722,"1",
"900160",6097,"4",2888722,"1",
"900160",6266,"5",2888722,"1",
"900180",47,"1",2888722,"1",
"900180",204,"2",2888722,"1",
"900180",91,"3",2888722,"1",
"900180",2827,"4",2888722,"1",
"900180",2413,"5",2888722,"1",
"980000",94860,"1",2888722,"1",
"980000",64502,"2",2888722,"1",
"980000",88730,"3",2888722,"1",
"980000",108755,"4",2888722,"1",
"980000",104857,"5",2888722,"1",
"980070",88660,"1",2888722,"1",
"980070",58302,"2",2888722,"1",
"980070",82530,"3",2888722,"1",
"980070",102555,"4",2888722,"1",
"980070",98657,"5",2888722,"1",
"900000",41400,"1",2888731,"1",
"900000",41400,"2",2888731,"1",
"900000",41400,"3",2888731,"1",
"900000",41400,"4",2888731,"1",
"900000",41400,"5",2888731,"1",
"980000",41400,"1",2888731,"1",
"980000",41400,"2",2888731,"1",
"980000",41400,"3",2888731,"1",
"980000",41400,"4",2888731,"1",
"980000",41400,"5",2888731,"1",
"980070",50600,"1",2888731,"1",
"980070",50600,"2",2888731,"1",
"980070",50600,"3",2888731,"1",
"980070",50600,"4",2888731,"1",
"980070",50600,"5",2888731,"1",
"900000",41400,"1",2888732,"1",
"900000",41400,"2",2888732,"1",
"900000",41400,"3",2888732,"1",
"900000",41400,"4",2888732,"1",
"900000",41400,"5",2888732,"1",
"980000",41400,"1",2888732,"1",
"980000",41400,"2",2888732,"1",
"980000",41400,"3",2888732,"1",
"980000",41400,"4",2888732,"1",
"980000",41400,"5",2888732,"1",
"980070",50600,"1",2888732,"1",
"980070",50600,"2",2888732,"1",
"980070",50600,"3",2888732,"1",
"980070",50600,"4",2888732,"1",
"980070",50600,"5",2888732,"1",
"800940",5615,"1",2888751,"1",
"800940",5615,"2",2888751,"1",
"800940",5615,"3",2888751,"1",
"800940",5615,"4",2888751,"1",
"800940",5615,"5",2888751,"1",
"900000",105000,"1",2888751,"1",
"900000",105000,"2",2888751,"1",
"900000",105000,"3",2888751,"1",
"900000",105000,"4",2888751,"1",
"900000",105000,"5",2888751,"1",
"900160",4200,"1",2888751,"1",
"900160",4200,"2",2888751,"1",
"900160",4200,"3",2888751,"1",
"900160",4200,"4",2888751,"1",
"900160",4200,"5",2888751,"1",
"950002",4104,"1",2888751,"1",
"950002",4104,"2",2888751,"1",
"950002",4104,"3",2888751,"1",
"950002",4104,"4",2888751,"1",
"950002",4104,"5",2888751,"1",
"980000",109200,"1",2888751,"1",
"980000",109200,"2",2888751,"1",
"980000",109200,"3",2888751,"1",
"980000",109200,"4",2888751,"1",
"980000",109200,"5",2888751,"1",
"980070",110296,"1",2888751,"1",
"980070",110296,"2",2888751,"1",
"980070",110296,"3",2888751,"1",
"980070",110296,"4",2888751,"1",
"980070",110296,"5",2888751,"1",
"800940",5615,"1",2888752,"1",
"800940",5615,"2",2888752,"1",
"800940",5615,"3",2888752,"1",
"800940",5615,"4",2888752,"1",
"800940",5615,"5",2888752,"1",
"900000",105000,"1",2888752,"1",
"900000",105000,"2",2888752,"1",
"900000",105000,"3",2888752,"1",
"900000",105000,"4",2888752,"1",
"900000",105000,"5",2888752,"1",
"900160",4200,"1",2888752,"1",
"900160",4200,"2",2888752,"1",
"900160",4200,"3",2888752,"1",
"900160",4200,"4",2888752,"1",
"900160",4200,"5",2888752,"1",
"950002",4104,"1",2888752,"1",
"950002",4104,"2",2888752,"1",
"950002",4104,"3",2888752,"1",
"950002",4104,"4",2888752,"1",
"950002",4104,"5",2888752,"1",
"980000",109200,"1",2888752,"1",
"980000",109200,"2",2888752,"1",
"980000",109200,"3",2888752,"1",
"980000",109200,"4",2888752,"1",
"980000",109200,"5",2888752,"1",
"980070",110296,"1",2888752,"1",
"980070",110296,"2",2888752,"1",
"980070",110296,"3",2888752,"1",
"980070",110296,"4",2888752,"1",
"980070",110296,"5",2888752,"1",
"900000",65000,"1",2888761,"1",
"900000",65000,"2",2888761,"1",
"900000",65000,"3",2888761,"1",
"900000",65000,"4",2888761,"1",
"900000",65000,"5",2888761,"1",
"980000",65000,"1",2888761,"1",
"980000",65000,"2",2888761,"1",
"980000",65000,"3",2888761,"1",
"980000",65000,"4",2888761,"1",
"980000",65000,"5",2888761,"1",
"980070",65000,"1",2888761,"1",
"980070",65000,"2",2888761,"1",
"980070",65000,"3",2888761,"1",
"980070",65000,"4",2888761,"1",
"980070",65000,"5",2888761,"1",
"900000",65000,"1",2888762,"1",
"900000",65000,"2",2888762,"1",
"900000",65000,"3",2888762,"1",
"900000",65000,"4",2888762,"1",
"900000",65000,"5",2888762,"1",
"980000",65000,"1",2888762,"1",
"980000",65000,"2",2888762,"1",
"980000",65000,"3",2888762,"1",
"980000",65000,"4",2888762,"1",
"980000",65000,"5",2888762,"1",
"980070",65000,"1",2888762,"1",
"980070",65000,"2",2888762,"1",
"980070",65000,"3",2888762,"1",
"980070",65000,"4",2888762,"1",
"980070",65000,"5",2888762,"1",
"900000",21280,"1",2888771,"1",
"900000",1262,"2",2888771,"1",
"900000",22359,"3",2888771,"1",
"900000",13162,"4",2888771,"1",
"900000",18062,"5",2888771,"1",
"900150",2400,"1",2888771,"1",
"900150",2400,"2",2888771,"1",
"900150",2400,"3",2888771,"1",
"900150",2400,"4",2888771,"1",
"900150",2400,"5",2888771,"1",
"980000",23680,"1",2888771,"1",
"980000",3662,"2",2888771,"1",
"980000",24759,"3",2888771,"1",
"980000",15562,"4",2888771,"1",
"980000",20462,"5",2888771,"1",
"980070",23680,"1",2888771,"1",
"980070",3662,"2",2888771,"1",
"980070",24759,"3",2888771,"1",
"980070",15562,"4",2888771,"1",
"980070",20462,"5",2888771,"1",
"900000",13088,"1",2888772,"1",
"900000",17217,"2",2888772,"1",
"900000",13263,"3",2888772,"1",
"900000",22853,"4",2888772,"1",
"900000",4758,"5",2888772,"1",
"900150",2400,"1",2888772,"1",
"900150",2400,"2",2888772,"1",
"900150",2400,"3",2888772,"1",
"900150",2400,"4",2888772,"1",
"900150",2400,"5",2888772,"1",
"980000",15488,"1",2888772,"1",
"980000",19617,"2",2888772,"1",
"980000",15663,"3",2888772,"1",
"980000",25253,"4",2888772,"1",
"980000",7158,"5",2888772,"1",
"980070",15488,"1",2888772,"1",
"980070",19617,"2",2888772,"1",
"980070",15663,"3",2888772,"1",
"980070",25253,"4",2888772,"1",
"980070",7158,"5",2888772,"1",
"800940",10967,"1",2888801,"1","T"
"800940",10967,"2",2888801,"1","T"
"800940",10967,"3",2888801,"1","T"
"800940",10967,"4",2888801,"1","T"
"800940",10967,"5",2888801,"1","T"
"900000",75000,"1",2888801,"1",
"900000",75000,"2",2888801,"1",
"900000",75000,"3",2888801,"1",
"900000",75000,"4",2888801,"1",
"900000",75000,"5",2888801,"1",
"900160",26766,"1",2888801,"1",
"900160",46967,"2",2888801,"1",
"900160",99364,"3",2888801,"1",
"900160",45822,"4",2888801,"1",
"900160",94265,"5",2888801,"1",
"980000",101766,"1",2888801,"1",
"980000",121967,"2",2888801,"1",
"980000",174364,"3",2888801,"1",
"980000",120822,"4",2888801,"1",
"980000",169265,"5",2888801,"1",
"980070",101766,"1",2888801,"1",
"980070",121967,"2",2888801,"1",
"980070",174364,"3",2888801,"1",
"980070",120822,"4",2888801,"1",
"980070",169265,"5",2888801,"1",
"800940",10967,"1",2888802,"1","T"
"800940",10967,"2",2888802,"1","T"
"800940",10967,"3",2888802,"1","T"
"800940",10967,"4",2888802,"1","T"
"800940",10967,"5",2888802,"1","T"
"900000",75000,"1",2888802,"1",
"900000",75000,"2",2888802,"1",
"900000",75000,"3",2888802,"1",
"900000",75000,"4",2888802,"1",
"900000",75000,"5",2888802,"1",
"900160",13213,"1",2888802,"1",
"900160",23635,"2",2888802,"1",
"900160",29389,"3",2888802,"1",
"900160",25946,"4",2888802,"1",
"900160",16320,"5",2888802,"1",
"980000",88213,"1",2888802,"1",
"980000",98635,"2",2888802,"1",
"980000",104389,"3",2888802,"1",
"980000",100946,"4",2888802,"1",
"980000",91320,"5",2888802,"1",
"980070",88213,"1",2888802,"1",
"980070",98635,"2",2888802,"1",
"980070",104389,"3",2888802,"1",
"980070",100946,"4",2888802,"1",
"980070",91320,"5",2888802,"1",
"900000",219201,"1",2888821,"1",
"900000",188502,"2",2888821,"1",
"900000",196555,"3",2888821,"1",
"900000",186546,"4",2888821,"1",
"900000",194724,"5",2888821,"1",
"980000",219201,"1",2888821,"1",
"980000",188502,"2",2888821,"1",
"980000",196555,"3",2888821,"1",
"980000",186546,"4",2888821,"1",
"980000",194724,"5",2888821,"1",
"980070",219201,"1",2888821,"1",
"980070",188502,"2",2888821,"1",
"980070",196555,"3",2888821,"1",
"980070",186546,"4",2888821,"1",
"980070",194724,"5",2888821,"1",
"900000",189143,"1",2888822,"1",
"900000",218304,"2",2888822,"1",
"900000",189262,"3",2888822,"1",
"900000",204194,"4",2888822,"1",
"900000",193974,"5",2888822,"1",
"980000",189143,"1",2888822,"1",
"980000",218304,"2",2888822,"1",
"980000",189262,"3",2888822,"1",
"980000",204194,"4",2888822,"1",
"980000",193974,"5",2888822,"1",
"980070",189143,"1",2888822,"1",
"980070",218304,"2",2888822,"1",
"980070",189262,"3",2888822,"1",
"980070",204194,"4",2888822,"1",
"980070",193974,"5",2888822,"1",
"900000",62000,"1",2888831,"1",
"900000",62000,"2",2888831,"1",
"900000",62000,"3",2888831,"1",
"900000",62000,"4",2888831,"1",
"900000",62000,"5",2888831,"1",
"980000",62000,"1",2888831,"1",
"980000",62000,"2",2888831,"1",
"980000",62000,"3",2888831,"1",
"980000",62000,"4",2888831,"1",
"980000",62000,"5",2888831,"1",
"980070",62000,"1",2888831,"1",
"980070",62000,"2",2888831,"1",
"980070",62000,"3",2888831,"1",
"980070",62000,"4",2888831,"1",
"980070",62000,"5",2888831,"1",
"900000",62000,"1",2888832,"1",
"900000",62000,"2",2888832,"1",
"900000",62000,"3",2888832,"1",
"900000",62000,"4",2888832,"1",
"900000",62000,"5",2888832,"1",
"980000",62000,"1",2888832,"1",
"980000",62000,"2",2888832,"1",
"980000",62000,"3",2888832,"1",
"980000",62000,"4",2888832,"1",
"980000",62000,"5",2888832,"1",
"980070",62000,"1",2888832,"1",
"980070",62000,"2",2888832,"1",
"980070",62000,"3",2888832,"1",
"980070",62000,"4",2888832,"1",
"980070",62000,"5",2888832,"1",
"900090",1600,"1",2888841,"1",
"900090",1600,"2",2888841,"1",
"900090",1600,"3",2888841,"1",
"900090",1600,"4",2888841,"1",
"900090",1600,"5",2888841,"1",
"900170",1100,"1",2888841,"1",
"900170",1100,"2",2888841,"1",
"900170",1100,"3",2888841,"1",
"900170",1100,"4",2888841,"1",
"900170",1100,"5",2888841,"1",
"980000",2700,"1",2888841,"1",
"980000",2700,"2",2888841,"1",
"980000",2700,"3",2888841,"1",
"980000",2700,"4",2888841,"1",
"980000",2700,"5",2888841,"1",
"980070",2700,"1",2888841,"1",
"980070",2700,"2",2888841,"1",
"980070",2700,"3",2888841,"1",
"980070",2700,"4",2888841,"1",
"980070",2700,"5",2888841,"1",
"900090",1600,"1",2888842,"1",
"900090",1600,"2",2888842,"1",
"900090",1600,"3",2888842,"1",
"900090",1600,"4",2888842,"1",
"900090",1600,"5",2888842,"1",
"900170",1100,"1",2888842,"1",
"900170",1100,"2",2888842,"1",
"900170",1100,"3",2888842,"1",
"900170",1100,"4",2888842,"1",
"900170",1100,"5",2888842,"1",
"980000",2700,"1",2888842,"1",
"980000",2700,"2",2888842,"1",
"980000",2700,"3",2888842,"1",
"980000",2700,"4",2888842,"1",
"980000",2700,"5",2888842,"1",
"980070",2700,"1",2888842,"1",
"980070",2700,"2",2888842,"1",
"980070",2700,"3",2888842,"1",
"980070",2700,"4",2888842,"1",
"980070",2700,"5",2888842,"1",
"900000",43014,"1",2888861,"1",
"900000",60352,"2",2888861,"1",
"900000",7047,"3",2888861,"1",
"900000",38644,"4",2888861,"1",
"900000",19830,"5",2888861,"1",
"980000",43014,"1",2888861,"1",
"980000",60352,"2",2888861,"1",
"980000",7047,"3",2888861,"1",
"980000",38644,"4",2888861,"1",
"980000",19830,"5",2888861,"1",
"980070",43014,"1",2888861,"1",
"980070",60352,"2",2888861,"1",
"980070",7047,"3",2888861,"1",
"980070",38644,"4",2888861,"1",
"980070",19830,"5",2888861,"1",
"900000",37791,"1",2888862,"1",
"900000",41385,"2",2888862,"1",
"900000",21508,"3",2888862,"1",
"900000",8713,"4",2888862,"1",
"900000",45696,"5",2888862,"1",
"980000",37791,"1",2888862,"1",
"980000",41385,"2",2888862,"1",
"980000",21508,"3",2888862,"1",
"980000",8713,"4",2888862,"1",
"980000",45696,"5",2888862,"1",
"980070",37791,"1",2888862,"1",
"980070",41385,"2",2888862,"1",
"980070",21508,"3",2888862,"1",
"980070",8713,"4",2888862,"1",
"980070",45696,"5",2888862,"1",
"900000",249000,"1",2888901,"1",
"900000",249000,"2",2888901,"1",
"900000",249000,"3",2888901,"1",
"900000",249000,"4",2888901,"1",
"900000",249000,"5",2888901,"1",
"980000",249000,"1",2888901,"1",
"980000",249000,"2",2888901,"1",
"980000",249000,"3",2888901,"1",
"980000",249000,"4",2888901,"1",
"980000",249000,"5",2888901,"1",
"980070",249000,"1",2888901,"1",
"980070",249000,"2",2888901,"1",
"980070",249000,"3",2888901,"1",
"980070",249000,"4",2888901,"1",
"980070",249000,"5",2888901,"1",
"900000",249000,"1",2888902,"1",
"900000",249000,"2",2888902,"1",
"900000",249000,"3",2888902,"1",
"900000",249000,"4",2888902,"1",
"900000",249000,"5",2888902,"1",
"980000",249000,"1",2888902,"1",
"980000",249000,"2",2888902,"1",
"980000",249000,"3",2888902,"1",
"980000",249000,"4",2888902,"1",
"980000",249000,"5",2888902,"1",
"980070",249000,"1",2888902,"1",
"980070",249000,"2",2888902,"1",
"980070",249000,"3",2888902,"1",
"980070",249000,"4",2888902,"1",
"980070",249000,"5",2888902,"1",
"900000",42000,"1",2888921,"1",
"900000",42000,"2",2888921,"1",
"900000",42000,"3",2888921,"1",
"900000",42000,"4",2888921,"1",
"900000",42000,"5",2888921,"1",
"950002",4200,"1",2888921,"1",
"950002",4200,"2",2888921,"1",
"950002",4200,"3",2888921,"1",
"950002",4200,"4",2888921,"1",
"950002",4200,"5",2888921,"1",
"980000",42000,"1",2888921,"1",
"980000",42000,"2",2888921,"1",
"980000",42000,"3",2888921,"1",
"980000",42000,"4",2888921,"1",
"980000",42000,"5",2888921,"1",
"980070",39800,"1",2888921,"1",
"980070",39800,"2",2888921,"1",
"980070",39800,"3",2888921,"1",
"980070",39800,"4",2888921,"1",
"980070",39800,"5",2888921,"1",
"900000",42000,"1",2888922,"1",
"900000",42000,"2",2888922,"1",
"900000",42000,"3",2888922,"1",
"900000",42000,"4",2888922,"1",
"900000",42000,"5",2888922,"1",
"950002",4200,"1",2888922,"1",
"950002",4200,"2",2888922,"1",
"950002",4200,"3",2888922,"1",
"950002",4200,"4",2888922,"1",
"950002",4200,"5",2888922,"1",
"980000",42000,"1",2888922,"1",
"980000",42000,"2",2888922,"1",
"980000",42000,"3",2888922,"1",
"980000",42000,"4",2888922,"1",
"980000",42000,"5",2888922,"1",
"980070",39800,"1",2888922,"1",
"980070",39800,"2",2888922,"1",
"980070",39800,"3",2888922,"1",
"980070",39800,"4",2888922,"1",
"980070",39800,"5",2888922,"1",
"900000",27058,"1",2888941,"1",
"900000",24136,"2",2888941,"1",
"900000",24283,"3",2888941,"1",
"900000",28089,"4",2888941,"1",
"900000",27667,"5",2888941,"1",
"900030",1816,"1",2888941,"1",
"900030",1936,"2",2888941,"1",
"900030",1932,"3",2888941,"1",
"900030",1996,"4",2888941,"1",
"900030",2074,"5",2888941,"1",
"900120",2524,"1",2888941,"1",
"900120",55,"2",2888941,"1",
"900120",1575,"3",2888941,"1",
"900120",510,"4",2888941,"1",
"900120",1590,"5",2888941,"1",
"900150",11400,"1",2888941,"1",
"900150",11400,"2",2888941,"1",
"900150",11400,"3",2888941,"1",
"900150",11400,"4",2888941,"1",
"900150",11400,"5",2888941,"1",
"980000",42798,"1",2888941,"1",
"980000",37527,"2",2888941,"1",
"980000",39190,"3",2888941,"1",
"980000",41995,"4",2888941,"1",
"980000",42731,"5",2888941,"1",
"980070",42798,"1",2888941,"1",
"980070",37527,"2",2888941,"1",
"980070",39190,"3",2888941,"1",
"980070",41995,"4",2888941,"1",
"980070",42731,"5",2888941,"1",
"900000",23669,"1",2888942,"1",
"900000",26303,"2",2888942,"1",
"900000",22884,"3",2888942,"1",
"900000",22704,"4",2888942,"1",
"900000",24643,"5",2888942,"1",
"900030",1710,"1",2888942,"1",
"900030",1716,"2",2888942,"1",
"900030",2180,"3",2888942,"1",
"900030",1890,"4",2888942,"1",
"900030",1914,"5",2888942,"1",
"900120",4439,"1",2888942,"1",
"900120",323,"2",2888942,"1",
"900120",3045,"3",2888942,"1",
"900120",693,"4",2888942,"1",
"900120",2762,"5",2888942,"1",
"900150",11400,"1",2888942,"1",
"900150",11400,"2",2888942,"1",
"900150",11400,"3",2888942,"1",
"900150",11400,"4",2888942,"1",
"900150",11400,"5",2888942,"1",
"980000",41218,"1",2888942,"1",
"980000",39742,"2",2888942,"1",
"980000",39509,"3",2888942,"1",
"980000",36687,"4",2888942,"1",
"980000",40719,"5",2888942,"1",
"980070",41218,"1",2888942,"1",
"980070",39742,"2",2888942,"1",
"980070",39509,"3",2888942,"1",
"980070",36687,"4",2888942,"1",
"980070",40719,"5",2888942,"1",
"900000",68300,"1",2888961,"1",
"900000",68300,"2",2888961,"1",
"900000",68300,"3",2888961,"1",
"900000",68300,"4",2888961,"1",
"900000",68300,"5",2888961,"1",
"980000",68300,"1",2888961,"1",
"980000",68300,"2",2888961,"1",
"980000",68300,"3",2888961,"1",
"980000",68300,"4",2888961,"1",
"980000",68300,"5",2888961,"1",
"980070",70200,"1",2888961,"1",
"980070",70200,"2",2888961,"1",
"980070",70200,"3",2888961,"1",
"980070",70200,"4",2888961,"1",
"980070",70200,"5",2888961,"1",
"900000",68300,"1",2888962,"1",
"900000",68300,"2",2888962,"1",
"900000",68300,"3",2888962,"1",
"900000",68300,"4",2888962,"1",
"900000",68300,"5",2888962,"1",
"980000",68300,"1",2888962,"1",
"980000",68300,"2",2888962,"1",
"980000",68300,"3",2888962,"1",
"980000",68300,"4",2888962,"1",
"980000",68300,"5",2888962,"1",
"980070",70200,"1",2888962,"1",
"980070",70200,"2",2888962,"1",
"980070",70200,"3",2888962,"1",
"980070",70200,"4",2888962,"1",
"980070",70200,"5",2888962,"1",
"900170",72680,"1",2888991,"1",
"900170",3185,"2",2888991,"1",
"900170",25690,"3",2888991,"1",
"900170",1102,"4",2888991,"1",
"900170",22304,"5",2888991,"1",
"980000",72680,"1",2888991,"1",
"980000",3185,"2",2888991,"1",
"980000",25690,"3",2888991,"1",
"980000",1102,"4",2888991,"1",
"980000",22304,"5",2888991,"1",
"980070",72680,"1",2888991,"1",
"980070",3185,"2",2888991,"1",
"980070",25690,"3",2888991,"1",
"980070",1102,"4",2888991,"1",
"980070",22304,"5",2888991,"1",
"900030",28404,"1",2888992,"1",
"900030",15396,"2",2888992,"1",
"900030",15408,"3",2888992,"1",
"900030",22308,"4",2888992,"1",
"900030",15984,"5",2888992,"1",
"900170",24025,"1",2888992,"1",
"900170",540,"2",2888992,"1",
"900170",45936,"3",2888992,"1",
"900170",766,"4",2888992,"1",
"900170",511,"5",2888992,"1",
"980000",52429,"1",2888992,"1",
"980000",15936,"2",2888992,"1",
"980000",61344,"3",2888992,"1",
"980000",23074,"4",2888992,"1",
"980000",16495,"5",2888992,"1",
"980070",52429,"1",2888992,"1",
"980070",15936,"2",2888992,"1",
"980070",61344,"3",2888992,"1",
"980070",23074,"4",2888992,"1",
"980070",16495,"5",2888992,"1",
"900000",58690,"1",2889001,"1",
"900000",67158,"2",2889001,"1",
"900000",44665,"3",2889001,"1",
"900000",71233,"4",2889001,"1",
"900000",42996,"5",2889001,"1",
"980000",58690,"1",2889001,"1",
"980000",67158,"2",2889001,"1",
"980000",44665,"3",2889001,"1",
"980000",71233,"4",2889001,"1",
"980000",42996,"5",2889001,"1",
"980070",58690,"1",2889001,"1",
"980070",67158,"2",2889001,"1",
"980070",44665,"3",2889001,"1",
"980070",71233,"4",2889001,"1",
"980070",42996,"5",2889001,"1",
"900000",62886,"1",2889002,"1",
"900000",145877,"2",2889002,"1",
"900000",98093,"3",2889002,"1",
"900000",46911,"4",2889002,"1",
"900000",98626,"5",2889002,"1",
"980000",62886,"1",2889002,"1",
"980000",145877,"2",2889002,"1",
"980000",98093,"3",2889002,"1",
"980000",46911,"4",2889002,"1",
"980000",98626,"5",2889002,"1",
"980070",62886,"1",2889002,"1",
"980070",145877,"2",2889002,"1",
"980070",98093,"3",2889002,"1",
"980070",46911,"4",2889002,"1",
"980070",98626,"5",2889002,"1",
"900000",82776,"1",2889041,"1",
"900000",93486,"2",2889041,"1",
"900000",155227,"3",2889041,"1",
"900000",94561,"4",2889041,"1",
"900000",83714,"5",2889041,"1",
"980000",82776,"1",2889041,"1",
"980000",93486,"2",2889041,"1",
"980000",155227,"3",2889041,"1",
"980000",94561,"4",2889041,"1",
"980000",83714,"5",2889041,"1",
"980070",89776,"1",2889041,"1",
"980070",100486,"2",2889041,"1",
"980070",162227,"3",2889041,"1",
"980070",101561,"4",2889041,"1",
"980070",90714,"5",2889041,"1",
"900000",111149,"1",2889042,"1",
"900000",80536,"2",2889042,"1",
"900000",99574,"3",2889042,"1",
"900000",85671,"4",2889042,"1",
"900000",115388,"5",2889042,"1",
"980000",111149,"1",2889042,"1",
"980000",80536,"2",2889042,"1",
"980000",99574,"3",2889042,"1",
"980000",85671,"4",2889042,"1",
"980000",115388,"5",2889042,"1",
"980070",118149,"1",2889042,"1",
"980070",87536,"2",2889042,"1",
"980070",106574,"3",2889042,"1",
"980070",92671,"4",2889042,"1",
"980070",122388,"5",2889042,"1",
"900000",100000,"1",2889051,"1",
"900000",100000,"2",2889051,"1",
"900000",100000,"3",2889051,"1",
"900000",100000,"4",2889051,"1",
"900000",100000,"5",2889051,"1",
"980000",100000,"1",2889051,"1",
"980000",100000,"2",2889051,"1",
"980000",100000,"3",2889051,"1",
"980000",100000,"4",2889051,"1",
"980000",100000,"5",2889051,"1",
"980070",100000,"1",2889051,"1",
"980070",100000,"2",2889051,"1",
"980070",100000,"3",2889051,"1",
"980070",100000,"4",2889051,"1",
"980070",100000,"5",2889051,"1",
"900000",100000,"1",2889052,"1",
"900000",100000,"2",2889052,"1",
"900000",100000,"3",2889052,"1",
"900000",100000,"4",2889052,"1",
"900000",100000,"5",2889052,"1",
"980000",100000,"1",2889052,"1",
"980000",100000,"2",2889052,"1",
"980000",100000,"3",2889052,"1",
"980000",100000,"4",2889052,"1",
"980000",100000,"5",2889052,"1",
"980070",100000,"1",2889052,"1",
"980070",100000,"2",2889052,"1",
"980070",100000,"3",2889052,"1",
"980070",100000,"4",2889052,"1",
"980070",100000,"5",2889052,"1",
"900000",74000,"1",2889091,"1",
"900000",74000,"2",2889091,"1",
"900000",74000,"3",2889091,"1",
"900000",74000,"4",2889091,"1",
"900000",74000,"5",2889091,"1",
"980000",74000,"1",2889091,"1",
"980000",74000,"2",2889091,"1",
"980000",74000,"3",2889091,"1",
"980000",74000,"4",2889091,"1",
"980000",74000,"5",2889091,"1",
"980070",76500,"1",2889091,"1",
"980070",76500,"2",2889091,"1",
"980070",76500,"3",2889091,"1",
"980070",76500,"4",2889091,"1",
"980070",76500,"5",2889091,"1",
"900000",74000,"1",2889092,"1",
"900000",74000,"2",2889092,"1",
"900000",74000,"3",2889092,"1",
"900000",74000,"4",2889092,"1",
"900000",74000,"5",2889092,"1",
"980000",74000,"1",2889092,"1",
"980000",74000,"2",2889092,"1",
"980000",74000,"3",2889092,"1",
"980000",74000,"4",2889092,"1",
"980000",74000,"5",2889092,"1",
"980070",76500,"1",2889092,"1",
"980070",76500,"2",2889092,"1",
"980070",76500,"3",2889092,"1",
"980070",76500,"4",2889092,"1",
"980070",76500,"5",2889092,"1",
"900000",30000,"1",2889141,"1",
"900000",30000,"2",2889141,"1",
"900000",30000,"3",2889141,"1",
"900000",30000,"4",2889141,"1",
"900000",30000,"5",2889141,"1",
"900180",10,"1",2889141,"1",
"900180",10,"2",2889141,"1",
"900180",10,"3",2889141,"1",
"900180",10,"4",2889141,"1",
"900180",10,"5",2889141,"1",
"900190",2250,"1",2889141,"1",
"900190",2250,"2",2889141,"1",
"900190",2250,"3",2889141,"1",
"900190",2250,"4",2889141,"1",
"900190",2250,"5",2889141,"1",
"980000",32260,"1",2889141,"1",
"980000",32260,"2",2889141,"1",
"980000",32260,"3",2889141,"1",
"980000",32260,"4",2889141,"1",
"980000",32260,"5",2889141,"1",
"980070",32260,"1",2889141,"1",
"980070",32260,"2",2889141,"1",
"980070",32260,"3",2889141,"1",
"980070",32260,"4",2889141,"1",
"980070",32260,"5",2889141,"1",
"900000",30000,"1",2889142,"1",
"900000",30000,"2",2889142,"1",
"900000",30000,"3",2889142,"1",
"900000",30000,"4",2889142,"1",
"900000",30000,"5",2889142,"1",
"900180",10,"1",2889142,"1",
"900180",10,"2",2889142,"1",
"900180",10,"3",2889142,"1",
"900180",10,"4",2889142,"1",
"900180",10,"5",2889142,"1",
"900190",2250,"1",2889142,"1",
"900190",2250,"2",2889142,"1",
"900190",2250,"3",2889142,"1",
"900190",2250,"4",2889142,"1",
"900190",2250,"5",2889142,"1",
"980000",32260,"1",2889142,"1",
"980000",32260,"2",2889142,"1",
"980000",32260,"3",2889142,"1",
"980000",32260,"4",2889142,"1",
"980000",32260,"5",2889142,"1",
"980070",32260,"1",2889142,"1",
"980070",32260,"2",2889142,"1",
"980070",32260,"3",2889142,"1",
"980070",32260,"4",2889142,"1",
"980070",32260,"5",2889142,"1",
"900000",87459,"1",2889151,"1",
"900000",53796,"2",2889151,"1",
"900000",35801,"3",2889151,"1",
"900000",66765,"4",2889151,"1",
"900000",90339,"5",2889151,"1",
"980000",87459,"1",2889151,"1",
"980000",53796,"2",2889151,"1",
"980000",35801,"3",2889151,"1",
"980000",66765,"4",2889151,"1",
"980000",90339,"5",2889151,"1",
"980070",87459,"1",2889151,"1",
"980070",53796,"2",2889151,"1",
"980070",35801,"3",2889151,"1",
"980070",66765,"4",2889151,"1",
"980070",90339,"5",2889151,"1",
"900030",12071,"1",2889181,"1",
"900030",12071,"2",2889181,"1",
"900030",12071,"3",2889181,"1",
"900030",12071,"4",2889181,"1",
"900030",12071,"5",2889181,"1",
"900150",1908,"1",2889181,"1",
"900150",1908,"2",2889181,"1",
"900150",1908,"3",2889181,"1",
"900150",1908,"4",2889181,"1",
"900150",1908,"5",2889181,"1",
"980000",13979,"1",2889181,"1",
"980000",13979,"2",2889181,"1",
"980000",13979,"3",2889181,"1",
"980000",13979,"4",2889181,"1",
"980000",13979,"5",2889181,"1",
"980070",13979,"1",2889181,"1",
"980070",13979,"2",2889181,"1",
"980070",13979,"3",2889181,"1",
"980070",13979,"4",2889181,"1",
"980070",13979,"5",2889181,"1",
"900030",12071,"1",2889182,"1",
"900030",12071,"2",2889182,"1",
"900030",12071,"3",2889182,"1",
"900030",12071,"4",2889182,"1",
"900030",12071,"5",2889182,"1",
"900150",1908,"1",2889182,"1",
"900150",1908,"2",2889182,"1",
"900150",1908,"3",2889182,"1",
"900150",1908,"4",2889182,"1",
"900150",1908,"5",2889182,"1",
"980000",13979,"1",2889182,"1",
"980000",13979,"2",2889182,"1",
"980000",13979,"3",2889182,"1",
"980000",13979,"4",2889182,"1",
"980000",13979,"5",2889182,"1",
"980070",13979,"1",2889182,"1",
"980070",13979,"2",2889182,"1",
"980070",13979,"3",2889182,"1",
"980070",13979,"4",2889182,"1",
"980070",13979,"5",2889182,"1",
"800940",8020,"1",2889191,"1",
"800940",4978,"2",2889191,"1",
"800940",10380,"3",2889191,"1",
"800940",3627,"4",2889191,"1",
"800940",12907,"5",2889191,"1",
"900000",39816,"1",2889191,"1",
"900000",41032,"2",2889191,"1",
"900000",40672,"3",2889191,"1",
"900000",40814,"4",2889191,"1",
"900000",39236,"5",2889191,"1",
"900160",32511,"1",2889191,"1",
"900160",12022,"2",2889191,"1",
"900160",47509,"3",2889191,"1",
"900160",3300,"4",2889191,"1",
"900160",64745,"5",2889191,"1",
"980000",72327,"1",2889191,"1",
"980000",53054,"2",2889191,"1",
"980000",88181,"3",2889191,"1",
"980000",44114,"4",2889191,"1",
"980000",103981,"5",2889191,"1",
"980070",82298,"1",2889191,"1","T"
"980070",82298,"2",2889191,"1","T"
"980070",82298,"3",2889191,"1","T"
"980070",82298,"4",2889191,"1","T"
"980070",82298,"5",2889191,"1","T"
"800940",17242,"1",2889192,"1","T"
"800940",17242,"2",2889192,"1","T"
"800940",17242,"3",2889192,"1","T"
"800940",17242,"4",2889192,"1","T"
"800940",17242,"5",2889192,"1","T"
"900000",41022,"1",2889192,"1",
"900000",41244,"2",2889192,"1",
"900000",39177,"3",2889192,"1",
"900000",41792,"4",2889192,"1",
"900000",43394,"5",2889192,"1",
"900160",41043,"1",2889192,"1",
"900160",63689,"2",2889192,"1",
"900160",157966,"3",2889192,"1",
"900160",55786,"4",2889192,"1",
"900160",29073,"5",2889192,"1",
"980000",82065,"1",2889192,"1",
"980000",104933,"2",2889192,"1",
"980000",197143,"3",2889192,"1",
"980000",97578,"4",2889192,"1",
"980000",72467,"5",2889192,"1",
"980070",120804,"1",2889192,"1","T"
"980070",120804,"2",2889192,"1","T"
"980070",120804,"3",2889192,"1","T"
"980070",120804,"4",2889192,"1","T"
"980070",120804,"5",2889192,"1","T"
"900030",14459,"1",2889201,"1",
"900030",14459,"2",2889201,"1",
"900030",14459,"3",2889201,"1",
"900030",14459,"4",2889201,"1",
"900030",14459,"5",2889201,"1",
"900150",1035,"1",2889201,"1",
"900150",1035,"2",2889201,"1",
"900150",1035,"3",2889201,"1",
"900150",1035,"4",2889201,"1",
"900150",1035,"5",2889201,"1",
"980000",15494,"1",2889201,"1",
"980000",15494,"2",2889201,"1",
"980000",15494,"3",2889201,"1",
"980000",15494,"4",2889201,"1",
"980000",15494,"5",2889201,"1",
"980070",15494,"1",2889201,"1",
"980070",15494,"2",2889201,"1",
"980070",15494,"3",2889201,"1",
"980070",15494,"4",2889201,"1",
"980070",15494,"5",2889201,"1",
"900030",14459,"1",2889202,"1",
"900030",14459,"2",2889202,"1",
"900030",14459,"3",2889202,"1",
"900030",14459,"4",2889202,"1",
"900030",14459,"5",2889202,"1",
"900150",1035,"1",2889202,"1",
"900150",1035,"2",2889202,"1",
"900150",1035,"3",2889202,"1",
"900150",1035,"4",2889202,"1",
"900150",1035,"5",2889202,"1",
"980000",15494,"1",2889202,"1",
"980000",15494,"2",2889202,"1",
"980000",15494,"3",2889202,"1",
"980000",15494,"4",2889202,"1",
"980000",15494,"5",2889202,"1",
"980070",15494,"1",2889202,"1",
"980070",15494,"2",2889202,"1",
"980070",15494,"3",2889202,"1",
"980070",15494,"4",2889202,"1",
"980070",15494,"5",2889202,"1",
"900000",49000,"1",2889212,"1",
"900000",49000,"2",2889212,"1",
"900000",49000,"3",2889212,"1",
"900000",49000,"4",2889212,"1",
"900000",49000,"5",2889212,"1",
"980000",49000,"1",2889212,"1",
"980000",49000,"2",2889212,"1",
"980000",49000,"3",2889212,"1",
"980000",49000,"4",2889212,"1",
"980000",49000,"5",2889212,"1",
"980070",50136,"1",2889212,"1",
"980070",50136,"2",2889212,"1",
"980070",50136,"3",2889212,"1",
"980070",50136,"4",2889212,"1",
"980070",50136,"5",2889212,"1",
"900000",50018,"1",2889221,"1",
"900000",3891,"2",2889221,"1",
"900000",18387,"3",2889221,"1",
"900000",3109,"4",2889221,"1",
"900000",10751,"5",2889221,"1",
"980000",50018,"1",2889221,"1",
"980000",3891,"2",2889221,"1",
"980000",18387,"3",2889221,"1",
"980000",3109,"4",2889221,"1",
"980000",10751,"5",2889221,"1",
"980070",50018,"1",2889221,"1",
"980070",3891,"2",2889221,"1",
"980070",18387,"3",2889221,"1",
"980070",3109,"4",2889221,"1",
"980070",10751,"5",2889221,"1",
"900000",34783,"1",2889222,"1",
"900000",2199,"2",2889222,"1",
"900000",54425,"3",2889222,"1",
"900000",11837,"4",2889222,"1",
"900000",10000,"5",2889222,"1",
"980000",34783,"1",2889222,"1",
"980000",2199,"2",2889222,"1",
"980000",54425,"3",2889222,"1",
"980000",11837,"4",2889222,"1",
"980000",10000,"5",2889222,"1",
"980070",34783,"1",2889222,"1",
"980070",2199,"2",2889222,"1",
"980070",54425,"3",2889222,"1",
"980070",11837,"4",2889222,"1",
"980070",10000,"5",2889222,"1",
"900000",108540,"1",2889252,"1",
"900000",78782,"2",2889252,"1",
"900000",51748,"3",2889252,"1",
"900000",107942,"4",2889252,"1",
"900000",87357,"5",2889252,"1",
"980000",108540,"1",2889252,"1",
"980000",78782,"2",2889252,"1",
"980000",51748,"3",2889252,"1",
"980000",107942,"4",2889252,"1",
"980000",87357,"5",2889252,"1",
"980070",108540,"1",2889252,"1",
"980070",78782,"2",2889252,"1",
"980070",51748,"3",2889252,"1",
"980070",107942,"4",2889252,"1",
"980070",87357,"5",2889252,"1",
"900030",26458,"1",2889261,"1",
"900030",26458,"2",2889261,"1",
"900030",26458,"3",2889261,"1",
"900030",26458,"4",2889261,"1",
"900030",26458,"5",2889261,"1",
"900170",39398,"1",2889261,"1",
"900170",31646,"2",2889261,"1",
"900170",39066,"3",2889261,"1",
"900170",30939,"4",2889261,"1",
"900170",33962,"5",2889261,"1",
"900180",55,"1",2889261,"1",
"900180",27,"2",2889261,"1",
"900180",26,"3",2889261,"1",
"900180",47,"4",2889261,"1",
"900180",948,"5",2889261,"1",
"980000",65911,"1",2889261,"1",
"980000",58131,"2",2889261,"1",
"980000",65550,"3",2889261,"1",
"980000",57444,"4",2889261,"1",
"980000",61368,"5",2889261,"1",
"980070",64311,"1",2889261,"1",
"980070",56531,"2",2889261,"1",
"980070",63950,"3",2889261,"1",
"980070",55844,"4",2889261,"1",
"980070",59768,"5",2889261,"1",
"900030",26458,"1",2889262,"1",
"900030",26458,"2",2889262,"1",
"900030",26458,"3",2889262,"1",
"900030",26458,"4",2889262,"1",
"900030",26458,"5",2889262,"1",
"900170",39579,"1",2889262,"1",
"900170",32021,"2",2889262,"1",
"900170",37505,"3",2889262,"1",
"900170",37175,"4",2889262,"1",
"900170",37619,"5",2889262,"1",
"900180",38,"1",2889262,"1",
"900180",12,"2",2889262,"1",
"900180",78,"3",2889262,"1",
"900180",75,"4",2889262,"1",
"900180",36,"5",2889262,"1",
"980000",66075,"1",2889262,"1",
"980000",58491,"2",2889262,"1",
"980000",64041,"3",2889262,"1",
"980000",63708,"4",2889262,"1",
"980000",64113,"5",2889262,"1",
"980070",64475,"1",2889262,"1",
"980070",56891,"2",2889262,"1",
"980070",62441,"3",2889262,"1",
"980070",62108,"4",2889262,"1",
"980070",62513,"5",2889262,"1",
"900000",60000,"1",2889281,"1",
"900000",60000,"2",2889281,"1",
"900000",60000,"3",2889281,"1",
"900000",60000,"4",2889281,"1",
"900000",60000,"5",2889281,"1",
"900180",200,"1",2889281,"1",
"900180",200,"2",2889281,"1",
"900180",200,"3",2889281,"1",
"900180",200,"4",2889281,"1",
"900180",200,"5",2889281,"1",
"900210",16000,"1",2889281,"1",
"900210",16000,"2",2889281,"1",
"900210",16000,"3",2889281,"1",
"900210",16000,"4",2889281,"1",
"900210",16000,"5",2889281,"1",
"980000",76200,"1",2889281,"1",
"980000",76200,"2",2889281,"1",
"980000",76200,"3",2889281,"1",
"980000",76200,"4",2889281,"1",
"980000",76200,"5",2889281,"1",
"980070",75000,"1",2889281,"1",
"980070",75000,"2",2889281,"1",
"980070",75000,"3",2889281,"1",
"980070",75000,"4",2889281,"1",
"980070",75000,"5",2889281,"1",
"900000",60000,"1",2889282,"1",
"900000",60000,"2",2889282,"1",
"900000",60000,"3",2889282,"1",
"900000",60000,"4",2889282,"1",
"900000",60000,"5",2889282,"1",
"900180",200,"1",2889282,"1",
"900180",200,"2",2889282,"1",
"900180",200,"3",2889282,"1",
"900180",200,"4",2889282,"1",
"900180",200,"5",2889282,"1",
"900210",16000,"1",2889282,"1",
"900210",16000,"2",2889282,"1",
"900210",16000,"3",2889282,"1",
"900210",16000,"4",2889282,"1",
"900210",16000,"5",2889282,"1",
"980000",76200,"1",2889282,"1",
"980000",76200,"2",2889282,"1",
"980000",76200,"3",2889282,"1",
"980000",76200,"4",2889282,"1",
"980000",76200,"5",2889282,"1",
"980070",75000,"1",2889282,"1",
"980070",75000,"2",2889282,"1",
"980070",75000,"3",2889282,"1",
"980070",75000,"4",2889282,"1",
"980070",75000,"5",2889282,"1",
"900090",718,"1",2889291,"1",
"900090",873,"2",2889291,"1",
"900090",756,"3",2889291,"1",
"900090",984,"4",2889291,"1",
"900090",813,"5",2889291,"1",
"900120",1308,"1",2889291,"1",
"900120",1308,"2",2889291,"1",
"900120",1308,"3",2889291,"1",
"900120",1308,"4",2889291,"1",
"900120",1308,"5",2889291,"1",
"900150",2076,"1",2889291,"1",
"900150",2076,"2",2889291,"1",
"900150",2076,"3",2889291,"1",
"900150",2076,"4",2889291,"1",
"900150",2076,"5",2889291,"1",
"980000",4102,"1",2889291,"1",
"980000",4257,"2",2889291,"1",
"980000",4140,"3",2889291,"1",
"980000",4368,"4",2889291,"1",
"980000",4197,"5",2889291,"1",
"980070",4102,"1",2889291,"1",
"980070",4257,"2",2889291,"1",
"980070",4140,"3",2889291,"1",
"980070",4368,"4",2889291,"1",
"980070",4197,"5",2889291,"1",
"900090",865,"1",2889292,"1",
"900090",294,"2",2889292,"1",
"900090",92,"3",2889292,"1",
"900090",333,"4",2889292,"1",
"900090",608,"5",2889292,"1",
"900120",1308,"1",2889292,"1",
"900120",1308,"2",2889292,"1",
"900120",1308,"3",2889292,"1",
"900120",1308,"4",2889292,"1",
"900120",1308,"5",2889292,"1",
"900150",2076,"1",2889292,"1",
"900150",2076,"2",2889292,"1",
"900150",2076,"3",2889292,"1",
"900150",2076,"4",2889292,"1",
"900150",2076,"5",2889292,"1",
"980000",4249,"1",2889292,"1",
"980000",3678,"2",2889292,"1",
"980000",3476,"3",2889292,"1",
"980000",3717,"4",2889292,"1",
"980000",3992,"5",2889292,"1",
"980070",4249,"1",2889292,"1",
"980070",3678,"2",2889292,"1",
"980070",3476,"3",2889292,"1",
"980070",3717,"4",2889292,"1",
"980070",3992,"5",2889292,"1",
"800940",949,"1",2889301,"1",
"800940",949,"2",2889301,"1",
"800940",949,"3",2889301,"1",
"800940",949,"4",2889301,"1",
"800940",949,"5",2889301,"1",
"900000",12000,"1",2889301,"1",
"900000",12000,"2",2889301,"1",
"900000",12000,"3",2889301,"1",
"900000",12000,"4",2889301,"1",
"900000",12000,"5",2889301,"1",
"900150",3310,"1",2889301,"1",
"900150",3310,"2",2889301,"1",
"900150",3310,"3",2889301,"1",
"900150",3310,"4",2889301,"1",
"900150",3310,"5",2889301,"1",
"900160",200,"1",2889301,"1",
"900160",200,"2",2889301,"1",
"900160",200,"3",2889301,"1",
"900160",200,"4",2889301,"1",
"900160",200,"5",2889301,"1",
"980000",15510,"1",2889301,"1",
"980000",15510,"2",2889301,"1",
"980000",15510,"3",2889301,"1",
"980000",15510,"4",2889301,"1",
"980000",15510,"5",2889301,"1",
"980070",18292,"1",2889301,"1",
"980070",18292,"2",2889301,"1",
"980070",18292,"3",2889301,"1",
"980070",18292,"4",2889301,"1",
"980070",18292,"5",2889301,"1",
"800940",949,"1",2889302,"1",
"800940",949,"2",2889302,"1",
"800940",949,"3",2889302,"1",
"800940",949,"4",2889302,"1",
"800940",949,"5",2889302,"1",
"900000",12000,"1",2889302,"1",
"900000",12000,"2",2889302,"1",
"900000",12000,"3",2889302,"1",
"900000",12000,"4",2889302,"1",
"900000",12000,"5",2889302,"1",
"900150",3310,"1",2889302,"1",
"900150",3310,"2",2889302,"1",
"900150",3310,"3",2889302,"1",
"900150",3310,"4",2889302,"1",
"900150",3310,"5",2889302,"1",
"900160",200,"1",2889302,"1",
"900160",200,"2",2889302,"1",
"900160",200,"3",2889302,"1",
"900160",200,"4",2889302,"1",
"900160",200,"5",2889302,"1",
"980000",15510,"1",2889302,"1",
"980000",15510,"2",2889302,"1",
"980000",15510,"3",2889302,"1",
"980000",15510,"4",2889302,"1",
"980000",15510,"5",2889302,"1",
"980070",18292,"1",2889302,"1",
"980070",18292,"2",2889302,"1",
"980070",18292,"3",2889302,"1",
"980070",18292,"4",2889302,"1",
"980070",18292,"5",2889302,"1",
"900030",20459,"1",2889331,"1",
"900030",20459,"2",2889331,"1",
"900030",20459,"3",2889331,"1",
"900030",20459,"4",2889331,"1",
"900030",20459,"5",2889331,"1",
"900170",1975,"1",2889331,"1",
"900170",1975,"2",2889331,"1",
"900170",1975,"3",2889331,"1",
"900170",1975,"4",2889331,"1",
"900170",1975,"5",2889331,"1",
"900180",1000,"1",2889331,"1",
"900180",1000,"2",2889331,"1",
"900180",1000,"3",2889331,"1",
"900180",1000,"4",2889331,"1",
"900180",1000,"5",2889331,"1",
"980000",23434,"1",2889331,"1",
"980000",23434,"2",2889331,"1",
"980000",23434,"3",2889331,"1",
"980000",23434,"4",2889331,"1",
"980000",23434,"5",2889331,"1",
"980070",24634,"1",2889331,"1",
"980070",24634,"2",2889331,"1",
"980070",24634,"3",2889331,"1",
"980070",24634,"4",2889331,"1",
"980070",24634,"5",2889331,"1",
"900030",20459,"1",2889332,"1",
"900030",20459,"2",2889332,"1",
"900030",20459,"3",2889332,"1",
"900030",20459,"4",2889332,"1",
"900030",20459,"5",2889332,"1",
"900170",1975,"1",2889332,"1",
"900170",1975,"2",2889332,"1",
"900170",1975,"3",2889332,"1",
"900170",1975,"4",2889332,"1",
"900170",1975,"5",2889332,"1",
"900180",1000,"1",2889332,"1",
"900180",1000,"2",2889332,"1",
"900180",1000,"3",2889332,"1",
"900180",1000,"4",2889332,"1",
"900180",1000,"5",2889332,"1",
"980000",23434,"1",2889332,"1",
"980000",23434,"2",2889332,"1",
"980000",23434,"3",2889332,"1",
"980000",23434,"4",2889332,"1",
"980000",23434,"5",2889332,"1",
"980070",24634,"1",2889332,"1",
"980070",24634,"2",2889332,"1",
"980070",24634,"3",2889332,"1",
"980070",24634,"4",2889332,"1",
"980070",24634,"5",2889332,"1",
"900000",40500,"1",2889361,"1",
"900000",40500,"2",2889361,"1",
"900000",40500,"3",2889361,"1",
"900000",40500,"4",2889361,"1",
"900000",40500,"5",2889361,"1",
"980000",40500,"1",2889361,"1",
"980000",40500,"2",2889361,"1",
"980000",40500,"3",2889361,"1",
"980000",40500,"4",2889361,"1",
"980000",40500,"5",2889361,"1",
"980070",43500,"1",2889361,"1",
"980070",43500,"2",2889361,"1",
"980070",43500,"3",2889361,"1",
"980070",43500,"4",2889361,"1",
"980070",43500,"5",2889361,"1",
"900000",40500,"1",2889362,"1",
"900000",40500,"2",2889362,"1",
"900000",40500,"3",2889362,"1",
"900000",40500,"4",2889362,"1",
"900000",40500,"5",2889362,"1",
"980000",40500,"1",2889362,"1",
"980000",40500,"2",2889362,"1",
"980000",40500,"3",2889362,"1",
"980000",40500,"4",2889362,"1",
"980000",40500,"5",2889362,"1",
"980070",43500,"1",2889362,"1",
"980070",43500,"2",2889362,"1",
"980070",43500,"3",2889362,"1",
"980070",43500,"4",2889362,"1",
"980070",43500,"5",2889362,"1",
"900000",280180,"1",2889371,"1","T"
"900000",280180,"2",2889371,"1","T"
"900000",280180,"3",2889371,"1","T"
"900000",280180,"4",2889371,"1","T"
"900000",280180,"5",2889371,"1","T"
"980000",280180,"1",2889371,"1","T"
"980000",280180,"2",2889371,"1","T"
"980000",280180,"3",2889371,"1","T"
"980000",280180,"4",2889371,"1","T"
"980000",280180,"5",2889371,"1","T"
"980070",280180,"1",2889371,"1","T"
"980070",280180,"2",2889371,"1","T"
"980070",280180,"3",2889371,"1","T"
"980070",280180,"4",2889371,"1","T"
"980070",280180,"5",2889371,"1","T"
"900000",130127,"1",2889372,"1",
"900000",187649,"2",2889372,"1",
"900000",160619,"3",2889372,"1",
"900000",159868,"4",2889372,"1",
"900000",105476,"5",2889372,"1",
"980000",130127,"1",2889372,"1",
"980000",187649,"2",2889372,"1",
"980000",160619,"3",2889372,"1",
"980000",159868,"4",2889372,"1",
"980000",105476,"5",2889372,"1",
"980070",130127,"1",2889372,"1",
"980070",187649,"2",2889372,"1",
"980070",160619,"3",2889372,"1",
"980070",159868,"4",2889372,"1",
"980070",105476,"5",2889372,"1",
"900000",46646,"1",2889401,"1",
"900000",17564,"2",2889401,"1",
"900000",35089,"3",2889401,"1",
"900000",17795,"4",2889401,"1",
"900000",24249,"5",2889401,"1",
"900160",35860,"1",2889401,"1",
"900160",35369,"2",2889401,"1",
"900160",36829,"3",2889401,"1",
"900160",37296,"4",2889401,"1",
"900160",38508,"5",2889401,"1",
"950002",86,"1",2889401,"1",
"950002",80,"2",2889401,"1",
"950002",78,"3",2889401,"1",
"950002",83,"4",2889401,"1",
"950002",85,"5",2889401,"1",
"950012",150,"1",2889401,"1",
"950012",140,"2",2889401,"1",
"950012",136,"3",2889401,"1",
"950012",144,"4",2889401,"1",
"950012",149,"5",2889401,"1",
"980000",82506,"1",2889401,"1",
"980000",52933,"2",2889401,"1",
"980000",71918,"3",2889401,"1",
"980000",55091,"4",2889401,"1",
"980000",62757,"5",2889401,"1",
"980070",86670,"1",2889401,"1",
"980070",57113,"2",2889401,"1",
"980070",76104,"3",2889401,"1",
"980070",59264,"4",2889401,"1",
"980070",66923,"5",2889401,"1",
"900000",19251,"1",2889402,"1",
"900000",24138,"2",2889402,"1",
"900000",21226,"3",2889402,"1",
"900000",21238,"4",2889402,"1",
"900000",26438,"5",2889402,"1",
"900160",38795,"1",2889402,"1",
"900160",35770,"2",2889402,"1",
"900160",37823,"3",2889402,"1",
"900160",38638,"4",2889402,"1",
"900160",39940,"5",2889402,"1",
"950002",85,"1",2889402,"1",
"950002",101,"2",2889402,"1",
"950002",83,"3",2889402,"1",
"950002",90,"4",2889402,"1",
"950002",86,"5",2889402,"1",
"950012",148,"1",2889402,"1",
"950012",177,"2",2889402,"1",
"950012",145,"3",2889402,"1",
"950012",158,"4",2889402,"1",
"950012",150,"5",2889402,"1",
"980000",58046,"1",2889402,"1",
"980000",59908,"2",2889402,"1",
"980000",59049,"3",2889402,"1",
"980000",59876,"4",2889402,"1",
"980000",66378,"5",2889402,"1",
"980070",62213,"1",2889402,"1",
"980070",64030,"2",2889402,"1",
"980070",63221,"3",2889402,"1",
"980070",64028,"4",2889402,"1",
"980070",70542,"5",2889402,"1",
"900000",15000,"1",2889431,"1",
"900000",15000,"2",2889431,"1",
"900000",15000,"3",2889431,"1",
"900000",15000,"4",2889431,"1",
"900000",15000,"5",2889431,"1",
"900140",500,"1",2889431,"1",
"900140",500,"2",2889431,"1",
"900140",500,"3",2889431,"1",
"900140",500,"4",2889431,"1",
"900140",500,"5",2889431,"1",
"980000",15500,"1",2889431,"1",
"980000",15500,"2",2889431,"1",
"980000",15500,"3",2889431,"1",
"980000",15500,"4",2889431,"1",
"980000",15500,"5",2889431,"1",
"980070",16450,"1",2889431,"1",
"980070",16450,"2",2889431,"1",
"980070",16450,"3",2889431,"1",
"980070",16450,"4",2889431,"1",
"980070",16450,"5",2889431,"1",
"900000",15000,"1",2889432,"1",
"900000",15000,"2",2889432,"1",
"900000",15000,"3",2889432,"1",
"900000",15000,"4",2889432,"1",
"900000",15000,"5",2889432,"1",
"900140",500,"1",2889432,"1",
"900140",500,"2",2889432,"1",
"900140",500,"3",2889432,"1",
"900140",500,"4",2889432,"1",
"900140",500,"5",2889432,"1",
"980000",15500,"1",2889432,"1",
"980000",15500,"2",2889432,"1",
"980000",15500,"3",2889432,"1",
"980000",15500,"4",2889432,"1",
"980000",15500,"5",2889432,"1",
"980070",16450,"1",2889432,"1",
"980070",16450,"2",2889432,"1",
"980070",16450,"3",2889432,"1",
"980070",16450,"4",2889432,"1",
"980070",16450,"5",2889432,"1",
"900000",15048,"1",2889471,"1",
"900000",15048,"2",2889471,"1",
"900000",15048,"3",2889471,"1",
"900000",15048,"4",2889471,"1",
"900000",15048,"5",2889471,"1",
"900150",5760,"1",2889471,"1",
"900150",5760,"2",2889471,"1",
"900150",5760,"3",2889471,"1",
"900150",5760,"4",2889471,"1",
"900150",5760,"5",2889471,"1",
"980000",20808,"1",2889471,"1",
"980000",20808,"2",2889471,"1",
"980000",20808,"3",2889471,"1",
"980000",20808,"4",2889471,"1",
"980000",20808,"5",2889471,"1",
"980070",22629,"1",2889471,"1",
"980070",22629,"2",2889471,"1",
"980070",22629,"3",2889471,"1",
"980070",22629,"4",2889471,"1",
"980070",22629,"5",2889471,"1",
"900000",15048,"1",2889472,"1",
"900000",15048,"2",2889472,"1",
"900000",15048,"3",2889472,"1",
"900000",15048,"4",2889472,"1",
"900000",15048,"5",2889472,"1",
"900150",5760,"1",2889472,"1",
"900150",5760,"2",2889472,"1",
"900150",5760,"3",2889472,"1",
"900150",5760,"4",2889472,"1",
"900150",5760,"5",2889472,"1",
"980000",20808,"1",2889472,"1",
"980000",20808,"2",2889472,"1",
"980000",20808,"3",2889472,"1",
"980000",20808,"4",2889472,"1",
"980000",20808,"5",2889472,"1",
"980070",22629,"1",2889472,"1",
"980070",22629,"2",2889472,"1",
"980070",22629,"3",2889472,"1",
"980070",22629,"4",2889472,"1",
"980070",22629,"5",2889472,"1",
"900000",100000,"1",2889481,"1",
"900000",100000,"2",2889481,"1",
"900000",100000,"3",2889481,"1",
"900000",100000,"4",2889481,"1",
"900000",100000,"5",2889481,"1",
"900180",50,"1",2889481,"1",
"900180",50,"2",2889481,"1",
"900180",50,"3",2889481,"1",
"900180",50,"4",2889481,"1",
"900180",50,"5",2889481,"1",
"980000",100050,"1",2889481,"1",
"980000",100050,"2",2889481,"1",
"980000",100050,"3",2889481,"1",
"980000",100050,"4",2889481,"1",
"980000",100050,"5",2889481,"1",
"980070",107050,"1",2889481,"1",
"980070",107050,"2",2889481,"1",
"980070",107050,"3",2889481,"1",
"980070",107050,"4",2889481,"1",
"980070",107050,"5",2889481,"1",
"900000",100000,"1",2889482,"1",
"900000",100000,"2",2889482,"1",
"900000",100000,"3",2889482,"1",
"900000",100000,"4",2889482,"1",
"900000",100000,"5",2889482,"1",
"900180",50,"1",2889482,"1",
"900180",50,"2",2889482,"1",
"900180",50,"3",2889482,"1",
"900180",50,"4",2889482,"1",
"900180",50,"5",2889482,"1",
"980000",100050,"1",2889482,"1",
"980000",100050,"2",2889482,"1",
"980000",100050,"3",2889482,"1",
"980000",100050,"4",2889482,"1",
"980000",100050,"5",2889482,"1",
"980070",107050,"1",2889482,"1",
"980070",107050,"2",2889482,"1",
"980070",107050,"3",2889482,"1",
"980070",107050,"4",2889482,"1",
"980070",107050,"5",2889482,"1",
"900000",160000,"1",2889491,"1",
"900000",160000,"2",2889491,"1",
"900000",160000,"3",2889491,"1",
"900000",160000,"4",2889491,"1",
"900000",160000,"5",2889491,"1",
"900170",57000,"1",2889491,"1",
"900170",57000,"2",2889491,"1",
"900170",57000,"3",2889491,"1",
"900170",57000,"4",2889491,"1",
"900170",57000,"5",2889491,"1",
"900180",20000,"1",2889491,"1",
"900180",20000,"2",2889491,"1",
"900180",20000,"3",2889491,"1",
"900180",20000,"4",2889491,"1",
"900180",20000,"5",2889491,"1",
"900190",2600,"1",2889491,"1",
"900190",2600,"2",2889491,"1",
"900190",2600,"3",2889491,"1",
"900190",2600,"4",2889491,"1",
"900190",2600,"5",2889491,"1",
"950002",692,"1",2889491,"1",
"950002",692,"2",2889491,"1",
"950002",692,"3",2889491,"1",
"950002",692,"4",2889491,"1",
"950002",692,"5",2889491,"1",
"950012",538,"1",2889491,"1",
"950012",538,"2",2889491,"1",
"950012",538,"3",2889491,"1",
"950012",538,"4",2889491,"1",
"950012",538,"5",2889491,"1",
"980000",239600,"1",2889491,"1",
"980000",239600,"2",2889491,"1",
"980000",239600,"3",2889491,"1",
"980000",239600,"4",2889491,"1",
"980000",239600,"5",2889491,"1",
"980070",219643,"1",2889491,"1",
"980070",219643,"2",2889491,"1",
"980070",219643,"3",2889491,"1",
"980070",219643,"4",2889491,"1",
"980070",219643,"5",2889491,"1",
"900000",160000,"1",2889492,"1",
"900000",160000,"2",2889492,"1",
"900000",160000,"3",2889492,"1",
"900000",160000,"4",2889492,"1",
"900000",160000,"5",2889492,"1",
"900170",57000,"1",2889492,"1",
"900170",57000,"2",2889492,"1",
"900170",57000,"3",2889492,"1",
"900170",57000,"4",2889492,"1",
"900170",57000,"5",2889492,"1",
"900180",20000,"1",2889492,"1",
"900180",20000,"2",2889492,"1",
"900180",20000,"3",2889492,"1",
"900180",20000,"4",2889492,"1",
"900180",20000,"5",2889492,"1",
"900190",2600,"1",2889492,"1",
"900190",2600,"2",2889492,"1",
"900190",2600,"3",2889492,"1",
"900190",2600,"4",2889492,"1",
"900190",2600,"5",2889492,"1",
"950002",692,"1",2889492,"1",
"950002",692,"2",2889492,"1",
"950002",692,"3",2889492,"1",
"950002",692,"4",2889492,"1",
"950002",692,"5",2889492,"1",
"950012",538,"1",2889492,"1",
"950012",538,"2",2889492,"1",
"950012",538,"3",2889492,"1",
"950012",538,"4",2889492,"1",
"950012",538,"5",2889492,"1",
"980000",239600,"1",2889492,"1",
"980000",239600,"2",2889492,"1",
"980000",239600,"3",2889492,"1",
"980000",239600,"4",2889492,"1",
"980000",239600,"5",2889492,"1",
"980070",219643,"1",2889492,"1",
"980070",219643,"2",2889492,"1",
"980070",219643,"3",2889492,"1",
"980070",219643,"4",2889492,"1",
"980070",219643,"5",2889492,"1",
"900000",37288,"1",2889511,"1",
"900000",95680,"2",2889511,"1",
"900000",51505,"3",2889511,"1",
"900000",31538,"4",2889511,"1",
"900000",38558,"5",2889511,"1",
"900030",2124,"1",2889511,"1",
"900030",2108,"2",2889511,"1",
"900030",1998,"3",2889511,"1",
"900030",2058,"4",2889511,"1",
"900030",1906,"5",2889511,"1",
"980000",39412,"1",2889511,"1",
"980000",97788,"2",2889511,"1",
"980000",53503,"3",2889511,"1",
"980000",33596,"4",2889511,"1",
"980000",40464,"5",2889511,"1",
"980070",39412,"1",2889511,"1",
"980070",97788,"2",2889511,"1",
"980070",53503,"3",2889511,"1",
"980070",33596,"4",2889511,"1",
"980070",40464,"5",2889511,"1",
"900000",105862,"1",2889512,"1",
"900000",126453,"2",2889512,"1",
"900000",25090,"3",2889512,"1",
"900000",69509,"4",2889512,"1",
"900000",80168,"5",2889512,"1",
"900030",1682,"1",2889512,"1",
"900030",1704,"2",2889512,"1",
"900030",2038,"3",2889512,"1",
"900030",1916,"4",2889512,"1",
"900030",2052,"5",2889512,"1",
"980000",107544,"1",2889512,"1",
"980000",128157,"2",2889512,"1",
"980000",27128,"3",2889512,"1",
"980000",71425,"4",2889512,"1",
"980000",82220,"5",2889512,"1",
"980070",107544,"1",2889512,"1",
"980070",128157,"2",2889512,"1",
"980070",27128,"3",2889512,"1",
"980070",71425,"4",2889512,"1",
"980070",82220,"5",2889512,"1",
"900030",20026,"1",2889521,"1",
"900030",20026,"2",2889521,"1",
"900030",20026,"3",2889521,"1",
"900030",20026,"4",2889521,"1",
"900030",20026,"5",2889521,"1",
"980000",20026,"1",2889521,"1",
"980000",20026,"2",2889521,"1",
"980000",20026,"3",2889521,"1",
"980000",20026,"4",2889521,"1",
"980000",20026,"5",2889521,"1",
"980070",20026,"1",2889521,"1",
"980070",20026,"2",2889521,"1",
"980070",20026,"3",2889521,"1",
"980070",20026,"4",2889521,"1",
"980070",20026,"5",2889521,"1",
"900030",20026,"1",2889522,"1",
"900030",20026,"2",2889522,"1",
"900030",20026,"3",2889522,"1",
"900030",20026,"4",2889522,"1",
"900030",20026,"5",2889522,"1",
"980000",20026,"1",2889522,"1",
"980000",20026,"2",2889522,"1",
"980000",20026,"3",2889522,"1",
"980000",20026,"4",2889522,"1",
"980000",20026,"5",2889522,"1",
"980070",20026,"1",2889522,"1",
"980070",20026,"2",2889522,"1",
"980070",20026,"3",2889522,"1",
"980070",20026,"4",2889522,"1",
"980070",20026,"5",2889522,"1",
"900000",50931,"1",2889561,"1",
"900000",45672,"2",2889561,"1",
"900000",50162,"3",2889561,"1",
"900000",43045,"4",2889561,"1",
"900000",55503,"5",2889561,"1",
"980000",50931,"1",2889561,"1",
"980000",45672,"2",2889561,"1",
"980000",50162,"3",2889561,"1",
"980000",43045,"4",2889561,"1",
"980000",55503,"5",2889561,"1",
"980070",51681,"1",2889561,"1",
"980070",46422,"2",2889561,"1",
"980070",50912,"3",2889561,"1",
"980070",43795,"4",2889561,"1",
"980070",56253,"5",2889561,"1",
"900000",50677,"1",2889562,"1",
"900000",45309,"2",2889562,"1",
"900000",45397,"3",2889562,"1",
"900000",50469,"4",2889562,"1",
"900000",47329,"5",2889562,"1",
"980000",50677,"1",2889562,"1",
"980000",45309,"2",2889562,"1",
"980000",45397,"3",2889562,"1",
"980000",50469,"4",2889562,"1",
"980000",47329,"5",2889562,"1",
"980070",51427,"1",2889562,"1",
"980070",46059,"2",2889562,"1",
"980070",46147,"3",2889562,"1",
"980070",51219,"4",2889562,"1",
"980070",48079,"5",2889562,"1",
"900000",42469,"1",2889571,"1",
"900000",10622,"2",2889571,"1",
"900000",5068,"3",2889571,"1",
"900000",28961,"4",2889571,"1",
"900000",26108,"5",2889571,"1",
"900140",7000,"1",2889571,"1",
"900140",7000,"2",2889571,"1",
"900140",7000,"3",2889571,"1",
"900140",7000,"4",2889571,"1",
"900140",7000,"5",2889571,"1",
"980000",49469,"1",2889571,"1",
"980000",17622,"2",2889571,"1",
"980000",12068,"3",2889571,"1",
"980000",35961,"4",2889571,"1",
"980000",33108,"5",2889571,"1",
"980070",49869,"1",2889571,"1",
"980070",18022,"2",2889571,"1",
"980070",12468,"3",2889571,"1",
"980070",36361,"4",2889571,"1",
"980070",33508,"5",2889571,"1",
"900000",24949,"1",2889572,"1",
"900000",7956,"2",2889572,"1",
"900000",5303,"3",2889572,"1",
"900000",7562,"4",2889572,"1",
"900000",61457,"5",2889572,"1",
"900140",7000,"1",2889572,"1",
"900140",7000,"2",2889572,"1",
"900140",7000,"3",2889572,"1",
"900140",7000,"4",2889572,"1",
"900140",7000,"5",2889572,"1",
"980000",31949,"1",2889572,"1",
"980000",14956,"2",2889572,"1",
"980000",12303,"3",2889572,"1",
"980000",14562,"4",2889572,"1",
"980000",68457,"5",2889572,"1",
"980070",32349,"1",2889572,"1",
"980070",15356,"2",2889572,"1",
"980070",12703,"3",2889572,"1",
"980070",14962,"4",2889572,"1",
"980070",68857,"5",2889572,"1",
"900000",77205,"1",2889582,"1",
"900000",45751,"2",2889582,"1",
"900000",41000,"3",2889582,"1",
"900000",50567,"4",2889582,"1",
"900000",77073,"5",2889582,"1",
"980000",77205,"1",2889582,"1",
"980000",45751,"2",2889582,"1",
"980000",41000,"3",2889582,"1",
"980000",50567,"4",2889582,"1",
"980000",77073,"5",2889582,"1",
"980070",77205,"1",2889582,"1",
"980070",45751,"2",2889582,"1",
"980070",41000,"3",2889582,"1",
"980070",50567,"4",2889582,"1",
"980070",77073,"5",2889582,"1",
"900030",11399,"1",2889591,"1",
"900030",11399,"2",2889591,"1",
"900030",11399,"3",2889591,"1",
"900030",11399,"4",2889591,"1",
"900030",11399,"5",2889591,"1",
"900180",1,"1",2889591,"1",
"900180",1,"2",2889591,"1",
"900180",1,"3",2889591,"1",
"900180",1,"4",2889591,"1",
"900180",1,"5",2889591,"1",
"980000",11400,"1",2889591,"1",
"980000",11400,"2",2889591,"1",
"980000",11400,"3",2889591,"1",
"980000",11400,"4",2889591,"1",
"980000",11400,"5",2889591,"1",
"980070",11400,"1",2889591,"1",
"980070",11400,"2",2889591,"1",
"980070",11400,"3",2889591,"1",
"980070",11400,"4",2889591,"1",
"980070",11400,"5",2889591,"1",
"900030",11399,"1",2889592,"1",
"900030",11399,"2",2889592,"1",
"900030",11399,"3",2889592,"1",
"900030",11399,"4",2889592,"1",
"900030",11399,"5",2889592,"1",
"900180",1,"1",2889592,"1",
"900180",1,"2",2889592,"1",
"900180",1,"3",2889592,"1",
"900180",1,"4",2889592,"1",
"900180",1,"5",2889592,"1",
"980000",11400,"1",2889592,"1",
"980000",11400,"2",2889592,"1",
"980000",11400,"3",2889592,"1",
"980000",11400,"4",2889592,"1",
"980000",11400,"5",2889592,"1",
"980070",11400,"1",2889592,"1",
"980070",11400,"2",2889592,"1",
"980070",11400,"3",2889592,"1",
"980070",11400,"4",2889592,"1",
"980070",11400,"5",2889592,"1",
"900000",4340,"1",2889601,"1",
"900000",4340,"2",2889601,"1",
"900000",4340,"3",2889601,"1",
"900000",4340,"4",2889601,"1",
"900000",4340,"5",2889601,"1",
"980000",4340,"1",2889601,"1",
"980000",4340,"2",2889601,"1",
"980000",4340,"3",2889601,"1",
"980000",4340,"4",2889601,"1",
"980000",4340,"5",2889601,"1",
"980070",4340,"1",2889601,"1",
"980070",4340,"2",2889601,"1",
"980070",4340,"3",2889601,"1",
"980070",4340,"4",2889601,"1",
"980070",4340,"5",2889601,"1",
"900000",4340,"1",2889602,"1",
"900000",4340,"2",2889602,"1",
"900000",4340,"3",2889602,"1",
"900000",4340,"4",2889602,"1",
"900000",4340,"5",2889602,"1",
"980000",4340,"1",2889602,"1",
"980000",4340,"2",2889602,"1",
"980000",4340,"3",2889602,"1",
"980000",4340,"4",2889602,"1",
"980000",4340,"5",2889602,"1",
"980070",4340,"1",2889602,"1",
"980070",4340,"2",2889602,"1",
"980070",4340,"3",2889602,"1",
"980070",4340,"4",2889602,"1",
"980070",4340,"5",2889602,"1",
"900000",41445,"1",2889621,"1",
"900000",14288,"2",2889621,"1",
"900000",7446,"3",2889621,"1",
"900000",21003,"4",2889621,"1",
"900000",22824,"5",2889621,"1",
"980000",41445,"1",2889621,"1",
"980000",14288,"2",2889621,"1",
"980000",7446,"3",2889621,"1",
"980000",21003,"4",2889621,"1",
"980000",22824,"5",2889621,"1",
"980070",41445,"1",2889621,"1",
"980070",14288,"2",2889621,"1",
"980070",7446,"3",2889621,"1",
"980070",21003,"4",2889621,"1",
"980070",22824,"5",2889621,"1",
"900000",15247,"1",2889622,"1",
"900000",65202,"2",2889622,"1",
"900000",16514,"3",2889622,"1",
"900000",26155,"4",2889622,"1",
"900000",27526,"5",2889622,"1",
"980000",15247,"1",2889622,"1",
"980000",65202,"2",2889622,"1",
"980000",16514,"3",2889622,"1",
"980000",26155,"4",2889622,"1",
"980000",27526,"5",2889622,"1",
"980070",15247,"1",2889622,"1",
"980070",65202,"2",2889622,"1",
"980070",16514,"3",2889622,"1",
"980070",26155,"4",2889622,"1",
"980070",27526,"5",2889622,"1",
"900030",18443,"1",2889631,"1",
"900030",18443,"2",2889631,"1",
"900030",18443,"3",2889631,"1",
"900030",18443,"4",2889631,"1",
"900030",18443,"5",2889631,"1",
"900180",2037,"1",2889631,"1",
"900180",20088,"2",2889631,"1",
"900180",309,"3",2889631,"1",
"900180",92,"4",2889631,"1",
"900180",448,"5",2889631,"1",
"980000",20480,"1",2889631,"1",
"980000",38531,"2",2889631,"1",
"980000",18752,"3",2889631,"1",
"980000",18535,"4",2889631,"1",
"980000",18891,"5",2889631,"1",
"980070",20480,"1",2889631,"1",
"980070",38531,"2",2889631,"1",
"980070",18752,"3",2889631,"1",
"980070",18535,"4",2889631,"1",
"980070",18891,"5",2889631,"1",
"900030",18443,"1",2889632,"1",
"900030",18443,"2",2889632,"1",
"900030",18443,"3",2889632,"1",
"900030",18443,"4",2889632,"1",
"900030",18443,"5",2889632,"1",
"900180",1020,"1",2889632,"1",
"900180",138,"2",2889632,"1",
"900180",3,"3",2889632,"1",
"900180",6124,"4",2889632,"1",
"900180",10218,"5",2889632,"1",
"980000",19463,"1",2889632,"1",
"980000",18581,"2",2889632,"1",
"980000",18446,"3",2889632,"1",
"980000",24567,"4",2889632,"1",
"980000",28661,"5",2889632,"1",
"980070",19463,"1",2889632,"1",
"980070",18581,"2",2889632,"1",
"980070",18446,"3",2889632,"1",
"980070",24567,"4",2889632,"1",
"980070",28661,"5",2889632,"1",
"800940",10967,"1",2889651,"1","T"
"800940",10967,"2",2889651,"1","T"
"800940",10967,"3",2889651,"1","T"
"800940",10967,"4",2889651,"1","T"
"800940",10967,"5",2889651,"1","T"
"900000",97924,"1",2889651,"1",
"900000",104623,"2",2889651,"1",
"900000",100573,"3",2889651,"1",
"900000",112837,"4",2889651,"1",
"900000",132692,"5",2889651,"1",
"900160",130000,"1",2889651,"1",
"900160",130000,"2",2889651,"1",
"900160",130000,"3",2889651,"1",
"900160",130000,"4",2889651,"1",
"900160",130000,"5",2889651,"1",
"900180",38657,"1",2889651,"1","T"
"900180",38657,"2",2889651,"1","T"
"900180",38657,"3",2889651,"1","T"
"900180",38657,"4",2889651,"1","T"
"900180",38657,"5",2889651,"1","T"
"900190",6000,"1",2889651,"1",
"900190",6000,"2",2889651,"1",
"900190",6000,"3",2889651,"1",
"900190",6000,"4",2889651,"1",
"900190",6000,"5",2889651,"1",
"900210",1560,"1",2889651,"1",
"900210",1560,"2",2889651,"1",
"900210",1560,"3",2889651,"1",
"900210",1560,"4",2889651,"1",
"900210",1560,"5",2889651,"1",
"980000",285947,"1",2889651,"1","T"
"980000",285947,"2",2889651,"1","T"
"980000",285947,"3",2889651,"1","T"
"980000",285947,"4",2889651,"1","T"
"980000",285947,"5",2889651,"1","T"
"980070",282067,"1",2889651,"1","T"
"980070",282067,"2",2889651,"1","T"
"980070",282067,"3",2889651,"1","T"
"980070",282067,"4",2889651,"1","T"
"980070",282067,"5",2889651,"1","T"
"800940",10967,"1",2889652,"1","T"
"800940",10967,"2",2889652,"1","T"
"800940",10967,"3",2889652,"1","T"
"800940",10967,"4",2889652,"1","T"
"800940",10967,"5",2889652,"1","T"
"900000",105777,"1",2889652,"1",
"900000",146994,"2",2889652,"1",
"900000",97326,"3",2889652,"1",
"900000",104580,"4",2889652,"1",
"900000",139210,"5",2889652,"1",
"900160",130000,"1",2889652,"1",
"900160",130000,"2",2889652,"1",
"900160",130000,"3",2889652,"1",
"900160",130000,"4",2889652,"1",
"900160",130000,"5",2889652,"1",
"900180",38657,"1",2889652,"1","T"
"900180",38657,"2",2889652,"1","T"
"900180",38657,"3",2889652,"1","T"
"900180",38657,"4",2889652,"1","T"
"900180",38657,"5",2889652,"1","T"
"900190",6000,"1",2889652,"1",
"900190",6000,"2",2889652,"1",
"900190",6000,"3",2889652,"1",
"900190",6000,"4",2889652,"1",
"900190",6000,"5",2889652,"1",
"900210",1560,"1",2889652,"1",
"900210",1560,"2",2889652,"1",
"900210",1560,"3",2889652,"1",
"900210",1560,"4",2889652,"1",
"900210",1560,"5",2889652,"1",
"980000",294994,"1",2889652,"1","T"
"980000",294994,"2",2889652,"1","T"
"980000",294994,"3",2889652,"1","T"
"980000",294994,"4",2889652,"1","T"
"980000",294994,"5",2889652,"1","T"
"980070",291114,"1",2889652,"1","T"
"980070",291114,"2",2889652,"1","T"
"980070",291114,"3",2889652,"1","T"
"980070",291114,"4",2889652,"1","T"
"980070",291114,"5",2889652,"1","T"
"900000",237487,"1",2889661,"1","T"
"900000",237487,"2",2889661,"1","T"
"900000",237487,"3",2889661,"1","T"
"900000",237487,"4",2889661,"1","T"
"900000",237487,"5",2889661,"1","T"
"900180",200,"1",2889661,"1",
"900180",200,"2",2889661,"1",
"900180",200,"3",2889661,"1",
"900180",200,"4",2889661,"1",
"900180",200,"5",2889661,"1",
"900210",2200,"1",2889661,"1",
"900210",2200,"2",2889661,"1",
"900210",2200,"3",2889661,"1",
"900210",2200,"4",2889661,"1",
"900210",2200,"5",2889661,"1",
"950002",172,"1",2889661,"1",
"950002",172,"2",2889661,"1",
"950002",172,"3",2889661,"1",
"950002",172,"4",2889661,"1",
"950002",172,"5",2889661,"1",
"980000",239887,"1",2889661,"1","T"
"980000",239887,"2",2889661,"1","T"
"980000",239887,"3",2889661,"1","T"
"980000",239887,"4",2889661,"1","T"
"980000",239887,"5",2889661,"1","T"
"980070",243715,"1",2889661,"1","T"
"980070",243715,"2",2889661,"1","T"
"980070",243715,"3",2889661,"1","T"
"980070",243715,"4",2889661,"1","T"
"980070",243715,"5",2889661,"1","T"
"900000",237487,"1",2889662,"1","T"
"900000",237487,"2",2889662,"1","T"
"900000",237487,"3",2889662,"1","T"
"900000",237487,"4",2889662,"1","T"
"900000",237487,"5",2889662,"1","T"
"900180",200,"1",2889662,"1",
"900180",200,"2",2889662,"1",
"900180",200,"3",2889662,"1",
"900180",200,"4",2889662,"1",
"900180",200,"5",2889662,"1",
"900210",2200,"1",2889662,"1",
"900210",2200,"2",2889662,"1",
"900210",2200,"3",2889662,"1",
"900210",2200,"4",2889662,"1",
"900210",2200,"5",2889662,"1",
"950002",172,"1",2889662,"1",
"950002",172,"2",2889662,"1",
"950002",172,"3",2889662,"1",
"950002",172,"4",2889662,"1",
"950002",172,"5",2889662,"1",
"980000",239887,"1",2889662,"1","T"
"980000",239887,"2",2889662,"1","T"
"980000",239887,"3",2889662,"1","T"
"980000",239887,"4",2889662,"1","T"
"980000",239887,"5",2889662,"1","T"
"980070",243715,"1",2889662,"1","T"
"980070",243715,"2",2889662,"1","T"
"980070",243715,"3",2889662,"1","T"
"980070",243715,"4",2889662,"1","T"
"980070",243715,"5",2889662,"1","T"
"900000",52500,"1",2889681,"1",
"900000",52500,"2",2889681,"1",
"900000",52500,"3",2889681,"1",
"900000",52500,"4",2889681,"1",
"900000",52500,"5",2889681,"1",
"900030",4355,"1",2889681,"1",
"900030",4355,"2",2889681,"1",
"900030",4355,"3",2889681,"1",
"900030",4355,"4",2889681,"1",
"900030",4355,"5",2889681,"1",
"900210",400,"1",2889681,"1",
"900210",400,"2",2889681,"1",
"900210",400,"3",2889681,"1",
"900210",400,"4",2889681,"1",
"900210",400,"5",2889681,"1",
"980000",57255,"1",2889681,"1",
"980000",57255,"2",2889681,"1",
"980000",57255,"3",2889681,"1",
"980000",57255,"4",2889681,"1",
"980000",57255,"5",2889681,"1",
"980070",56575,"1",2889681,"1",
"980070",56575,"2",2889681,"1",
"980070",56575,"3",2889681,"1",
"980070",56575,"4",2889681,"1",
"980070",56575,"5",2889681,"1",
"900000",52500,"1",2889682,"1",
"900000",52500,"2",2889682,"1",
"900000",52500,"3",2889682,"1",
"900000",52500,"4",2889682,"1",
"900000",52500,"5",2889682,"1",
"900030",4355,"1",2889682,"1",
"900030",4355,"2",2889682,"1",
"900030",4355,"3",2889682,"1",
"900030",4355,"4",2889682,"1",
"900030",4355,"5",2889682,"1",
"900210",400,"1",2889682,"1",
"900210",400,"2",2889682,"1",
"900210",400,"3",2889682,"1",
"900210",400,"4",2889682,"1",
"900210",400,"5",2889682,"1",
"980000",57255,"1",2889682,"1",
"980000",57255,"2",2889682,"1",
"980000",57255,"3",2889682,"1",
"980000",57255,"4",2889682,"1",
"980000",57255,"5",2889682,"1",
"980070",56575,"1",2889682,"1",
"980070",56575,"2",2889682,"1",
"980070",56575,"3",2889682,"1",
"980070",56575,"4",2889682,"1",
"980070",56575,"5",2889682,"1",
"900000",21935,"1",2889691,"1",
"900000",26276,"2",2889691,"1",
"900000",27294,"3",2889691,"1",
"900000",26358,"4",2889691,"1",
"900000",27617,"5",2889691,"1",
"900180",25,"1",2889691,"1",
"900180",74,"2",2889691,"1",
"900180",767,"3",2889691,"1",
"900180",141,"4",2889691,"1",
"900180",101,"5",2889691,"1",
"980000",21960,"1",2889691,"1",
"980000",26350,"2",2889691,"1",
"980000",28061,"3",2889691,"1",
"980000",26499,"4",2889691,"1",
"980000",27718,"5",2889691,"1",
"980070",22860,"1",2889691,"1",
"980070",27250,"2",2889691,"1",
"980070",28961,"3",2889691,"1",
"980070",27399,"4",2889691,"1",
"980070",28618,"5",2889691,"1",
"900000",29210,"1",2889692,"1",
"900000",27040,"2",2889692,"1",
"900000",25345,"3",2889692,"1",
"900000",24095,"4",2889692,"1",
"900000",21243,"5",2889692,"1",
"900180",2,"1",2889692,"1",
"900180",44,"2",2889692,"1",
"900180",2,"3",2889692,"1",
"900180",138,"4",2889692,"1",
"900180",56,"5",2889692,"1",
"980000",29212,"1",2889692,"1",
"980000",27084,"2",2889692,"1",
"980000",25347,"3",2889692,"1",
"980000",24233,"4",2889692,"1",
"980000",21299,"5",2889692,"1",
"980070",30112,"1",2889692,"1",
"980070",27984,"2",2889692,"1",
"980070",26247,"3",2889692,"1",
"980070",25133,"4",2889692,"1",
"980070",22199,"5",2889692,"1",
"800940",1539,"1",2889721,"1",
"800940",1671,"2",2889721,"1",
"800940",4188,"3",2889721,"1",
"800940",1484,"4",2889721,"1",
"800940",1635,"5",2889721,"1",
"900000",20723,"1",2889721,"1",
"900000",22441,"2",2889721,"1",
"900000",55345,"3",2889721,"1",
"900000",20000,"4",2889721,"1",
"900000",21977,"5",2889721,"1",
"900030",26002,"1",2889721,"1",
"900030",26002,"2",2889721,"1",
"900030",26002,"3",2889721,"1",
"900030",26002,"4",2889721,"1",
"900030",26002,"5",2889721,"1",
"900160",-300,"1",2889721,"1",
"900160",-300,"2",2889721,"1",
"900160",-300,"3",2889721,"1",
"900160",-300,"4",2889721,"1",
"900160",-300,"5",2889721,"1",
"900170",21264,"1",2889721,"1",
"900170",21264,"2",2889721,"1",
"900170",21264,"3",2889721,"1",
"900170",21264,"4",2889721,"1",
"900170",21264,"5",2889721,"1",
"900210",3000,"1",2889721,"1",
"900210",3000,"2",2889721,"1",
"900210",3000,"3",2889721,"1",
"900210",3000,"4",2889721,"1",
"900210",3000,"5",2889721,"1",
"980000",70689,"1",2889721,"1",
"980000",72407,"2",2889721,"1",
"980000",105311,"3",2889721,"1",
"980000",69966,"4",2889721,"1",
"980000",71943,"5",2889721,"1",
"980070",71585,"1",2889721,"1",
"980070",73303,"2",2889721,"1",
"980070",106207,"3",2889721,"1",
"980070",70862,"4",2889721,"1",
"980070",72839,"5",2889721,"1",
"800940",2087,"1",2889722,"1",
"800940",3580,"2",2889722,"1",
"800940",2584,"3",2889722,"1",
"800940",1265,"4",2889722,"1",
"800940",2472,"5",2889722,"1",
"900000",27886,"1",2889722,"1",
"900000",47402,"2",2889722,"1",
"900000",34382,"3",2889722,"1",
"900000",17142,"4",2889722,"1",
"900000",32911,"5",2889722,"1",
"900030",26002,"1",2889722,"1",
"900030",26002,"2",2889722,"1",
"900030",26002,"3",2889722,"1",
"900030",26002,"4",2889722,"1",
"900030",26002,"5",2889722,"1",
"900160",-300,"1",2889722,"1",
"900160",-300,"2",2889722,"1",
"900160",-300,"3",2889722,"1",
"900160",-300,"4",2889722,"1",
"900160",-300,"5",2889722,"1",
"900170",21264,"1",2889722,"1",
"900170",21264,"2",2889722,"1",
"900170",21264,"3",2889722,"1",
"900170",21264,"4",2889722,"1",
"900170",21264,"5",2889722,"1",
"900210",3000,"1",2889722,"1",
"900210",3000,"2",2889722,"1",
"900210",3000,"3",2889722,"1",
"900210",3000,"4",2889722,"1",
"900210",3000,"5",2889722,"1",
"980000",77852,"1",2889722,"1",
"980000",97368,"2",2889722,"1",
"980000",84348,"3",2889722,"1",
"980000",67108,"4",2889722,"1",
"980000",82877,"5",2889722,"1",
"980070",78748,"1",2889722,"1",
"980070",98264,"2",2889722,"1",
"980070",85244,"3",2889722,"1",
"980070",68004,"4",2889722,"1",
"980070",83773,"5",2889722,"1",
"900030",19774,"1",2889741,"1",
"900030",19774,"2",2889741,"1",
"900030",19774,"3",2889741,"1",
"900030",19774,"4",2889741,"1",
"900030",19774,"5",2889741,"1",
"980000",19774,"1",2889741,"1",
"980000",19774,"2",2889741,"1",
"980000",19774,"3",2889741,"1",
"980000",19774,"4",2889741,"1",
"980000",19774,"5",2889741,"1",
"980070",19774,"1",2889741,"1",
"980070",19774,"2",2889741,"1",
"980070",19774,"3",2889741,"1",
"980070",19774,"4",2889741,"1",
"980070",19774,"5",2889741,"1",
"900030",19774,"1",2889742,"1",
"900030",19774,"2",2889742,"1",
"900030",19774,"3",2889742,"1",
"900030",19774,"4",2889742,"1",
"900030",19774,"5",2889742,"1",
"980000",19774,"1",2889742,"1",
"980000",19774,"2",2889742,"1",
"980000",19774,"3",2889742,"1",
"980000",19774,"4",2889742,"1",
"980000",19774,"5",2889742,"1",
"980070",19774,"1",2889742,"1",
"980070",19774,"2",2889742,"1",
"980070",19774,"3",2889742,"1",
"980070",19774,"4",2889742,"1",
"980070",19774,"5",2889742,"1",
"900030",24228,"1",2889761,"1",
"900030",8016,"2",2889761,"1",
"900030",10308,"3",2889761,"1",
"900030",15276,"4",2889761,"1",
"900030",11700,"5",2889761,"1",
"980000",24228,"1",2889761,"1",
"980000",8016,"2",2889761,"1",
"980000",10308,"3",2889761,"1",
"980000",15276,"4",2889761,"1",
"980000",11700,"5",2889761,"1",
"980070",24228,"1",2889761,"1",
"980070",8016,"2",2889761,"1",
"980070",10308,"3",2889761,"1",
"980070",15276,"4",2889761,"1",
"980070",11700,"5",2889761,"1",
"900090",13483,"1",2889762,"1",
"900090",9355,"2",2889762,"1",
"900090",3563,"3",2889762,"1",
"900090",104,"4",2889762,"1",
"900090",2882,"5",2889762,"1",
"980000",13483,"1",2889762,"1",
"980000",9355,"2",2889762,"1",
"980000",3563,"3",2889762,"1",
"980000",104,"4",2889762,"1",
"980000",2882,"5",2889762,"1",
"980070",13483,"1",2889762,"1",
"980070",9355,"2",2889762,"1",
"980070",3563,"3",2889762,"1",
"980070",104,"4",2889762,"1",
"980070",2882,"5",2889762,"1",
"900000",58353,"1",2889771,"1",
"900000",60060,"2",2889771,"1",
"900000",64573,"3",2889771,"1",
"900000",64906,"4",2889771,"1",
"900000",60136,"5",2889771,"1",
"900030",20939,"1",2889771,"1",
"900030",20939,"2",2889771,"1",
"900030",20939,"3",2889771,"1",
"900030",20939,"4",2889771,"1",
"900030",20939,"5",2889771,"1",
"900170",9577,"1",2889771,"1",
"900170",6792,"2",2889771,"1",
"900170",5881,"3",2889771,"1",
"900170",6260,"4",2889771,"1",
"900170",6678,"5",2889771,"1",
"980000",88869,"1",2889771,"1",
"980000",87791,"2",2889771,"1",
"980000",91393,"3",2889771,"1",
"980000",92105,"4",2889771,"1",
"980000",87753,"5",2889771,"1",
"980070",88869,"1",2889771,"1",
"980070",87791,"2",2889771,"1",
"980070",91393,"3",2889771,"1",
"980070",92105,"4",2889771,"1",
"980070",87753,"5",2889771,"1",
"900000",61200,"1",2889772,"1",
"900000",64419,"2",2889772,"1",
"900000",58388,"3",2889772,"1",
"900000",62211,"4",2889772,"1",
"900000",62627,"5",2889772,"1",
"900030",20939,"1",2889772,"1",
"900030",20939,"2",2889772,"1",
"900030",20939,"3",2889772,"1",
"900030",20939,"4",2889772,"1",
"900030",20939,"5",2889772,"1",
"900170",9289,"1",2889772,"1",
"900170",5068,"2",2889772,"1",
"900170",5986,"3",2889772,"1",
"900170",7632,"4",2889772,"1",
"900170",5021,"5",2889772,"1",
"980000",91428,"1",2889772,"1",
"980000",90426,"2",2889772,"1",
"980000",85313,"3",2889772,"1",
"980000",90782,"4",2889772,"1",
"980000",88587,"5",2889772,"1",
"980070",91428,"1",2889772,"1",
"980070",90426,"2",2889772,"1",
"980070",85313,"3",2889772,"1",
"980070",90782,"4",2889772,"1",
"980070",88587,"5",2889772,"1",
"900030",19259,"1",2889792,"1",
"900030",19259,"2",2889792,"1",
"900030",19259,"3",2889792,"1",
"900030",19259,"4",2889792,"1",
"900030",19259,"5",2889792,"1",
"980000",19259,"1",2889792,"1",
"980000",19259,"2",2889792,"1",
"980000",19259,"3",2889792,"1",
"980000",19259,"4",2889792,"1",
"980000",19259,"5",2889792,"1",
"980070",19259,"1",2889792,"1",
"980070",19259,"2",2889792,"1",
"980070",19259,"3",2889792,"1",
"980070",19259,"4",2889792,"1",
"980070",19259,"5",2889792,"1",
"900000",70000,"1",2889801,"1",
"900000",70000,"2",2889801,"1",
"900000",70000,"3",2889801,"1",
"900000",70000,"4",2889801,"1",
"900000",70000,"5",2889801,"1",
"900030",31318,"1",2889801,"1",
"900030",31318,"2",2889801,"1",
"900030",31318,"3",2889801,"1",
"900030",31318,"4",2889801,"1",
"900030",31318,"5",2889801,"1",
"900180",900,"1",2889801,"1",
"900180",900,"2",2889801,"1",
"900180",900,"3",2889801,"1",
"900180",900,"4",2889801,"1",
"900180",900,"5",2889801,"1",
"980000",102218,"1",2889801,"1",
"980000",102218,"2",2889801,"1",
"980000",102218,"3",2889801,"1",
"980000",102218,"4",2889801,"1",
"980000",102218,"5",2889801,"1",
"980070",102218,"1",2889801,"1",
"980070",102218,"2",2889801,"1",
"980070",102218,"3",2889801,"1",
"980070",102218,"4",2889801,"1",
"980070",102218,"5",2889801,"1",
"900000",70000,"1",2889802,"1",
"900000",70000,"2",2889802,"1",
"900000",70000,"3",2889802,"1",
"900000",70000,"4",2889802,"1",
"900000",70000,"5",2889802,"1",
"900030",31318,"1",2889802,"1",
"900030",31318,"2",2889802,"1",
"900030",31318,"3",2889802,"1",
"900030",31318,"4",2889802,"1",
"900030",31318,"5",2889802,"1",
"900180",900,"1",2889802,"1",
"900180",900,"2",2889802,"1",
"900180",900,"3",2889802,"1",
"900180",900,"4",2889802,"1",
"900180",900,"5",2889802,"1",
"980000",102218,"1",2889802,"1",
"980000",102218,"2",2889802,"1",
"980000",102218,"3",2889802,"1",
"980000",102218,"4",2889802,"1",
"980000",102218,"5",2889802,"1",
"980070",102218,"1",2889802,"1",
"980070",102218,"2",2889802,"1",
"980070",102218,"3",2889802,"1",
"980070",102218,"4",2889802,"1",
"980070",102218,"5",2889802,"1",
"900000",205669,"1",2889811,"1",
"900000",212257,"2",2889811,"1",
"900000",206845,"3",2889811,"1",
"900000",209121,"4",2889811,"1",
"900000",208069,"5",2889811,"1",
"900180",700,"1",2889811,"1",
"900180",700,"2",2889811,"1",
"900180",700,"3",2889811,"1",
"900180",700,"4",2889811,"1",
"900180",700,"5",2889811,"1",
"980000",206369,"1",2889811,"1",
"980000",212957,"2",2889811,"1",
"980000",207545,"3",2889811,"1",
"980000",209821,"4",2889811,"1",
"980000",208769,"5",2889811,"1",
"980070",211369,"1",2889811,"1",
"980070",217957,"2",2889811,"1",
"980070",212545,"3",2889811,"1",
"980070",214821,"4",2889811,"1",
"980070",213769,"5",2889811,"1",
"900000",209984,"1",2889812,"1",
"900000",206784,"2",2889812,"1",
"900000",212671,"3",2889812,"1",
"900000",209795,"4",2889812,"1",
"900000",205152,"5",2889812,"1",
"900180",700,"1",2889812,"1",
"900180",700,"2",2889812,"1",
"900180",700,"3",2889812,"1",
"900180",700,"4",2889812,"1",
"900180",700,"5",2889812,"1",
"980000",210684,"1",2889812,"1",
"980000",207484,"2",2889812,"1",
"980000",213371,"3",2889812,"1",
"980000",210495,"4",2889812,"1",
"980000",205852,"5",2889812,"1",
"980070",215684,"1",2889812,"1",
"980070",212484,"2",2889812,"1",
"980070",218371,"3",2889812,"1",
"980070",215495,"4",2889812,"1",
"980070",210852,"5",2889812,"1",
"900000",15000,"1",2889862,"1",
"900000",15000,"2",2889862,"1",
"900000",15000,"3",2889862,"1",
"900000",15000,"4",2889862,"1",
"900000",15000,"5",2889862,"1",
"980000",15000,"1",2889862,"1",
"980000",15000,"2",2889862,"1",
"980000",15000,"3",2889862,"1",
"980000",15000,"4",2889862,"1",
"980000",15000,"5",2889862,"1",
"980070",18800,"1",2889862,"1",
"980070",18800,"2",2889862,"1",
"980070",18800,"3",2889862,"1",
"980070",18800,"4",2889862,"1",
"980070",18800,"5",2889862,"1",
"900000",205487,"1",2889871,"1","T"
"900000",205487,"2",2889871,"1","T"
"900000",205487,"3",2889871,"1","T"
"900000",205487,"4",2889871,"1","T"
"900000",205487,"5",2889871,"1","T"
"980000",205487,"1",2889871,"1","T"
"980000",205487,"2",2889871,"1","T"
"980000",205487,"3",2889871,"1","T"
"980000",205487,"4",2889871,"1","T"
"980000",205487,"5",2889871,"1","T"
"980070",205487,"1",2889871,"1","T"
"980070",205487,"2",2889871,"1","T"
"980070",205487,"3",2889871,"1","T"
"980070",205487,"4",2889871,"1","T"
"980070",205487,"5",2889871,"1","T"
"900000",32687,"1",2889872,"1",
"900000",75800,"2",2889872,"1",
"900000",69395,"3",2889872,"1",
"900000",46503,"4",2889872,"1",
"900000",55048,"5",2889872,"1",
"980000",32687,"1",2889872,"1",
"980000",75800,"2",2889872,"1",
"980000",69395,"3",2889872,"1",
"980000",46503,"4",2889872,"1",
"980000",55048,"5",2889872,"1",
"980070",32687,"1",2889872,"1",
"980070",75800,"2",2889872,"1",
"980070",69395,"3",2889872,"1",
"980070",46503,"4",2889872,"1",
"980070",55048,"5",2889872,"1",
"900000",45000,"1",2889901,"1",
"900000",45000,"2",2889901,"1",
"900000",45000,"3",2889901,"1",
"900000",45000,"4",2889901,"1",
"900000",45000,"5",2889901,"1",
"900180",1057,"1",2889901,"1",
"900180",1111,"2",2889901,"1",
"900180",1030,"3",2889901,"1",
"900180",1209,"4",2889901,"1",
"900180",1029,"5",2889901,"1",
"980000",46057,"1",2889901,"1",
"980000",46111,"2",2889901,"1",
"980000",46030,"3",2889901,"1",
"980000",46209,"4",2889901,"1",
"980000",46029,"5",2889901,"1",
"980070",45857,"1",2889901,"1",
"980070",45911,"2",2889901,"1",
"980070",45830,"3",2889901,"1",
"980070",46009,"4",2889901,"1",
"980070",45829,"5",2889901,"1",
"900000",45000,"1",2889902,"1",
"900000",45000,"2",2889902,"1",
"900000",45000,"3",2889902,"1",
"900000",45000,"4",2889902,"1",
"900000",45000,"5",2889902,"1",
"900180",1006,"1",2889902,"1",
"900180",1150,"2",2889902,"1",
"900180",1120,"3",2889902,"1",
"900180",1132,"4",2889902,"1",
"900180",1113,"5",2889902,"1",
"980000",46006,"1",2889902,"1",
"980000",46150,"2",2889902,"1",
"980000",46120,"3",2889902,"1",
"980000",46132,"4",2889902,"1",
"980000",46113,"5",2889902,"1",
"980070",45806,"1",2889902,"1",
"980070",45950,"2",2889902,"1",
"980070",45920,"3",2889902,"1",
"980070",45932,"4",2889902,"1",
"980070",45913,"5",2889902,"1",
"900000",44165,"1",2889921,"1",
"900000",20000,"2",2889921,"1",
"900000",42135,"3",2889921,"1",
"900000",65822,"4",2889921,"1",
"900000",53734,"5",2889921,"1",
"980000",44165,"1",2889921,"1",
"980000",20000,"2",2889921,"1",
"980000",42135,"3",2889921,"1",
"980000",65822,"4",2889921,"1",
"980000",53734,"5",2889921,"1",
"980070",44165,"1",2889921,"1",
"980070",20000,"2",2889921,"1",
"980070",42135,"3",2889921,"1",
"980070",65822,"4",2889921,"1",
"980070",53734,"5",2889921,"1",
"900000",37759,"1",2889922,"1",
"900000",3049,"2",2889922,"1",
"900000",20000,"3",2889922,"1",
"900000",34705,"4",2889922,"1",
"900000",60933,"5",2889922,"1",
"980000",37759,"1",2889922,"1",
"980000",3049,"2",2889922,"1",
"980000",20000,"3",2889922,"1",
"980000",34705,"4",2889922,"1",
"980000",60933,"5",2889922,"1",
"980070",37759,"1",2889922,"1",
"980070",3049,"2",2889922,"1",
"980070",20000,"3",2889922,"1",
"980070",34705,"4",2889922,"1",
"980070",60933,"5",2889922,"1",
"900030",17628,"1",2889931,"1",
"900030",9456,"2",2889931,"1",
"900030",12720,"3",2889931,"1",
"900030",5016,"4",2889931,"1",
"900030",7560,"5",2889931,"1",
"900120",4359,"1",2889931,"1",
"900120",11642,"2",2889931,"1",
"900120",1408,"3",2889931,"1",
"900120",418,"4",2889931,"1",
"900120",113,"5",2889931,"1",
"980000",21987,"1",2889931,"1",
"980000",21098,"2",2889931,"1",
"980000",14128,"3",2889931,"1",
"980000",5434,"4",2889931,"1",
"980000",7673,"5",2889931,"1",
"980070",21987,"1",2889931,"1",
"980070",21098,"2",2889931,"1",
"980070",14128,"3",2889931,"1",
"980070",5434,"4",2889931,"1",
"980070",7673,"5",2889931,"1",
"900030",21252,"1",2889932,"1",
"900030",8352,"2",2889932,"1",
"900030",23508,"3",2889932,"1",
"900030",17712,"4",2889932,"1",
"900030",13212,"5",2889932,"1",
"980000",21252,"1",2889932,"1",
"980000",8352,"2",2889932,"1",
"980000",23508,"3",2889932,"1",
"980000",17712,"4",2889932,"1",
"980000",13212,"5",2889932,"1",
"980070",21252,"1",2889932,"1",
"980070",8352,"2",2889932,"1",
"980070",23508,"3",2889932,"1",
"980070",17712,"4",2889932,"1",
"980070",13212,"5",2889932,"1",
"900000",124789,"1",2889941,"1",
"900000",126326,"2",2889941,"1",
"900000",137506,"3",2889941,"1",
"900000",126681,"4",2889941,"1",
"900000",126732,"5",2889941,"1",
"900180",875,"1",2889941,"1",
"900180",899,"2",2889941,"1",
"900180",47,"3",2889941,"1",
"900180",58,"4",2889941,"1",
"900180",78,"5",2889941,"1",
"980000",125664,"1",2889941,"1",
"980000",127225,"2",2889941,"1",
"980000",137553,"3",2889941,"1",
"980000",126739,"4",2889941,"1",
"980000",126810,"5",2889941,"1",
"980070",131164,"1",2889941,"1",
"980070",132725,"2",2889941,"1",
"980070",143053,"3",2889941,"1",
"980070",132239,"4",2889941,"1",
"980070",132310,"5",2889941,"1",
"900000",131230,"1",2889942,"1",
"900000",141879,"2",2889942,"1",
"900000",143749,"3",2889942,"1",
"900000",132263,"4",2889942,"1",
"900000",135399,"5",2889942,"1",
"900180",56,"1",2889942,"1",
"900180",72,"2",2889942,"1",
"900180",4,"3",2889942,"1",
"900180",22,"4",2889942,"1",
"900180",62,"5",2889942,"1",
"980000",131286,"1",2889942,"1",
"980000",141951,"2",2889942,"1",
"980000",143753,"3",2889942,"1",
"980000",132285,"4",2889942,"1",
"980000",135461,"5",2889942,"1",
"980070",136786,"1",2889942,"1",
"980070",147451,"2",2889942,"1",
"980070",149253,"3",2889942,"1",
"980070",137785,"4",2889942,"1",
"980070",140961,"5",2889942,"1",
"900030",45430,"1",2889951,"1",
"900030",45430,"2",2889951,"1",
"900030",45430,"3",2889951,"1",
"900030",45430,"4",2889951,"1",
"900030",45430,"5",2889951,"1",
"900170",71786,"1",2889951,"1","T"
"900170",71786,"2",2889951,"1","T"
"900170",71786,"3",2889951,"1","T"
"900170",71786,"4",2889951,"1","T"
"900170",71786,"5",2889951,"1","T"
"980000",117216,"1",2889951,"1","T"
"980000",117216,"2",2889951,"1","T"
"980000",117216,"3",2889951,"1","T"
"980000",117216,"4",2889951,"1","T"
"980000",117216,"5",2889951,"1","T"
"980070",106632,"1",2889951,"1","T"
"980070",106632,"2",2889951,"1","T"
"980070",106632,"3",2889951,"1","T"
"980070",106632,"4",2889951,"1","T"
"980070",106632,"5",2889951,"1","T"
"900030",45430,"1",2889952,"1",
"900030",45430,"2",2889952,"1",
"900030",45430,"3",2889952,"1",
"900030",45430,"4",2889952,"1",
"900030",45430,"5",2889952,"1",
"900170",71786,"1",2889952,"1","T"
"900170",71786,"2",2889952,"1","T"
"900170",71786,"3",2889952,"1","T"
"900170",71786,"4",2889952,"1","T"
"900170",71786,"5",2889952,"1","T"
"980000",117216,"1",2889952,"1","T"
"980000",117216,"2",2889952,"1","T"
"980000",117216,"3",2889952,"1","T"
"980000",117216,"4",2889952,"1","T"
"980000",117216,"5",2889952,"1","T"
"980070",106632,"1",2889952,"1","T"
"980070",106632,"2",2889952,"1","T"
"980070",106632,"3",2889952,"1","T"
"980070",106632,"4",2889952,"1","T"
"980070",106632,"5",2889952,"1","T"
"900000",41100,"1",2889971,"1",
"900000",33744,"2",2889971,"1",
"900000",38636,"3",2889971,"1",
"900000",49079,"4",2889971,"1",
"900000",14284,"5",2889971,"1",
"980000",41100,"1",2889971,"1",
"980000",33744,"2",2889971,"1",
"980000",38636,"3",2889971,"1",
"980000",49079,"4",2889971,"1",
"980000",14284,"5",2889971,"1",
"980070",41100,"1",2889971,"1",
"980070",33744,"2",2889971,"1",
"980070",38636,"3",2889971,"1",
"980070",49079,"4",2889971,"1",
"980070",14284,"5",2889971,"1",
"900000",28199,"1",2889972,"1",
"900000",72537,"2",2889972,"1",
"900000",34292,"3",2889972,"1",
"900000",21068,"4",2889972,"1",
"900000",27344,"5",2889972,"1",
"980000",28199,"1",2889972,"1",
"980000",72537,"2",2889972,"1",
"980000",34292,"3",2889972,"1",
"980000",21068,"4",2889972,"1",
"980000",27344,"5",2889972,"1",
"980070",28199,"1",2889972,"1",
"980070",72537,"2",2889972,"1",
"980070",34292,"3",2889972,"1",
"980070",21068,"4",2889972,"1",
"980070",27344,"5",2889972,"1",
"800940",10967,"1",2890001,"1","T"
"800940",10967,"2",2890001,"1","T"
"800940",10967,"3",2890001,"1","T"
"800940",10967,"4",2890001,"1","T"
"800940",10967,"5",2890001,"1","T"
"900000",122000,"1",2890001,"1",
"900000",122000,"2",2890001,"1",
"900000",122000,"3",2890001,"1",
"900000",122000,"4",2890001,"1",
"900000",122000,"5",2890001,"1",
"900160",63815,"1",2890001,"1",
"900160",17852,"2",2890001,"1",
"900160",154013,"3",2890001,"1",
"900160",12533,"4",2890001,"1",
"900160",1080,"5",2890001,"1",
"900210",6500,"1",2890001,"1",
"900210",6500,"2",2890001,"1",
"900210",6500,"3",2890001,"1",
"900210",6500,"4",2890001,"1",
"900210",6500,"5",2890001,"1",
"980000",192315,"1",2890001,"1",
"980000",146352,"2",2890001,"1",
"980000",282513,"3",2890001,"1",
"980000",141033,"4",2890001,"1",
"980000",129580,"5",2890001,"1",
"980070",165315,"1",2890001,"1",
"980070",119352,"2",2890001,"1",
"980070",255513,"3",2890001,"1",
"980070",114033,"4",2890001,"1",
"980070",102580,"5",2890001,"1",
"800940",10967,"1",2890002,"1","T"
"800940",10967,"2",2890002,"1","T"
"800940",10967,"3",2890002,"1","T"
"800940",10967,"4",2890002,"1","T"
"800940",10967,"5",2890002,"1","T"
"900000",122000,"1",2890002,"1",
"900000",122000,"2",2890002,"1",
"900000",122000,"3",2890002,"1",
"900000",122000,"4",2890002,"1",
"900000",122000,"5",2890002,"1",
"900160",12220,"1",2890002,"1",
"900160",41393,"2",2890002,"1",
"900160",37918,"3",2890002,"1",
"900160",79115,"4",2890002,"1",
"900160",1020,"5",2890002,"1",
"900210",6500,"1",2890002,"1",
"900210",6500,"2",2890002,"1",
"900210",6500,"3",2890002,"1",
"900210",6500,"4",2890002,"1",
"900210",6500,"5",2890002,"1",
"980000",140720,"1",2890002,"1",
"980000",169893,"2",2890002,"1",
"980000",166418,"3",2890002,"1",
"980000",207615,"4",2890002,"1",
"980000",129520,"5",2890002,"1",
"980070",113720,"1",2890002,"1",
"980070",142893,"2",2890002,"1",
"980070",139418,"3",2890002,"1",
"980070",180615,"4",2890002,"1",
"980070",102520,"5",2890002,"1",
"900030",16559,"1",2890021,"1",
"900030",16559,"2",2890021,"1",
"900030",16559,"3",2890021,"1",
"900030",16559,"4",2890021,"1",
"900030",16559,"5",2890021,"1",
"980000",16559,"1",2890021,"1",
"980000",16559,"2",2890021,"1",
"980000",16559,"3",2890021,"1",
"980000",16559,"4",2890021,"1",
"980000",16559,"5",2890021,"1",
"980070",16559,"1",2890021,"1",
"980070",16559,"2",2890021,"1",
"980070",16559,"3",2890021,"1",
"980070",16559,"4",2890021,"1",
"980070",16559,"5",2890021,"1",
"900030",16559,"1",2890022,"1",
"900030",16559,"2",2890022,"1",
"900030",16559,"3",2890022,"1",
"900030",16559,"4",2890022,"1",
"900030",16559,"5",2890022,"1",
"980000",16559,"1",2890022,"1",
"980000",16559,"2",2890022,"1",
"980000",16559,"3",2890022,"1",
"980000",16559,"4",2890022,"1",
"980000",16559,"5",2890022,"1",
"980070",16559,"1",2890022,"1",
"980070",16559,"2",2890022,"1",
"980070",16559,"3",2890022,"1",
"980070",16559,"4",2890022,"1",
"980070",16559,"5",2890022,"1",
"900090",8640,"1",2890041,"1",
"900090",8640,"2",2890041,"1",
"900090",8640,"3",2890041,"1",
"900090",8640,"4",2890041,"1",
"900090",8640,"5",2890041,"1",
"900120",180,"1",2890041,"1",
"900120",180,"2",2890041,"1",
"900120",180,"3",2890041,"1",
"900120",180,"4",2890041,"1",
"900120",180,"5",2890041,"1",
"900150",1560,"1",2890041,"1",
"900150",1560,"2",2890041,"1",
"900150",1560,"3",2890041,"1",
"900150",1560,"4",2890041,"1",
"900150",1560,"5",2890041,"1",
"980000",10380,"1",2890041,"1",
"980000",10380,"2",2890041,"1",
"980000",10380,"3",2890041,"1",
"980000",10380,"4",2890041,"1",
"980000",10380,"5",2890041,"1",
"980070",10380,"1",2890041,"1",
"980070",10380,"2",2890041,"1",
"980070",10380,"3",2890041,"1",
"980070",10380,"4",2890041,"1",
"980070",10380,"5",2890041,"1",
"900090",8640,"1",2890042,"1",
"900090",8640,"2",2890042,"1",
"900090",8640,"3",2890042,"1",
"900090",8640,"4",2890042,"1",
"900090",8640,"5",2890042,"1",
"900120",180,"1",2890042,"1",
"900120",180,"2",2890042,"1",
"900120",180,"3",2890042,"1",
"900120",180,"4",2890042,"1",
"900120",180,"5",2890042,"1",
"900150",1560,"1",2890042,"1",
"900150",1560,"2",2890042,"1",
"900150",1560,"3",2890042,"1",
"900150",1560,"4",2890042,"1",
"900150",1560,"5",2890042,"1",
"980000",10380,"1",2890042,"1",
"980000",10380,"2",2890042,"1",
"980000",10380,"3",2890042,"1",
"980000",10380,"4",2890042,"1",
"980000",10380,"5",2890042,"1",
"980070",10380,"1",2890042,"1",
"980070",10380,"2",2890042,"1",
"980070",10380,"3",2890042,"1",
"980070",10380,"4",2890042,"1",
"980070",10380,"5",2890042,"1",
"900000",22925,"1",2890051,"1",
"900000",26176,"2",2890051,"1",
"900000",15492,"3",2890051,"1",
"900000",24854,"4",2890051,"1",
"900000",16307,"5",2890051,"1",
"980000",22925,"1",2890051,"1",
"980000",26176,"2",2890051,"1",
"980000",15492,"3",2890051,"1",
"980000",24854,"4",2890051,"1",
"980000",16307,"5",2890051,"1",
"980070",22925,"1",2890051,"1",
"980070",26176,"2",2890051,"1",
"980070",15492,"3",2890051,"1",
"980070",24854,"4",2890051,"1",
"980070",16307,"5",2890051,"1",
"900000",102254,"1",2890052,"1",
"900000",30440,"2",2890052,"1",
"900000",69124,"3",2890052,"1",
"900000",53800,"4",2890052,"1",
"900000",87357,"5",2890052,"1",
"980000",102254,"1",2890052,"1",
"980000",30440,"2",2890052,"1",
"980000",69124,"3",2890052,"1",
"980000",53800,"4",2890052,"1",
"980000",87357,"5",2890052,"1",
"980070",102254,"1",2890052,"1",
"980070",30440,"2",2890052,"1",
"980070",69124,"3",2890052,"1",
"980070",53800,"4",2890052,"1",
"980070",87357,"5",2890052,"1",
"900160",50000,"1",2890081,"1",
"900160",50000,"2",2890081,"1",
"900160",50000,"3",2890081,"1",
"900160",50000,"4",2890081,"1",
"900160",50000,"5",2890081,"1",
"980000",50000,"1",2890081,"1",
"980000",50000,"2",2890081,"1",
"980000",50000,"3",2890081,"1",
"980000",50000,"4",2890081,"1",
"980000",50000,"5",2890081,"1",
"980070",54000,"1",2890081,"1",
"980070",54000,"2",2890081,"1",
"980070",54000,"3",2890081,"1",
"980070",54000,"4",2890081,"1",
"980070",54000,"5",2890081,"1",
"900160",50000,"1",2890082,"1",
"900160",50000,"2",2890082,"1",
"900160",50000,"3",2890082,"1",
"900160",50000,"4",2890082,"1",
"900160",50000,"5",2890082,"1",
"980000",50000,"1",2890082,"1",
"980000",50000,"2",2890082,"1",
"980000",50000,"3",2890082,"1",
"980000",50000,"4",2890082,"1",
"980000",50000,"5",2890082,"1",
"980070",54000,"1",2890082,"1",
"980070",54000,"2",2890082,"1",
"980070",54000,"3",2890082,"1",
"980070",54000,"4",2890082,"1",
"980070",54000,"5",2890082,"1",
"900000",40000,"1",2890091,"1",
"900000",40000,"2",2890091,"1",
"900000",40000,"3",2890091,"1",
"900000",40000,"4",2890091,"1",
"900000",40000,"5",2890091,"1",
"900150",3780,"1",2890091,"1",
"900150",3780,"2",2890091,"1",
"900150",3780,"3",2890091,"1",
"900150",3780,"4",2890091,"1",
"900150",3780,"5",2890091,"1",
"980000",43780,"1",2890091,"1",
"980000",43780,"2",2890091,"1",
"980000",43780,"3",2890091,"1",
"980000",43780,"4",2890091,"1",
"980000",43780,"5",2890091,"1",
"980070",48030,"1",2890091,"1",
"980070",48030,"2",2890091,"1",
"980070",48030,"3",2890091,"1",
"980070",48030,"4",2890091,"1",
"980070",48030,"5",2890091,"1",
"900000",40000,"1",2890092,"1",
"900000",40000,"2",2890092,"1",
"900000",40000,"3",2890092,"1",
"900000",40000,"4",2890092,"1",
"900000",40000,"5",2890092,"1",
"900150",3780,"1",2890092,"1",
"900150",3780,"2",2890092,"1",
"900150",3780,"3",2890092,"1",
"900150",3780,"4",2890092,"1",
"900150",3780,"5",2890092,"1",
"980000",43780,"1",2890092,"1",
"980000",43780,"2",2890092,"1",
"980000",43780,"3",2890092,"1",
"980000",43780,"4",2890092,"1",
"980000",43780,"5",2890092,"1",
"980070",48030,"1",2890092,"1",
"980070",48030,"2",2890092,"1",
"980070",48030,"3",2890092,"1",
"980070",48030,"4",2890092,"1",
"980070",48030,"5",2890092,"1",
"900000",15501,"1",2890102,"1",
"900000",1596,"2",2890102,"1",
"900000",24770,"3",2890102,"1",
"900000",1220,"4",2890102,"1",
"900000",15268,"5",2890102,"1",
"980000",15501,"1",2890102,"1",
"980000",1596,"2",2890102,"1",
"980000",24770,"3",2890102,"1",
"980000",1220,"4",2890102,"1",
"980000",15268,"5",2890102,"1",
"980070",15501,"1",2890102,"1",
"980070",1596,"2",2890102,"1",
"980070",24770,"3",2890102,"1",
"980070",1220,"4",2890102,"1",
"980070",15268,"5",2890102,"1",
"900000",13953,"1",2890111,"1",
"900000",11876,"2",2890111,"1",
"900000",10840,"3",2890111,"1",
"900000",11850,"4",2890111,"1",
"900000",11397,"5",2890111,"1",
"980000",13953,"1",2890111,"1",
"980000",11876,"2",2890111,"1",
"980000",10840,"3",2890111,"1",
"980000",11850,"4",2890111,"1",
"980000",11397,"5",2890111,"1",
"980070",13953,"1",2890111,"1",
"980070",11876,"2",2890111,"1",
"980070",10840,"3",2890111,"1",
"980070",11850,"4",2890111,"1",
"980070",11397,"5",2890111,"1",
"900000",16037,"1",2890112,"1",
"900000",13807,"2",2890112,"1",
"900000",15972,"3",2890112,"1",
"900000",13144,"4",2890112,"1",
"900000",15502,"5",2890112,"1",
"980000",16037,"1",2890112,"1",
"980000",13807,"2",2890112,"1",
"980000",15972,"3",2890112,"1",
"980000",13144,"4",2890112,"1",
"980000",15502,"5",2890112,"1",
"980070",16037,"1",2890112,"1",
"980070",13807,"2",2890112,"1",
"980070",15972,"3",2890112,"1",
"980070",13144,"4",2890112,"1",
"980070",15502,"5",2890112,"1",
"900170",27082,"1",2890121,"1",
"900170",27082,"2",2890121,"1",
"900170",27082,"3",2890121,"1",
"900170",27082,"4",2890121,"1",
"900170",27082,"5",2890121,"1",
"900180",2490,"1",2890121,"1",
"900180",2490,"2",2890121,"1",
"900180",2490,"3",2890121,"1",
"900180",2490,"4",2890121,"1",
"900180",2490,"5",2890121,"1",
"980000",29572,"1",2890121,"1",
"980000",29572,"2",2890121,"1",
"980000",29572,"3",2890121,"1",
"980000",29572,"4",2890121,"1",
"980000",29572,"5",2890121,"1",
"980070",29866,"1",2890121,"1",
"980070",29866,"2",2890121,"1",
"980070",29866,"3",2890121,"1",
"980070",29866,"4",2890121,"1",
"980070",29866,"5",2890121,"1",
"900170",27082,"1",2890122,"1",
"900170",27082,"2",2890122,"1",
"900170",27082,"3",2890122,"1",
"900170",27082,"4",2890122,"1",
"900170",27082,"5",2890122,"1",
"900180",2490,"1",2890122,"1",
"900180",2490,"2",2890122,"1",
"900180",2490,"3",2890122,"1",
"900180",2490,"4",2890122,"1",
"900180",2490,"5",2890122,"1",
"980000",29572,"1",2890122,"1",
"980000",29572,"2",2890122,"1",
"980000",29572,"3",2890122,"1",
"980000",29572,"4",2890122,"1",
"980000",29572,"5",2890122,"1",
"980070",29866,"1",2890122,"1",
"980070",29866,"2",2890122,"1",
"980070",29866,"3",2890122,"1",
"980070",29866,"4",2890122,"1",
"980070",29866,"5",2890122,"1",
"900000",20000,"1",2890171,"1",
"900000",20000,"2",2890171,"1",
"900000",20000,"3",2890171,"1",
"900000",20000,"4",2890171,"1",
"900000",20000,"5",2890171,"1",
"980000",20000,"1",2890171,"1",
"980000",20000,"2",2890171,"1",
"980000",20000,"3",2890171,"1",
"980000",20000,"4",2890171,"1",
"980000",20000,"5",2890171,"1",
"980070",21400,"1",2890171,"1",
"980070",21400,"2",2890171,"1",
"980070",21400,"3",2890171,"1",
"980070",21400,"4",2890171,"1",
"980070",21400,"5",2890171,"1",
"900000",20000,"1",2890172,"1",
"900000",20000,"2",2890172,"1",
"900000",20000,"3",2890172,"1",
"900000",20000,"4",2890172,"1",
"900000",20000,"5",2890172,"1",
"980000",20000,"1",2890172,"1",
"980000",20000,"2",2890172,"1",
"980000",20000,"3",2890172,"1",
"980000",20000,"4",2890172,"1",
"980000",20000,"5",2890172,"1",
"980070",21400,"1",2890172,"1",
"980070",21400,"2",2890172,"1",
"980070",21400,"3",2890172,"1",
"980070",21400,"4",2890172,"1",
"980070",21400,"5",2890172,"1",
"900000",44000,"1",2890201,"1",
"900000",44000,"2",2890201,"1",
"900000",44000,"3",2890201,"1",
"900000",44000,"4",2890201,"1",
"900000",44000,"5",2890201,"1",
"900150",9000,"1",2890201,"1",
"900150",9000,"2",2890201,"1",
"900150",9000,"3",2890201,"1",
"900150",9000,"4",2890201,"1",
"900150",9000,"5",2890201,"1",
"900210",11000,"1",2890201,"1",
"900210",11000,"2",2890201,"1",
"900210",11000,"3",2890201,"1",
"900210",11000,"4",2890201,"1",
"900210",11000,"5",2890201,"1",
"980000",64000,"1",2890201,"1",
"980000",64000,"2",2890201,"1",
"980000",64000,"3",2890201,"1",
"980000",64000,"4",2890201,"1",
"980000",64000,"5",2890201,"1",
"980070",66000,"1",2890201,"1",
"980070",66000,"2",2890201,"1",
"980070",66000,"3",2890201,"1",
"980070",66000,"4",2890201,"1",
"980070",66000,"5",2890201,"1",
"900000",44000,"1",2890202,"1",
"900000",44000,"2",2890202,"1",
"900000",44000,"3",2890202,"1",
"900000",44000,"4",2890202,"1",
"900000",44000,"5",2890202,"1",
"900150",9000,"1",2890202,"1",
"900150",9000,"2",2890202,"1",
"900150",9000,"3",2890202,"1",
"900150",9000,"4",2890202,"1",
"900150",9000,"5",2890202,"1",
"900210",11000,"1",2890202,"1",
"900210",11000,"2",2890202,"1",
"900210",11000,"3",2890202,"1",
"900210",11000,"4",2890202,"1",
"900210",11000,"5",2890202,"1",
"980000",64000,"1",2890202,"1",
"980000",64000,"2",2890202,"1",
"980000",64000,"3",2890202,"1",
"980000",64000,"4",2890202,"1",
"980000",64000,"5",2890202,"1",
"980070",66000,"1",2890202,"1",
"980070",66000,"2",2890202,"1",
"980070",66000,"3",2890202,"1",
"980070",66000,"4",2890202,"1",
"980070",66000,"5",2890202,"1",
"900000",122134,"1",2890231,"1",
"900000",122134,"2",2890231,"1",
"900000",122134,"3",2890231,"1",
"900000",122134,"4",2890231,"1",
"900000",122134,"5",2890231,"1",
"900180",9,"1",2890231,"1",
"900180",9,"2",2890231,"1",
"900180",9,"3",2890231,"1",
"900180",9,"4",2890231,"1",
"900180",9,"5",2890231,"1",
"950002",10792,"1",2890231,"1",
"950002",10792,"2",2890231,"1",
"950002",10792,"3",2890231,"1",
"950002",10792,"4",2890231,"1",
"950002",10792,"5",2890231,"1",
"980000",122143,"1",2890231,"1",
"980000",122143,"2",2890231,"1",
"980000",122143,"3",2890231,"1",
"980000",122143,"4",2890231,"1",
"980000",122143,"5",2890231,"1",
"980070",111351,"1",2890231,"1",
"980070",111351,"2",2890231,"1",
"980070",111351,"3",2890231,"1",
"980070",111351,"4",2890231,"1",
"980070",111351,"5",2890231,"1",
"900000",122134,"1",2890232,"1",
"900000",122134,"2",2890232,"1",
"900000",122134,"3",2890232,"1",
"900000",122134,"4",2890232,"1",
"900000",122134,"5",2890232,"1",
"900180",9,"1",2890232,"1",
"900180",9,"2",2890232,"1",
"900180",9,"3",2890232,"1",
"900180",9,"4",2890232,"1",
"900180",9,"5",2890232,"1",
"950002",10792,"1",2890232,"1",
"950002",10792,"2",2890232,"1",
"950002",10792,"3",2890232,"1",
"950002",10792,"4",2890232,"1",
"950002",10792,"5",2890232,"1",
"980000",122143,"1",2890232,"1",
"980000",122143,"2",2890232,"1",
"980000",122143,"3",2890232,"1",
"980000",122143,"4",2890232,"1",
"980000",122143,"5",2890232,"1",
"980070",111351,"1",2890232,"1",
"980070",111351,"2",2890232,"1",
"980070",111351,"3",2890232,"1",
"980070",111351,"4",2890232,"1",
"980070",111351,"5",2890232,"1",
"900090",721,"1",2890241,"1",
"900090",721,"2",2890241,"1",
"900090",721,"3",2890241,"1",
"900090",721,"4",2890241,"1",
"900090",721,"5",2890241,"1",
"980000",721,"1",2890241,"1",
"980000",721,"2",2890241,"1",
"980000",721,"3",2890241,"1",
"980000",721,"4",2890241,"1",
"980000",721,"5",2890241,"1",
"980070",721,"1",2890241,"1",
"980070",721,"2",2890241,"1",
"980070",721,"3",2890241,"1",
"980070",721,"4",2890241,"1",
"980070",721,"5",2890241,"1",
"900090",721,"1",2890242,"1",
"900090",721,"2",2890242,"1",
"900090",721,"3",2890242,"1",
"900090",721,"4",2890242,"1",
"900090",721,"5",2890242,"1",
"980000",721,"1",2890242,"1",
"980000",721,"2",2890242,"1",
"980000",721,"3",2890242,"1",
"980000",721,"4",2890242,"1",
"980000",721,"5",2890242,"1",
"980070",721,"1",2890242,"1",
"980070",721,"2",2890242,"1",
"980070",721,"3",2890242,"1",
"980070",721,"4",2890242,"1",
"980070",721,"5",2890242,"1",
"900000",38050,"1",2890291,"1",
"900000",64463,"2",2890291,"1",
"900000",71944,"3",2890291,"1",
"900000",65310,"4",2890291,"1",
"900000",51627,"5",2890291,"1",
"980000",38050,"1",2890291,"1",
"980000",64463,"2",2890291,"1",
"980000",71944,"3",2890291,"1",
"980000",65310,"4",2890291,"1",
"980000",51627,"5",2890291,"1",
"980070",38050,"1",2890291,"1",
"980070",64463,"2",2890291,"1",
"980070",71944,"3",2890291,"1",
"980070",65310,"4",2890291,"1",
"980070",51627,"5",2890291,"1",
"900000",92866,"1",2890292,"1",
"900000",63730,"2",2890292,"1",
"900000",27878,"3",2890292,"1",
"900000",91824,"4",2890292,"1",
"900000",13654,"5",2890292,"1",
"980000",92866,"1",2890292,"1",
"980000",63730,"2",2890292,"1",
"980000",27878,"3",2890292,"1",
"980000",91824,"4",2890292,"1",
"980000",13654,"5",2890292,"1",
"980070",92866,"1",2890292,"1",
"980070",63730,"2",2890292,"1",
"980070",27878,"3",2890292,"1",
"980070",91824,"4",2890292,"1",
"980070",13654,"5",2890292,"1",
"900000",40247,"1",2890302,"1",
"900000",73783,"2",2890302,"1",
"900000",45986,"3",2890302,"1",
"900000",31609,"4",2890302,"1",
"900000",74510,"5",2890302,"1",
"980000",40247,"1",2890302,"1",
"980000",73783,"2",2890302,"1",
"980000",45986,"3",2890302,"1",
"980000",31609,"4",2890302,"1",
"980000",74510,"5",2890302,"1",
"980070",40247,"1",2890302,"1",
"980070",73783,"2",2890302,"1",
"980070",45986,"3",2890302,"1",
"980070",31609,"4",2890302,"1",
"980070",74510,"5",2890302,"1",
"900000",6343,"1",2890311,"1",
"900000",1293,"2",2890311,"1",
"900000",27021,"3",2890311,"1",
"900000",25698,"4",2890311,"1",
"900000",17852,"5",2890311,"1",
"980000",6343,"1",2890311,"1",
"980000",1293,"2",2890311,"1",
"980000",27021,"3",2890311,"1",
"980000",25698,"4",2890311,"1",
"980000",17852,"5",2890311,"1",
"980070",6343,"1",2890311,"1",
"980070",1293,"2",2890311,"1",
"980070",27021,"3",2890311,"1",
"980070",25698,"4",2890311,"1",
"980070",17852,"5",2890311,"1",
"900000",25156,"1",2890312,"1",
"900000",16711,"2",2890312,"1",
"900000",19600,"3",2890312,"1",
"900000",8047,"4",2890312,"1",
"900000",3267,"5",2890312,"1",
"980000",25156,"1",2890312,"1",
"980000",16711,"2",2890312,"1",
"980000",19600,"3",2890312,"1",
"980000",8047,"4",2890312,"1",
"980000",3267,"5",2890312,"1",
"980070",25156,"1",2890312,"1",
"980070",16711,"2",2890312,"1",
"980070",19600,"3",2890312,"1",
"980070",8047,"4",2890312,"1",
"980070",3267,"5",2890312,"1",
"900030",16367,"1",2890361,"1",
"900030",14495,"2",2890361,"1",
"900030",13379,"3",2890361,"1",
"900030",13967,"4",2890361,"1",
"900030",14363,"5",2890361,"1",
"900150",2184,"1",2890361,"1",
"900150",2184,"2",2890361,"1",
"900150",2184,"3",2890361,"1",
"900150",2184,"4",2890361,"1",
"900150",2184,"5",2890361,"1",
"980000",18551,"1",2890361,"1",
"980000",16679,"2",2890361,"1",
"980000",15563,"3",2890361,"1",
"980000",16151,"4",2890361,"1",
"980000",16547,"5",2890361,"1",
"980070",18551,"1",2890361,"1",
"980070",16679,"2",2890361,"1",
"980070",15563,"3",2890361,"1",
"980070",16151,"4",2890361,"1",
"980070",16547,"5",2890361,"1",
"900030",13799,"1",2890362,"1",
"900030",14615,"2",2890362,"1",
"900030",15467,"3",2890362,"1",
"900030",16583,"4",2890362,"1",
"900030",14243,"5",2890362,"1",
"900150",2184,"1",2890362,"1",
"900150",2184,"2",2890362,"1",
"900150",2184,"3",2890362,"1",
"900150",2184,"4",2890362,"1",
"900150",2184,"5",2890362,"1",
"980000",15983,"1",2890362,"1",
"980000",16799,"2",2890362,"1",
"980000",17651,"3",2890362,"1",
"980000",18767,"4",2890362,"1",
"980000",16427,"5",2890362,"1",
"980070",15983,"1",2890362,"1",
"980070",16799,"2",2890362,"1",
"980070",17651,"3",2890362,"1",
"980070",18767,"4",2890362,"1",
"980070",16427,"5",2890362,"1",
"900160",165298,"1",2890371,"1",
"900160",565122,"2",2890371,"1",
"900160",634156,"3",2890371,"1",
"900160",630742,"4",2890371,"1",
"900160",374198,"5",2890371,"1",
"980000",165298,"1",2890371,"1",
"980000",565122,"2",2890371,"1",
"980000",634156,"3",2890371,"1",
"980000",630742,"4",2890371,"1",
"980000",374198,"5",2890371,"1",
"980070",165298,"1",2890371,"1",
"980070",565122,"2",2890371,"1",
"980070",634156,"3",2890371,"1",
"980070",630742,"4",2890371,"1",
"980070",374198,"5",2890371,"1",
"900160",132176,"1",2890372,"1",
"900160",183708,"2",2890372,"1",
"900160",200969,"3",2890372,"1",
"900160",231488,"4",2890372,"1",
"900160",718593,"5",2890372,"1",
"980000",132176,"1",2890372,"1",
"980000",183708,"2",2890372,"1",
"980000",200969,"3",2890372,"1",
"980000",231488,"4",2890372,"1",
"980000",718593,"5",2890372,"1",
"980070",132176,"1",2890372,"1",
"980070",183708,"2",2890372,"1",
"980070",200969,"3",2890372,"1",
"980070",231488,"4",2890372,"1",
"980070",718593,"5",2890372,"1",
"900000",89707,"1",2890401,"1",
"900000",86886,"2",2890401,"1",
"900000",85628,"3",2890401,"1",
"900000",88664,"4",2890401,"1",
"900000",86438,"5",2890401,"1",
"980000",89707,"1",2890401,"1",
"980000",86886,"2",2890401,"1",
"980000",85628,"3",2890401,"1",
"980000",88664,"4",2890401,"1",
"980000",86438,"5",2890401,"1",
"980070",97507,"1",2890401,"1",
"980070",94686,"2",2890401,"1",
"980070",93428,"3",2890401,"1",
"980070",96464,"4",2890401,"1",
"980070",94238,"5",2890401,"1",
"900000",85615,"1",2890402,"1",
"900000",87075,"2",2890402,"1",
"900000",86186,"3",2890402,"1",
"900000",85707,"4",2890402,"1",
"900000",85726,"5",2890402,"1",
"980000",85615,"1",2890402,"1",
"980000",87075,"2",2890402,"1",
"980000",86186,"3",2890402,"1",
"980000",85707,"4",2890402,"1",
"980000",85726,"5",2890402,"1",
"980070",93415,"1",2890402,"1",
"980070",94875,"2",2890402,"1",
"980070",93986,"3",2890402,"1",
"980070",93507,"4",2890402,"1",
"980070",93526,"5",2890402,"1",
"900000",45764,"1",2890411,"1",
"900000",59558,"2",2890411,"1",
"900000",48901,"3",2890411,"1",
"900000",25518,"4",2890411,"1",
"900000",16270,"5",2890411,"1",
"980000",45764,"1",2890411,"1",
"980000",59558,"2",2890411,"1",
"980000",48901,"3",2890411,"1",
"980000",25518,"4",2890411,"1",
"980000",16270,"5",2890411,"1",
"980070",45764,"1",2890411,"1",
"980070",59558,"2",2890411,"1",
"980070",48901,"3",2890411,"1",
"980070",25518,"4",2890411,"1",
"980070",16270,"5",2890411,"1",
"900000",39862,"1",2890412,"1",
"900000",55048,"2",2890412,"1",
"900000",30555,"3",2890412,"1",
"900000",53984,"4",2890412,"1",
"900000",63008,"5",2890412,"1",
"980000",39862,"1",2890412,"1",
"980000",55048,"2",2890412,"1",
"980000",30555,"3",2890412,"1",
"980000",53984,"4",2890412,"1",
"980000",63008,"5",2890412,"1",
"980070",39862,"1",2890412,"1",
"980070",55048,"2",2890412,"1",
"980070",30555,"3",2890412,"1",
"980070",53984,"4",2890412,"1",
"980070",63008,"5",2890412,"1",
"900000",20329,"1",2890421,"1",
"900000",31135,"2",2890421,"1",
"900000",5285,"3",2890421,"1",
"900000",21045,"4",2890421,"1",
"900000",14716,"5",2890421,"1",
"980000",20329,"1",2890421,"1",
"980000",31135,"2",2890421,"1",
"980000",5285,"3",2890421,"1",
"980000",21045,"4",2890421,"1",
"980000",14716,"5",2890421,"1",
"980070",20329,"1",2890421,"1",
"980070",31135,"2",2890421,"1",
"980070",5285,"3",2890421,"1",
"980070",21045,"4",2890421,"1",
"980070",14716,"5",2890421,"1",
"900000",37321,"1",2890422,"1",
"900000",31084,"2",2890422,"1",
"900000",15204,"3",2890422,"1",
"900000",21055,"4",2890422,"1",
"900000",26329,"5",2890422,"1",
"980000",37321,"1",2890422,"1",
"980000",31084,"2",2890422,"1",
"980000",15204,"3",2890422,"1",
"980000",21055,"4",2890422,"1",
"980000",26329,"5",2890422,"1",
"980070",37321,"1",2890422,"1",
"980070",31084,"2",2890422,"1",
"980070",15204,"3",2890422,"1",
"980070",21055,"4",2890422,"1",
"980070",26329,"5",2890422,"1",
"900030",13920,"1",2890431,"1",
"900030",9336,"2",2890431,"1",
"900030",19356,"3",2890431,"1",
"900030",14376,"4",2890431,"1",
"900030",13104,"5",2890431,"1",
"980000",13920,"1",2890431,"1",
"980000",9336,"2",2890431,"1",
"980000",19356,"3",2890431,"1",
"980000",14376,"4",2890431,"1",
"980000",13104,"5",2890431,"1",
"980070",13920,"1",2890431,"1",
"980070",9336,"2",2890431,"1",
"980070",19356,"3",2890431,"1",
"980070",14376,"4",2890431,"1",
"980070",13104,"5",2890431,"1",
"900030",15888,"1",2890432,"1",
"900030",7464,"2",2890432,"1",
"900030",15144,"3",2890432,"1",
"900030",16812,"4",2890432,"1",
"900030",14676,"5",2890432,"1",
"980000",15888,"1",2890432,"1",
"980000",7464,"2",2890432,"1",
"980000",15144,"3",2890432,"1",
"980000",16812,"4",2890432,"1",
"980000",14676,"5",2890432,"1",
"980070",15888,"1",2890432,"1",
"980070",7464,"2",2890432,"1",
"980070",15144,"3",2890432,"1",
"980070",16812,"4",2890432,"1",
"980070",14676,"5",2890432,"1",
"900000",42000,"1",2890441,"1",
"900000",42000,"2",2890441,"1",
"900000",42000,"3",2890441,"1",
"900000",42000,"4",2890441,"1",
"900000",42000,"5",2890441,"1",
"980000",42000,"1",2890441,"1",
"980000",42000,"2",2890441,"1",
"980000",42000,"3",2890441,"1",
"980000",42000,"4",2890441,"1",
"980000",42000,"5",2890441,"1",
"980070",45000,"1",2890441,"1",
"980070",45000,"2",2890441,"1",
"980070",45000,"3",2890441,"1",
"980070",45000,"4",2890441,"1",
"980070",45000,"5",2890441,"1",
"900000",42000,"1",2890442,"1",
"900000",42000,"2",2890442,"1",
"900000",42000,"3",2890442,"1",
"900000",42000,"4",2890442,"1",
"900000",42000,"5",2890442,"1",
"980000",42000,"1",2890442,"1",
"980000",42000,"2",2890442,"1",
"980000",42000,"3",2890442,"1",
"980000",42000,"4",2890442,"1",
"980000",42000,"5",2890442,"1",
"980070",45000,"1",2890442,"1",
"980070",45000,"2",2890442,"1",
"980070",45000,"3",2890442,"1",
"980070",45000,"4",2890442,"1",
"980070",45000,"5",2890442,"1",
"900000",11877,"1",2890451,"1",
"900000",30605,"2",2890451,"1",
"900000",20018,"3",2890451,"1",
"900000",20898,"4",2890451,"1",
"900000",15785,"5",2890451,"1",
"980000",11877,"1",2890451,"1",
"980000",30605,"2",2890451,"1",
"980000",20018,"3",2890451,"1",
"980000",20898,"4",2890451,"1",
"980000",15785,"5",2890451,"1",
"980070",11877,"1",2890451,"1",
"980070",30605,"2",2890451,"1",
"980070",20018,"3",2890451,"1",
"980070",20898,"4",2890451,"1",
"980070",15785,"5",2890451,"1",
"900000",2498,"1",2890452,"1",
"900000",23154,"2",2890452,"1",
"900000",8223,"3",2890452,"1",
"900000",2647,"4",2890452,"1",
"900000",43969,"5",2890452,"1",
"980000",2498,"1",2890452,"1",
"980000",23154,"2",2890452,"1",
"980000",8223,"3",2890452,"1",
"980000",2647,"4",2890452,"1",
"980000",43969,"5",2890452,"1",
"980070",2498,"1",2890452,"1",
"980070",23154,"2",2890452,"1",
"980070",8223,"3",2890452,"1",
"980070",2647,"4",2890452,"1",
"980070",43969,"5",2890452,"1",
"800940",10967,"1",2890461,"1","T"
"800940",10967,"2",2890461,"1","T"
"800940",10967,"3",2890461,"1","T"
"800940",10967,"4",2890461,"1","T"
"800940",10967,"5",2890461,"1","T"
"900000",106500,"1",2890461,"1",
"900000",106500,"2",2890461,"1",
"900000",106500,"3",2890461,"1",
"900000",106500,"4",2890461,"1",
"900000",106500,"5",2890461,"1",
"900160",21998,"1",2890461,"1",
"900160",10215,"2",2890461,"1",
"900160",10215,"3",2890461,"1",
"900160",1217,"4",2890461,"1",
"900160",1236,"5",2890461,"1",
"980000",128498,"1",2890461,"1",
"980000",116715,"2",2890461,"1",
"980000",116715,"3",2890461,"1",
"980000",107717,"4",2890461,"1",
"980000",107736,"5",2890461,"1",
"980070",128498,"1",2890461,"1",
"980070",116715,"2",2890461,"1",
"980070",116715,"3",2890461,"1",
"980070",107717,"4",2890461,"1",
"980070",107736,"5",2890461,"1",
"800940",10967,"1",2890462,"1","T"
"800940",10967,"2",2890462,"1","T"
"800940",10967,"3",2890462,"1","T"
"800940",10967,"4",2890462,"1","T"
"800940",10967,"5",2890462,"1","T"
"900000",106500,"1",2890462,"1",
"900000",106500,"2",2890462,"1",
"900000",106500,"3",2890462,"1",
"900000",106500,"4",2890462,"1",
"900000",106500,"5",2890462,"1",
"900160",5105,"1",2890462,"1",
"900160",24634,"2",2890462,"1",
"900160",14426,"3",2890462,"1",
"900160",50845,"4",2890462,"1",
"900160",-15751,"5",2890462,"1",
"980000",111605,"1",2890462,"1",
"980000",131134,"2",2890462,"1",
"980000",120926,"3",2890462,"1",
"980000",157345,"4",2890462,"1",
"980000",90749,"5",2890462,"1",
"980070",111605,"1",2890462,"1",
"980070",131134,"2",2890462,"1",
"980070",120926,"3",2890462,"1",
"980070",157345,"4",2890462,"1",
"980070",90749,"5",2890462,"1",
"900030",9623,"1",2890471,"1",
"900030",9623,"2",2890471,"1",
"900030",9623,"3",2890471,"1",
"900030",9623,"4",2890471,"1",
"900030",9623,"5",2890471,"1",
"900160",11000,"1",2890471,"1",
"900160",11000,"2",2890471,"1",
"900160",11000,"3",2890471,"1",
"900160",11000,"4",2890471,"1",
"900160",11000,"5",2890471,"1",
"980000",20623,"1",2890471,"1",
"980000",20623,"2",2890471,"1",
"980000",20623,"3",2890471,"1",
"980000",20623,"4",2890471,"1",
"980000",20623,"5",2890471,"1",
"980070",20623,"1",2890471,"1",
"980070",20623,"2",2890471,"1",
"980070",20623,"3",2890471,"1",
"980070",20623,"4",2890471,"1",
"980070",20623,"5",2890471,"1",
"900030",9623,"1",2890472,"1",
"900030",9623,"2",2890472,"1",
"900030",9623,"3",2890472,"1",
"900030",9623,"4",2890472,"1",
"900030",9623,"5",2890472,"1",
"900160",11000,"1",2890472,"1",
"900160",11000,"2",2890472,"1",
"900160",11000,"3",2890472,"1",
"900160",11000,"4",2890472,"1",
"900160",11000,"5",2890472,"1",
"980000",20623,"1",2890472,"1",
"980000",20623,"2",2890472,"1",
"980000",20623,"3",2890472,"1",
"980000",20623,"4",2890472,"1",
"980000",20623,"5",2890472,"1",
"980070",20623,"1",2890472,"1",
"980070",20623,"2",2890472,"1",
"980070",20623,"3",2890472,"1",
"980070",20623,"4",2890472,"1",
"980070",20623,"5",2890472,"1",
"900000",123729,"1",2890501,"1",
"900000",123832,"2",2890501,"1",
"900000",125246,"3",2890501,"1",
"900000",120390,"4",2890501,"1",
"900000",129322,"5",2890501,"1",
"980000",123729,"1",2890501,"1",
"980000",123832,"2",2890501,"1",
"980000",125246,"3",2890501,"1",
"980000",120390,"4",2890501,"1",
"980000",129322,"5",2890501,"1",
"980070",124529,"1",2890501,"1",
"980070",124632,"2",2890501,"1",
"980070",126046,"3",2890501,"1",
"980070",121190,"4",2890501,"1",
"980070",130122,"5",2890501,"1",
"900000",123750,"1",2890502,"1",
"900000",126434,"2",2890502,"1",
"900000",125016,"3",2890502,"1",
"900000",125132,"4",2890502,"1",
"900000",126029,"5",2890502,"1",
"980000",123750,"1",2890502,"1",
"980000",126434,"2",2890502,"1",
"980000",125016,"3",2890502,"1",
"980000",125132,"4",2890502,"1",
"980000",126029,"5",2890502,"1",
"980070",124550,"1",2890502,"1",
"980070",127234,"2",2890502,"1",
"980070",125816,"3",2890502,"1",
"980070",125932,"4",2890502,"1",
"980070",126829,"5",2890502,"1",
"900000",60500,"1",2890521,"1",
"900000",60500,"2",2890521,"1",
"900000",60500,"3",2890521,"1",
"900000",60500,"4",2890521,"1",
"900000",60500,"5",2890521,"1",
"980000",60500,"1",2890521,"1",
"980000",60500,"2",2890521,"1",
"980000",60500,"3",2890521,"1",
"980000",60500,"4",2890521,"1",
"980000",60500,"5",2890521,"1",
"980070",60500,"1",2890521,"1",
"980070",60500,"2",2890521,"1",
"980070",60500,"3",2890521,"1",
"980070",60500,"4",2890521,"1",
"980070",60500,"5",2890521,"1",
"900000",60500,"1",2890522,"1",
"900000",60500,"2",2890522,"1",
"900000",60500,"3",2890522,"1",
"900000",60500,"4",2890522,"1",
"900000",60500,"5",2890522,"1",
"980000",60500,"1",2890522,"1",
"980000",60500,"2",2890522,"1",
"980000",60500,"3",2890522,"1",
"980000",60500,"4",2890522,"1",
"980000",60500,"5",2890522,"1",
"980070",60500,"1",2890522,"1",
"980070",60500,"2",2890522,"1",
"980070",60500,"3",2890522,"1",
"980070",60500,"4",2890522,"1",
"980070",60500,"5",2890522,"1",
"900030",23687,"1",2890531,"1",
"900030",33911,"2",2890531,"1",
"900030",33083,"3",2890531,"1",
"900030",24515,"4",2890531,"1",
"900030",27527,"5",2890531,"1",
"980000",23687,"1",2890531,"1",
"980000",33911,"2",2890531,"1",
"980000",33083,"3",2890531,"1",
"980000",24515,"4",2890531,"1",
"980000",27527,"5",2890531,"1",
"980070",23687,"1",2890531,"1",
"980070",33911,"2",2890531,"1",
"980070",33083,"3",2890531,"1",
"980070",24515,"4",2890531,"1",
"980070",27527,"5",2890531,"1",
"900030",20687,"1",2890532,"1",
"900030",20207,"2",2890532,"1",
"900030",17963,"3",2890532,"1",
"900030",26207,"4",2890532,"1",
"900030",24131,"5",2890532,"1",
"980000",20687,"1",2890532,"1",
"980000",20207,"2",2890532,"1",
"980000",17963,"3",2890532,"1",
"980000",26207,"4",2890532,"1",
"980000",24131,"5",2890532,"1",
"980070",20687,"1",2890532,"1",
"980070",20207,"2",2890532,"1",
"980070",17963,"3",2890532,"1",
"980070",26207,"4",2890532,"1",
"980070",24131,"5",2890532,"1",
"900000",20885,"1",2890551,"1",
"900000",17602,"2",2890551,"1",
"900000",19707,"3",2890551,"1",
"900000",31225,"4",2890551,"1",
"900000",7073,"5",2890551,"1",
"900150",6252,"1",2890551,"1",
"900150",2616,"2",2890551,"1",
"900150",4596,"3",2890551,"1",
"900150",4740,"4",2890551,"1",
"900150",2892,"5",2890551,"1",
"980000",27137,"1",2890551,"1",
"980000",20218,"2",2890551,"1",
"980000",24303,"3",2890551,"1",
"980000",35965,"4",2890551,"1",
"980000",9965,"5",2890551,"1",
"980070",27137,"1",2890551,"1",
"980070",20218,"2",2890551,"1",
"980070",24303,"3",2890551,"1",
"980070",35965,"4",2890551,"1",
"980070",9965,"5",2890551,"1",
"900000",20362,"1",2890552,"1",
"900000",32288,"2",2890552,"1",
"900000",20232,"3",2890552,"1",
"900000",25441,"4",2890552,"1",
"900000",40963,"5",2890552,"1",
"900150",3468,"1",2890552,"1",
"900150",7488,"2",2890552,"1",
"900150",3960,"3",2890552,"1",
"900150",8712,"4",2890552,"1",
"900150",2448,"5",2890552,"1",
"980000",23830,"1",2890552,"1",
"980000",39776,"2",2890552,"1",
"980000",24192,"3",2890552,"1",
"980000",34153,"4",2890552,"1",
"980000",43411,"5",2890552,"1",
"980070",23830,"1",2890552,"1",
"980070",39776,"2",2890552,"1",
"980070",24192,"3",2890552,"1",
"980070",34153,"4",2890552,"1",
"980070",43411,"5",2890552,"1",
"800940",2601,"1",2890561,"1",
"800940",2601,"2",2890561,"1",
"800940",2601,"3",2890561,"1",
"800940",2601,"4",2890561,"1",
"800940",2601,"5",2890561,"1",
"900000",48130,"1",2890561,"1",
"900000",48130,"2",2890561,"1",
"900000",48130,"3",2890561,"1",
"900000",48130,"4",2890561,"1",
"900000",48130,"5",2890561,"1",
"900090",3960,"1",2890561,"1",
"900090",3960,"2",2890561,"1",
"900090",3960,"3",2890561,"1",
"900090",3960,"4",2890561,"1",
"900090",3960,"5",2890561,"1",
"900160",-7000,"1",2890561,"1",
"900160",-7000,"2",2890561,"1",
"900160",-7000,"3",2890561,"1",
"900160",-7000,"4",2890561,"1",
"900160",-7000,"5",2890561,"1",
"980000",45090,"1",2890561,"1",
"980000",45090,"2",2890561,"1",
"980000",45090,"3",2890561,"1",
"980000",45090,"4",2890561,"1",
"980000",45090,"5",2890561,"1",
"980070",48610,"1",2890561,"1",
"980070",48610,"2",2890561,"1",
"980070",48610,"3",2890561,"1",
"980070",48610,"4",2890561,"1",
"980070",48610,"5",2890561,"1",
"800940",2601,"1",2890562,"1",
"800940",2601,"2",2890562,"1",
"800940",2601,"3",2890562,"1",
"800940",2601,"4",2890562,"1",
"800940",2601,"5",2890562,"1",
"900000",48130,"1",2890562,"1",
"900000",48130,"2",2890562,"1",
"900000",48130,"3",2890562,"1",
"900000",48130,"4",2890562,"1",
"900000",48130,"5",2890562,"1",
"900090",3960,"1",2890562,"1",
"900090",3960,"2",2890562,"1",
"900090",3960,"3",2890562,"1",
"900090",3960,"4",2890562,"1",
"900090",3960,"5",2890562,"1",
"900160",-7000,"1",2890562,"1",
"900160",-7000,"2",2890562,"1",
"900160",-7000,"3",2890562,"1",
"900160",-7000,"4",2890562,"1",
"900160",-7000,"5",2890562,"1",
"980000",45090,"1",2890562,"1",
"980000",45090,"2",2890562,"1",
"980000",45090,"3",2890562,"1",
"980000",45090,"4",2890562,"1",
"980000",45090,"5",2890562,"1",
"980070",48610,"1",2890562,"1",
"980070",48610,"2",2890562,"1",
"980070",48610,"3",2890562,"1",
"980070",48610,"4",2890562,"1",
"980070",48610,"5",2890562,"1",
"900000",20000,"1",2890571,"1",
"900000",20000,"2",2890571,"1",
"900000",20000,"3",2890571,"1",
"900000",20000,"4",2890571,"1",
"900000",20000,"5",2890571,"1",
"980000",20000,"1",2890571,"1",
"980000",20000,"2",2890571,"1",
"980000",20000,"3",2890571,"1",
"980000",20000,"4",2890571,"1",
"980000",20000,"5",2890571,"1",
"980070",20000,"1",2890571,"1",
"980070",20000,"2",2890571,"1",
"980070",20000,"3",2890571,"1",
"980070",20000,"4",2890571,"1",
"980070",20000,"5",2890571,"1",
"900000",20000,"1",2890572,"1",
"900000",20000,"2",2890572,"1",
"900000",20000,"3",2890572,"1",
"900000",20000,"4",2890572,"1",
"900000",20000,"5",2890572,"1",
"980000",20000,"1",2890572,"1",
"980000",20000,"2",2890572,"1",
"980000",20000,"3",2890572,"1",
"980000",20000,"4",2890572,"1",
"980000",20000,"5",2890572,"1",
"980070",20000,"1",2890572,"1",
"980070",20000,"2",2890572,"1",
"980070",20000,"3",2890572,"1",
"980070",20000,"4",2890572,"1",
"980070",20000,"5",2890572,"1",
"900000",8629,"1",2890581,"1",
"900000",67250,"2",2890581,"1",
"900000",25686,"3",2890581,"1",
"900000",21086,"4",2890581,"1",
"900000",22535,"5",2890581,"1",
"900210",165,"1",2890581,"1",
"900210",165,"2",2890581,"1",
"900210",165,"3",2890581,"1",
"900210",165,"4",2890581,"1",
"900210",165,"5",2890581,"1",
"980000",8794,"1",2890581,"1",
"980000",67415,"2",2890581,"1",
"980000",25851,"3",2890581,"1",
"980000",21251,"4",2890581,"1",
"980000",22700,"5",2890581,"1",
"980070",8794,"1",2890581,"1",
"980070",67415,"2",2890581,"1",
"980070",25851,"3",2890581,"1",
"980070",21251,"4",2890581,"1",
"980070",22700,"5",2890581,"1",
"900000",13447,"1",2890582,"1",
"900000",83221,"2",2890582,"1",
"900000",62949,"3",2890582,"1",
"900000",15457,"4",2890582,"1",
"900000",27047,"5",2890582,"1",
"900210",165,"1",2890582,"1",
"900210",165,"2",2890582,"1",
"900210",165,"3",2890582,"1",
"900210",165,"4",2890582,"1",
"900210",165,"5",2890582,"1",
"980000",13612,"1",2890582,"1",
"980000",83386,"2",2890582,"1",
"980000",63114,"3",2890582,"1",
"980000",15622,"4",2890582,"1",
"980000",27212,"5",2890582,"1",
"980070",13612,"1",2890582,"1",
"980070",83386,"2",2890582,"1",
"980070",63114,"3",2890582,"1",
"980070",15622,"4",2890582,"1",
"980070",27212,"5",2890582,"1",
"900000",20483,"1",2890592,"1",
"900000",1917,"2",2890592,"1",
"900000",12456,"3",2890592,"1",
"900000",36212,"4",2890592,"1",
"900000",1582,"5",2890592,"1",
"900030",11831,"1",2890592,"1",
"900030",11831,"2",2890592,"1",
"900030",11831,"3",2890592,"1",
"900030",11831,"4",2890592,"1",
"900030",11831,"5",2890592,"1",
"900150",1704,"1",2890592,"1",
"900150",1704,"2",2890592,"1",
"900150",1704,"3",2890592,"1",
"900150",1704,"4",2890592,"1",
"900150",1704,"5",2890592,"1",
"980000",34018,"1",2890592,"1",
"980000",15452,"2",2890592,"1",
"980000",25991,"3",2890592,"1",
"980000",49747,"4",2890592,"1",
"980000",15117,"5",2890592,"1",
"980070",34018,"1",2890592,"1",
"980070",15452,"2",2890592,"1",
"980070",25991,"3",2890592,"1",
"980070",49747,"4",2890592,"1",
"980070",15117,"5",2890592,"1",
"900000",295487,"1",2890621,"1","T"
"900000",295487,"2",2890621,"1","T"
"900000",295487,"3",2890621,"1","T"
"900000",295487,"4",2890621,"1","T"
"900000",295487,"5",2890621,"1","T"
"900030",25259,"1",2890621,"1",
"900030",25259,"2",2890621,"1",
"900030",25259,"3",2890621,"1",
"900030",25259,"4",2890621,"1",
"900030",25259,"5",2890621,"1",
"900170",60000,"1",2890621,"1",
"900170",60000,"2",2890621,"1",
"900170",60000,"3",2890621,"1",
"900170",60000,"4",2890621,"1",
"900170",60000,"5",2890621,"1",
"900180",1261,"1",2890621,"1",
"900180",49,"2",2890621,"1",
"900180",2077,"3",2890621,"1",
"900180",3061,"4",2890621,"1",
"900180",578,"5",2890621,"1",
"980000",382151,"1",2890621,"1","T"
"980000",382151,"2",2890621,"1","T"
"980000",382151,"3",2890621,"1","T"
"980000",382151,"4",2890621,"1","T"
"980000",382151,"5",2890621,"1","T"
"980070",382151,"1",2890621,"1","T"
"980070",382151,"2",2890621,"1","T"
"980070",382151,"3",2890621,"1","T"
"980070",382151,"4",2890621,"1","T"
"980070",382151,"5",2890621,"1","T"
"900000",295487,"1",2890622,"1","T"
"900000",295487,"2",2890622,"1","T"
"900000",295487,"3",2890622,"1","T"
"900000",295487,"4",2890622,"1","T"
"900000",295487,"5",2890622,"1","T"
"900030",25259,"1",2890622,"1",
"900030",25259,"2",2890622,"1",
"900030",25259,"3",2890622,"1",
"900030",25259,"4",2890622,"1",
"900030",25259,"5",2890622,"1",
"900170",60000,"1",2890622,"1",
"900170",60000,"2",2890622,"1",
"900170",60000,"3",2890622,"1",
"900170",60000,"4",2890622,"1",
"900170",60000,"5",2890622,"1",
"900180",87,"1",2890622,"1",
"900180",4043,"2",2890622,"1",
"900180",45,"3",2890622,"1",
"900180",103,"4",2890622,"1",
"900180",103,"5",2890622,"1",
"980000",381622,"1",2890622,"1","T"
"980000",381622,"2",2890622,"1","T"
"980000",381622,"3",2890622,"1","T"
"980000",381622,"4",2890622,"1","T"
"980000",381622,"5",2890622,"1","T"
"980070",381622,"1",2890622,"1","T"
"980070",381622,"2",2890622,"1","T"
"980070",381622,"3",2890622,"1","T"
"980070",381622,"4",2890622,"1","T"
"980070",381622,"5",2890622,"1","T"
"900000",60947,"1",2890631,"1",
"900000",46632,"2",2890631,"1",
"900000",63794,"3",2890631,"1",
"900000",66748,"4",2890631,"1",
"900000",39939,"5",2890631,"1",
"900030",22859,"1",2890631,"1",
"900030",22859,"2",2890631,"1",
"900030",22859,"3",2890631,"1",
"900030",22859,"4",2890631,"1",
"900030",22859,"5",2890631,"1",
"900190",43947,"1",2890631,"1",
"900190",10304,"2",2890631,"1",
"900190",12718,"3",2890631,"1",
"900190",3810,"4",2890631,"1",
"900190",46366,"5",2890631,"1",
"980000",127753,"1",2890631,"1",
"980000",79795,"2",2890631,"1",
"980000",99371,"3",2890631,"1",
"980000",93417,"4",2890631,"1",
"980000",109164,"5",2890631,"1",
"980070",127753,"1",2890631,"1",
"980070",79795,"2",2890631,"1",
"980070",99371,"3",2890631,"1",
"980070",93417,"4",2890631,"1",
"980070",109164,"5",2890631,"1",
"900000",51013,"1",2890632,"1",
"900000",39709,"2",2890632,"1",
"900000",82000,"3",2890632,"1",
"900000",41116,"4",2890632,"1",
"900000",1627,"5",2890632,"1",
"900030",22859,"1",2890632,"1",
"900030",22859,"2",2890632,"1",
"900030",22859,"3",2890632,"1",
"900030",22859,"4",2890632,"1",
"900030",22859,"5",2890632,"1",
"900190",6102,"1",2890632,"1",
"900190",16481,"2",2890632,"1",
"900190",35677,"3",2890632,"1",
"900190",89,"4",2890632,"1",
"900190",1314,"5",2890632,"1",
"980000",79974,"1",2890632,"1",
"980000",79049,"2",2890632,"1",
"980000",140536,"3",2890632,"1",
"980000",64064,"4",2890632,"1",
"980000",25800,"5",2890632,"1",
"980070",79974,"1",2890632,"1",
"980070",79049,"2",2890632,"1",
"980070",140536,"3",2890632,"1",
"980070",64064,"4",2890632,"1",
"980070",25800,"5",2890632,"1",
"900000",80904,"1",2890681,"1",
"900000",84312,"2",2890681,"1",
"900000",84620,"3",2890681,"1",
"900000",83605,"4",2890681,"1",
"900000",88782,"5",2890681,"1",
"980000",80904,"1",2890681,"1",
"980000",84312,"2",2890681,"1",
"980000",84620,"3",2890681,"1",
"980000",83605,"4",2890681,"1",
"980000",88782,"5",2890681,"1",
"980070",83684,"1",2890681,"1",
"980070",87092,"2",2890681,"1",
"980070",87400,"3",2890681,"1",
"980070",86385,"4",2890681,"1",
"980070",91562,"5",2890681,"1",
"900000",87966,"1",2890682,"1",
"900000",82464,"2",2890682,"1",
"900000",83721,"3",2890682,"1",
"900000",89079,"4",2890682,"1",
"900000",84230,"5",2890682,"1",
"980000",87966,"1",2890682,"1",
"980000",82464,"2",2890682,"1",
"980000",83721,"3",2890682,"1",
"980000",89079,"4",2890682,"1",
"980000",84230,"5",2890682,"1",
"980070",90746,"1",2890682,"1",
"980070",85244,"2",2890682,"1",
"980070",86501,"3",2890682,"1",
"980070",91859,"4",2890682,"1",
"980070",87010,"5",2890682,"1",
"900000",102490,"1",2890711,"1",
"900000",94999,"2",2890711,"1",
"900000",95803,"3",2890711,"1",
"900000",94284,"4",2890711,"1",
"900000",93260,"5",2890711,"1",
"900030",39936,"1",2890711,"1",
"900030",39732,"2",2890711,"1",
"900030",33696,"3",2890711,"1",
"900030",37320,"4",2890711,"1",
"900030",39444,"5",2890711,"1",
"900180",38657,"1",2890711,"1","T"
"900180",38657,"2",2890711,"1","T"
"900180",38657,"3",2890711,"1","T"
"900180",38657,"4",2890711,"1","T"
"900180",38657,"5",2890711,"1","T"
"980000",172850,"1",2890711,"1","T"
"980000",172850,"2",2890711,"1","T"
"980000",172850,"3",2890711,"1","T"
"980000",172850,"4",2890711,"1","T"
"980000",172850,"5",2890711,"1","T"
"980070",172850,"1",2890711,"1","T"
"980070",172850,"2",2890711,"1","T"
"980070",172850,"3",2890711,"1","T"
"980070",172850,"4",2890711,"1","T"
"980070",172850,"5",2890711,"1","T"
"900000",118998,"1",2890712,"1",
"900000",95224,"2",2890712,"1",
"900000",95945,"3",2890712,"1",
"900000",93069,"4",2890712,"1",
"900000",104020,"5",2890712,"1",
"900030",34368,"1",2890712,"1",
"900030",35016,"2",2890712,"1",
"900030",40116,"3",2890712,"1",
"900030",37920,"4",2890712,"1",
"900030",34788,"5",2890712,"1",
"900180",38657,"1",2890712,"1","T"
"900180",38657,"2",2890712,"1","T"
"900180",38657,"3",2890712,"1","T"
"900180",38657,"4",2890712,"1","T"
"900180",38657,"5",2890712,"1","T"
"980000",176550,"1",2890712,"1","T"
"980000",176550,"2",2890712,"1","T"
"980000",176550,"3",2890712,"1","T"
"980000",176550,"4",2890712,"1","T"
"980000",176550,"5",2890712,"1","T"
"980070",176550,"1",2890712,"1","T"
"980070",176550,"2",2890712,"1","T"
"980070",176550,"3",2890712,"1","T"
"980070",176550,"4",2890712,"1","T"
"980070",176550,"5",2890712,"1","T"
"900090",721,"1",2890721,"1",
"900090",721,"2",2890721,"1",
"900090",721,"3",2890721,"1",
"900090",721,"4",2890721,"1",
"900090",721,"5",2890721,"1",
"900150",648,"1",2890721,"1",
"900150",648,"2",2890721,"1",
"900150",648,"3",2890721,"1",
"900150",648,"4",2890721,"1",
"900150",648,"5",2890721,"1",
"980000",1369,"1",2890721,"1",
"980000",1369,"2",2890721,"1",
"980000",1369,"3",2890721,"1",
"980000",1369,"4",2890721,"1",
"980000",1369,"5",2890721,"1",
"980070",1369,"1",2890721,"1",
"980070",1369,"2",2890721,"1",
"980070",1369,"3",2890721,"1",
"980070",1369,"4",2890721,"1",
"980070",1369,"5",2890721,"1",
"900090",721,"1",2890722,"1",
"900090",721,"2",2890722,"1",
"900090",721,"3",2890722,"1",
"900090",721,"4",2890722,"1",
"900090",721,"5",2890722,"1",
"900150",648,"1",2890722,"1",
"900150",648,"2",2890722,"1",
"900150",648,"3",2890722,"1",
"900150",648,"4",2890722,"1",
"900150",648,"5",2890722,"1",
"980000",1369,"1",2890722,"1",
"980000",1369,"2",2890722,"1",
"980000",1369,"3",2890722,"1",
"980000",1369,"4",2890722,"1",
"980000",1369,"5",2890722,"1",
"980070",1369,"1",2890722,"1",
"980070",1369,"2",2890722,"1",
"980070",1369,"3",2890722,"1",
"980070",1369,"4",2890722,"1",
"980070",1369,"5",2890722,"1",
"900030",18539,"1",2890741,"1",
"900030",18539,"2",2890741,"1",
"900030",18539,"3",2890741,"1",
"900030",18539,"4",2890741,"1",
"900030",18539,"5",2890741,"1",
"900090",540,"1",2890741,"1",
"900090",540,"2",2890741,"1",
"900090",540,"3",2890741,"1",
"900090",540,"4",2890741,"1",
"900090",540,"5",2890741,"1",
"980000",19079,"1",2890741,"1",
"980000",19079,"2",2890741,"1",
"980000",19079,"3",2890741,"1",
"980000",19079,"4",2890741,"1",
"980000",19079,"5",2890741,"1",
"980070",19079,"1",2890741,"1",
"980070",19079,"2",2890741,"1",
"980070",19079,"3",2890741,"1",
"980070",19079,"4",2890741,"1",
"980070",19079,"5",2890741,"1",
"900030",18539,"1",2890742,"1",
"900030",18539,"2",2890742,"1",
"900030",18539,"3",2890742,"1",
"900030",18539,"4",2890742,"1",
"900030",18539,"5",2890742,"1",
"900090",540,"1",2890742,"1",
"900090",540,"2",2890742,"1",
"900090",540,"3",2890742,"1",
"900090",540,"4",2890742,"1",
"900090",540,"5",2890742,"1",
"980000",19079,"1",2890742,"1",
"980000",19079,"2",2890742,"1",
"980000",19079,"3",2890742,"1",
"980000",19079,"4",2890742,"1",
"980000",19079,"5",2890742,"1",
"980070",19079,"1",2890742,"1",
"980070",19079,"2",2890742,"1",
"980070",19079,"3",2890742,"1",
"980070",19079,"4",2890742,"1",
"980070",19079,"5",2890742,"1",
"900000",35340,"1",2890751,"1",
"900000",14018,"2",2890751,"1",
"900000",68694,"3",2890751,"1",
"900000",49701,"4",2890751,"1",
"900000",5970,"5",2890751,"1",
"900120",249,"1",2890751,"1",
"900120",249,"2",2890751,"1",
"900120",249,"3",2890751,"1",
"900120",249,"4",2890751,"1",
"900120",249,"5",2890751,"1",
"900150",5500,"1",2890751,"1",
"900150",5500,"2",2890751,"1",
"900150",5500,"3",2890751,"1",
"900150",5500,"4",2890751,"1",
"900150",5500,"5",2890751,"1",
"980000",41089,"1",2890751,"1",
"980000",19767,"2",2890751,"1",
"980000",74443,"3",2890751,"1",
"980000",55450,"4",2890751,"1",
"980000",11719,"5",2890751,"1",
"980070",41089,"1",2890751,"1",
"980070",19767,"2",2890751,"1",
"980070",74443,"3",2890751,"1",
"980070",55450,"4",2890751,"1",
"980070",11719,"5",2890751,"1",
"900000",25156,"1",2890752,"1",
"900000",26439,"2",2890752,"1",
"900000",42821,"3",2890752,"1",
"900000",31077,"4",2890752,"1",
"900000",14694,"5",2890752,"1",
"900120",249,"1",2890752,"1",
"900120",249,"2",2890752,"1",
"900120",249,"3",2890752,"1",
"900120",249,"4",2890752,"1",
"900120",249,"5",2890752,"1",
"900150",5500,"1",2890752,"1",
"900150",5500,"2",2890752,"1",
"900150",5500,"3",2890752,"1",
"900150",5500,"4",2890752,"1",
"900150",5500,"5",2890752,"1",
"980000",30905,"1",2890752,"1",
"980000",32188,"2",2890752,"1",
"980000",48570,"3",2890752,"1",
"980000",36826,"4",2890752,"1",
"980000",20443,"5",2890752,"1",
"980070",30905,"1",2890752,"1",
"980070",32188,"2",2890752,"1",
"980070",48570,"3",2890752,"1",
"980070",36826,"4",2890752,"1",
"980070",20443,"5",2890752,"1",
"900000",73456,"1",2890791,"1",
"900000",157718,"2",2890791,"1",
"900000",128228,"3",2890791,"1",
"900000",165695,"4",2890791,"1",
"900000",94126,"5",2890791,"1",
"980000",73456,"1",2890791,"1",
"980000",157718,"2",2890791,"1",
"980000",128228,"3",2890791,"1",
"980000",165695,"4",2890791,"1",
"980000",94126,"5",2890791,"1",
"980070",73456,"1",2890791,"1",
"980070",157718,"2",2890791,"1",
"980070",128228,"3",2890791,"1",
"980070",165695,"4",2890791,"1",
"980070",94126,"5",2890791,"1",
"900000",247624,"1",2890792,"1","T"
"900000",247624,"2",2890792,"1","T"
"900000",247624,"3",2890792,"1","T"
"900000",247624,"4",2890792,"1","T"
"900000",247624,"5",2890792,"1","T"
"980000",247624,"1",2890792,"1","T"
"980000",247624,"2",2890792,"1","T"
"980000",247624,"3",2890792,"1","T"
"980000",247624,"4",2890792,"1","T"
"980000",247624,"5",2890792,"1","T"
"980070",247624,"1",2890792,"1","T"
"980070",247624,"2",2890792,"1","T"
"980070",247624,"3",2890792,"1","T"
"980070",247624,"4",2890792,"1","T"
"980070",247624,"5",2890792,"1","T"
"900030",18059,"1",2890801,"1",
"900030",18059,"2",2890801,"1",
"900030",18059,"3",2890801,"1",
"900030",18059,"4",2890801,"1",
"900030",18059,"5",2890801,"1",
"900170",3500,"1",2890801,"1",
"900170",3500,"2",2890801,"1",
"900170",3500,"3",2890801,"1",
"900170",3500,"4",2890801,"1",
"900170",3500,"5",2890801,"1",
"980000",21559,"1",2890801,"1",
"980000",21559,"2",2890801,"1",
"980000",21559,"3",2890801,"1",
"980000",21559,"4",2890801,"1",
"980000",21559,"5",2890801,"1",
"980070",20959,"1",2890801,"1",
"980070",20959,"2",2890801,"1",
"980070",20959,"3",2890801,"1",
"980070",20959,"4",2890801,"1",
"980070",20959,"5",2890801,"1",
"900030",18059,"1",2890802,"1",
"900030",18059,"2",2890802,"1",
"900030",18059,"3",2890802,"1",
"900030",18059,"4",2890802,"1",
"900030",18059,"5",2890802,"1",
"900170",3500,"1",2890802,"1",
"900170",3500,"2",2890802,"1",
"900170",3500,"3",2890802,"1",
"900170",3500,"4",2890802,"1",
"900170",3500,"5",2890802,"1",
"980000",21559,"1",2890802,"1",
"980000",21559,"2",2890802,"1",
"980000",21559,"3",2890802,"1",
"980000",21559,"4",2890802,"1",
"980000",21559,"5",2890802,"1",
"980070",20959,"1",2890802,"1",
"980070",20959,"2",2890802,"1",
"980070",20959,"3",2890802,"1",
"980070",20959,"4",2890802,"1",
"980070",20959,"5",2890802,"1",
"900000",111506,"1",2890832,"1",
"900000",110761,"2",2890832,"1",
"900000",117114,"3",2890832,"1",
"900000",109332,"4",2890832,"1",
"900000",115800,"5",2890832,"1",
"980000",111506,"1",2890832,"1",
"980000",110761,"2",2890832,"1",
"980000",117114,"3",2890832,"1",
"980000",109332,"4",2890832,"1",
"980000",115800,"5",2890832,"1",
"980070",116406,"1",2890832,"1",
"980070",115661,"2",2890832,"1",
"980070",122014,"3",2890832,"1",
"980070",114232,"4",2890832,"1",
"980070",120700,"5",2890832,"1",
"900000",60393,"1",2890871,"1",
"900000",57553,"2",2890871,"1",
"900000",63716,"3",2890871,"1",
"900000",59919,"4",2890871,"1",
"900000",63686,"5",2890871,"1",
"900210",2500,"1",2890871,"1",
"900210",2500,"2",2890871,"1",
"900210",2500,"3",2890871,"1",
"900210",2500,"4",2890871,"1",
"900210",2500,"5",2890871,"1",
"980000",62893,"1",2890871,"1",
"980000",60053,"2",2890871,"1",
"980000",66216,"3",2890871,"1",
"980000",62419,"4",2890871,"1",
"980000",66186,"5",2890871,"1",
"980070",67593,"1",2890871,"1",
"980070",64753,"2",2890871,"1",
"980070",70916,"3",2890871,"1",
"980070",67119,"4",2890871,"1",
"980070",70886,"5",2890871,"1",
"900000",57065,"1",2890872,"1",
"900000",61055,"2",2890872,"1",
"900000",57262,"3",2890872,"1",
"900000",51741,"4",2890872,"1",
"900000",58559,"5",2890872,"1",
"900210",2500,"1",2890872,"1",
"900210",2500,"2",2890872,"1",
"900210",2500,"3",2890872,"1",
"900210",2500,"4",2890872,"1",
"900210",2500,"5",2890872,"1",
"980000",59565,"1",2890872,"1",
"980000",63555,"2",2890872,"1",
"980000",59762,"3",2890872,"1",
"980000",54241,"4",2890872,"1",
"980000",61059,"5",2890872,"1",
"980070",64265,"1",2890872,"1",
"980070",68255,"2",2890872,"1",
"980070",64462,"3",2890872,"1",
"980070",58941,"4",2890872,"1",
"980070",65759,"5",2890872,"1",
"900030",7079,"1",2890901,"1",
"900030",7079,"2",2890901,"1",
"900030",7079,"3",2890901,"1",
"900030",7079,"4",2890901,"1",
"900030",7079,"5",2890901,"1",
"900180",10,"1",2890901,"1",
"900180",10,"2",2890901,"1",
"900180",10,"3",2890901,"1",
"900180",10,"4",2890901,"1",
"900180",10,"5",2890901,"1",
"980000",7089,"1",2890901,"1",
"980000",7089,"2",2890901,"1",
"980000",7089,"3",2890901,"1",
"980000",7089,"4",2890901,"1",
"980000",7089,"5",2890901,"1",
"980070",7089,"1",2890901,"1",
"980070",7089,"2",2890901,"1",
"980070",7089,"3",2890901,"1",
"980070",7089,"4",2890901,"1",
"980070",7089,"5",2890901,"1",
"900030",7079,"1",2890902,"1",
"900030",7079,"2",2890902,"1",
"900030",7079,"3",2890902,"1",
"900030",7079,"4",2890902,"1",
"900030",7079,"5",2890902,"1",
"900180",10,"1",2890902,"1",
"900180",10,"2",2890902,"1",
"900180",10,"3",2890902,"1",
"900180",10,"4",2890902,"1",
"900180",10,"5",2890902,"1",
"980000",7089,"1",2890902,"1",
"980000",7089,"2",2890902,"1",
"980000",7089,"3",2890902,"1",
"980000",7089,"4",2890902,"1",
"980000",7089,"5",2890902,"1",
"980070",7089,"1",2890902,"1",
"980070",7089,"2",2890902,"1",
"980070",7089,"3",2890902,"1",
"980070",7089,"4",2890902,"1",
"980070",7089,"5",2890902,"1",
"900030",36118,"1",2890911,"1",
"900030",36118,"2",2890911,"1",
"900030",36118,"3",2890911,"1",
"900030",36118,"4",2890911,"1",
"900030",36118,"5",2890911,"1",
"900180",5,"1",2890911,"1",
"900180",5,"2",2890911,"1",
"900180",5,"3",2890911,"1",
"900180",5,"4",2890911,"1",
"900180",5,"5",2890911,"1",
"980000",36123,"1",2890911,"1",
"980000",36123,"2",2890911,"1",
"980000",36123,"3",2890911,"1",
"980000",36123,"4",2890911,"1",
"980000",36123,"5",2890911,"1",
"980070",36123,"1",2890911,"1",
"980070",36123,"2",2890911,"1",
"980070",36123,"3",2890911,"1",
"980070",36123,"4",2890911,"1",
"980070",36123,"5",2890911,"1",
"900030",36118,"1",2890912,"1",
"900030",36118,"2",2890912,"1",
"900030",36118,"3",2890912,"1",
"900030",36118,"4",2890912,"1",
"900030",36118,"5",2890912,"1",
"900180",5,"1",2890912,"1",
"900180",5,"2",2890912,"1",
"900180",5,"3",2890912,"1",
"900180",5,"4",2890912,"1",
"900180",5,"5",2890912,"1",
"980000",36123,"1",2890912,"1",
"980000",36123,"2",2890912,"1",
"980000",36123,"3",2890912,"1",
"980000",36123,"4",2890912,"1",
"980000",36123,"5",2890912,"1",
"980070",36123,"1",2890912,"1",
"980070",36123,"2",2890912,"1",
"980070",36123,"3",2890912,"1",
"980070",36123,"4",2890912,"1",
"980070",36123,"5",2890912,"1",
"900000",80000,"1",2890941,"1",
"900000",80000,"2",2890941,"1",
"900000",80000,"3",2890941,"1",
"900000",80000,"4",2890941,"1",
"900000",80000,"5",2890941,"1",
"980000",80000,"1",2890941,"1",
"980000",80000,"2",2890941,"1",
"980000",80000,"3",2890941,"1",
"980000",80000,"4",2890941,"1",
"980000",80000,"5",2890941,"1",
"980070",84000,"1",2890941,"1",
"980070",84000,"2",2890941,"1",
"980070",84000,"3",2890941,"1",
"980070",84000,"4",2890941,"1",
"980070",84000,"5",2890941,"1",
"900000",80000,"1",2890942,"1",
"900000",80000,"2",2890942,"1",
"900000",80000,"3",2890942,"1",
"900000",80000,"4",2890942,"1",
"900000",80000,"5",2890942,"1",
"980000",80000,"1",2890942,"1",
"980000",80000,"2",2890942,"1",
"980000",80000,"3",2890942,"1",
"980000",80000,"4",2890942,"1",
"980000",80000,"5",2890942,"1",
"980070",84000,"1",2890942,"1",
"980070",84000,"2",2890942,"1",
"980070",84000,"3",2890942,"1",
"980070",84000,"4",2890942,"1",
"980070",84000,"5",2890942,"1",
"900000",59000,"1",2890951,"1",
"900000",59000,"2",2890951,"1",
"900000",59000,"3",2890951,"1",
"900000",59000,"4",2890951,"1",
"900000",59000,"5",2890951,"1",
"980000",59000,"1",2890951,"1",
"980000",59000,"2",2890951,"1",
"980000",59000,"3",2890951,"1",
"980000",59000,"4",2890951,"1",
"980000",59000,"5",2890951,"1",
"980070",64000,"1",2890951,"1",
"980070",64000,"2",2890951,"1",
"980070",64000,"3",2890951,"1",
"980070",64000,"4",2890951,"1",
"980070",64000,"5",2890951,"1",
"900000",59000,"1",2890952,"1",
"900000",59000,"2",2890952,"1",
"900000",59000,"3",2890952,"1",
"900000",59000,"4",2890952,"1",
"900000",59000,"5",2890952,"1",
"980000",59000,"1",2890952,"1",
"980000",59000,"2",2890952,"1",
"980000",59000,"3",2890952,"1",
"980000",59000,"4",2890952,"1",
"980000",59000,"5",2890952,"1",
"980070",64000,"1",2890952,"1",
"980070",64000,"2",2890952,"1",
"980070",64000,"3",2890952,"1",
"980070",64000,"4",2890952,"1",
"980070",64000,"5",2890952,"1",
"900000",135225,"1",2890971,"1",
"900000",163221,"2",2890971,"1",
"900000",151339,"3",2890971,"1",
"900000",152756,"4",2890971,"1",
"900000",154519,"5",2890971,"1",
"900200",15808,"1",2890971,"1",
"900200",15092,"2",2890971,"1",
"900200",15021,"3",2890971,"1",
"900200",15813,"4",2890971,"1",
"900200",15835,"5",2890971,"1",
"980000",151033,"1",2890971,"1",
"980000",178313,"2",2890971,"1",
"980000",166360,"3",2890971,"1",
"980000",168569,"4",2890971,"1",
"980000",170354,"5",2890971,"1",
"980070",149733,"1",2890971,"1",
"980070",177013,"2",2890971,"1",
"980070",165060,"3",2890971,"1",
"980070",167269,"4",2890971,"1",
"980070",169054,"5",2890971,"1",
"900000",141715,"1",2890972,"1",
"900000",137702,"2",2890972,"1",
"900000",160656,"3",2890972,"1",
"900000",161531,"4",2890972,"1",
"900000",153645,"5",2890972,"1",
"900200",16301,"1",2890972,"1",
"900200",16427,"2",2890972,"1",
"900200",17075,"3",2890972,"1",
"900200",15895,"4",2890972,"1",
"900200",17654,"5",2890972,"1",
"980000",158016,"1",2890972,"1",
"980000",154129,"2",2890972,"1",
"980000",177731,"3",2890972,"1",
"980000",177426,"4",2890972,"1",
"980000",171299,"5",2890972,"1",
"980070",156716,"1",2890972,"1",
"980070",152829,"2",2890972,"1",
"980070",176431,"3",2890972,"1",
"980070",176126,"4",2890972,"1",
"980070",169999,"5",2890972,"1",
"900000",56000,"1",2890991,"1",
"900000",56000,"2",2890991,"1",
"900000",56000,"3",2890991,"1",
"900000",56000,"4",2890991,"1",
"900000",56000,"5",2890991,"1",
"900030",11004,"1",2890991,"1",
"900030",11004,"2",2890991,"1",
"900030",11004,"3",2890991,"1",
"900030",11004,"4",2890991,"1",
"900030",11004,"5",2890991,"1",
"980000",67004,"1",2890991,"1",
"980000",67004,"2",2890991,"1",
"980000",67004,"3",2890991,"1",
"980000",67004,"4",2890991,"1",
"980000",67004,"5",2890991,"1",
"980070",67104,"1",2890991,"1",
"980070",67104,"2",2890991,"1",
"980070",67104,"3",2890991,"1",
"980070",67104,"4",2890991,"1",
"980070",67104,"5",2890991,"1",
"900000",56000,"1",2890992,"1",
"900000",56000,"2",2890992,"1",
"900000",56000,"3",2890992,"1",
"900000",56000,"4",2890992,"1",
"900000",56000,"5",2890992,"1",
"900030",11004,"1",2890992,"1",
"900030",11004,"2",2890992,"1",
"900030",11004,"3",2890992,"1",
"900030",11004,"4",2890992,"1",
"900030",11004,"5",2890992,"1",
"980000",67004,"1",2890992,"1",
"980000",67004,"2",2890992,"1",
"980000",67004,"3",2890992,"1",
"980000",67004,"4",2890992,"1",
"980000",67004,"5",2890992,"1",
"980070",67104,"1",2890992,"1",
"980070",67104,"2",2890992,"1",
"980070",67104,"3",2890992,"1",
"980070",67104,"4",2890992,"1",
"980070",67104,"5",2890992,"1",
"900000",80000,"1",2891021,"1",
"900000",80000,"2",2891021,"1",
"900000",80000,"3",2891021,"1",
"900000",80000,"4",2891021,"1",
"900000",80000,"5",2891021,"1",
"980000",80000,"1",2891021,"1",
"980000",80000,"2",2891021,"1",
"980000",80000,"3",2891021,"1",
"980000",80000,"4",2891021,"1",
"980000",80000,"5",2891021,"1",
"980070",80000,"1",2891021,"1",
"980070",80000,"2",2891021,"1",
"980070",80000,"3",2891021,"1",
"980070",80000,"4",2891021,"1",
"980070",80000,"5",2891021,"1",
"900000",80000,"1",2891022,"1",
"900000",80000,"2",2891022,"1",
"900000",80000,"3",2891022,"1",
"900000",80000,"4",2891022,"1",
"900000",80000,"5",2891022,"1",
"980000",80000,"1",2891022,"1",
"980000",80000,"2",2891022,"1",
"980000",80000,"3",2891022,"1",
"980000",80000,"4",2891022,"1",
"980000",80000,"5",2891022,"1",
"980070",80000,"1",2891022,"1",
"980070",80000,"2",2891022,"1",
"980070",80000,"3",2891022,"1",
"980070",80000,"4",2891022,"1",
"980070",80000,"5",2891022,"1",
"900000",33938,"1",2891031,"1",
"900000",33268,"2",2891031,"1",
"900000",33612,"3",2891031,"1",
"900000",33481,"4",2891031,"1",
"900000",37165,"5",2891031,"1",
"900190",20000,"1",2891031,"1",
"900190",20000,"2",2891031,"1",
"900190",20000,"3",2891031,"1",
"900190",20000,"4",2891031,"1",
"900190",20000,"5",2891031,"1",
"980000",53938,"1",2891031,"1",
"980000",53268,"2",2891031,"1",
"980000",53612,"3",2891031,"1",
"980000",53481,"4",2891031,"1",
"980000",57165,"5",2891031,"1",
"980070",56338,"1",2891031,"1",
"980070",55668,"2",2891031,"1",
"980070",56012,"3",2891031,"1",
"980070",55881,"4",2891031,"1",
"980070",59565,"5",2891031,"1",
"900000",39261,"1",2891032,"1",
"900000",37712,"2",2891032,"1",
"900000",36897,"3",2891032,"1",
"900000",31805,"4",2891032,"1",
"900000",37184,"5",2891032,"1",
"900190",20000,"1",2891032,"1",
"900190",20000,"2",2891032,"1",
"900190",20000,"3",2891032,"1",
"900190",20000,"4",2891032,"1",
"900190",20000,"5",2891032,"1",
"980000",59261,"1",2891032,"1",
"980000",57712,"2",2891032,"1",
"980000",56897,"3",2891032,"1",
"980000",51805,"4",2891032,"1",
"980000",57184,"5",2891032,"1",
"980070",61661,"1",2891032,"1",
"980070",60112,"2",2891032,"1",
"980070",59297,"3",2891032,"1",
"980070",54205,"4",2891032,"1",
"980070",59584,"5",2891032,"1",
"900000",62000,"1",2891051,"1",
"900000",62000,"2",2891051,"1",
"900000",62000,"3",2891051,"1",
"900000",62000,"4",2891051,"1",
"900000",62000,"5",2891051,"1",
"980000",62000,"1",2891051,"1",
"980000",62000,"2",2891051,"1",
"980000",62000,"3",2891051,"1",
"980000",62000,"4",2891051,"1",
"980000",62000,"5",2891051,"1",
"980070",62000,"1",2891051,"1",
"980070",62000,"2",2891051,"1",
"980070",62000,"3",2891051,"1",
"980070",62000,"4",2891051,"1",
"980070",62000,"5",2891051,"1",
"900000",62000,"1",2891052,"1",
"900000",62000,"2",2891052,"1",
"900000",62000,"3",2891052,"1",
"900000",62000,"4",2891052,"1",
"900000",62000,"5",2891052,"1",
"980000",62000,"1",2891052,"1",
"980000",62000,"2",2891052,"1",
"980000",62000,"3",2891052,"1",
"980000",62000,"4",2891052,"1",
"980000",62000,"5",2891052,"1",
"980070",62000,"1",2891052,"1",
"980070",62000,"2",2891052,"1",
"980070",62000,"3",2891052,"1",
"980070",62000,"4",2891052,"1",
"980070",62000,"5",2891052,"1",
"800940",2525,"1",2891071,"1",
"800940",2525,"2",2891071,"1",
"800940",2525,"3",2891071,"1",
"800940",2525,"4",2891071,"1",
"800940",2525,"5",2891071,"1",
"900000",45800,"1",2891071,"1",
"900000",45800,"2",2891071,"1",
"900000",45800,"3",2891071,"1",
"900000",45800,"4",2891071,"1",
"900000",45800,"5",2891071,"1",
"900160",4000,"1",2891071,"1",
"900160",4000,"2",2891071,"1",
"900160",4000,"3",2891071,"1",
"900160",4000,"4",2891071,"1",
"900160",4000,"5",2891071,"1",
"980000",49800,"1",2891071,"1",
"980000",49800,"2",2891071,"1",
"980000",49800,"3",2891071,"1",
"980000",49800,"4",2891071,"1",
"980000",49800,"5",2891071,"1",
"980070",51700,"1",2891071,"1",
"980070",51700,"2",2891071,"1",
"980070",51700,"3",2891071,"1",
"980070",51700,"4",2891071,"1",
"980070",51700,"5",2891071,"1",
"800940",2525,"1",2891072,"1",
"800940",2525,"2",2891072,"1",
"800940",2525,"3",2891072,"1",
"800940",2525,"4",2891072,"1",
"800940",2525,"5",2891072,"1",
"900000",45800,"1",2891072,"1",
"900000",45800,"2",2891072,"1",
"900000",45800,"3",2891072,"1",
"900000",45800,"4",2891072,"1",
"900000",45800,"5",2891072,"1",
"900160",4000,"1",2891072,"1",
"900160",4000,"2",2891072,"1",
"900160",4000,"3",2891072,"1",
"900160",4000,"4",2891072,"1",
"900160",4000,"5",2891072,"1",
"980000",49800,"1",2891072,"1",
"980000",49800,"2",2891072,"1",
"980000",49800,"3",2891072,"1",
"980000",49800,"4",2891072,"1",
"980000",49800,"5",2891072,"1",
"980070",51700,"1",2891072,"1",
"980070",51700,"2",2891072,"1",
"980070",51700,"3",2891072,"1",
"980070",51700,"4",2891072,"1",
"980070",51700,"5",2891072,"1",
"800940",4560,"1",2891131,"1",
"800940",4486,"2",2891131,"1",
"800940",2944,"3",2891131,"1",
"800940",2096,"4",2891131,"1",
"800940",3746,"5",2891131,"1",
"900000",62000,"1",2891131,"1",
"900000",62000,"2",2891131,"1",
"900000",62000,"3",2891131,"1",
"900000",62000,"4",2891131,"1",
"900000",62000,"5",2891131,"1",
"900160",18801,"1",2891131,"1",
"900160",18318,"2",2891131,"1",
"900160",8241,"3",2891131,"1",
"900160",2697,"4",2891131,"1",
"900160",13481,"5",2891131,"1",
"900180",30,"1",2891131,"1",
"900180",30,"2",2891131,"1",
"900180",30,"3",2891131,"1",
"900180",30,"4",2891131,"1",
"900180",30,"5",2891131,"1",
"900210",9350,"1",2891131,"1",
"900210",9350,"2",2891131,"1",
"900210",9350,"3",2891131,"1",
"900210",9350,"4",2891131,"1",
"900210",9350,"5",2891131,"1",
"980000",90181,"1",2891131,"1",
"980000",89698,"2",2891131,"1",
"980000",79621,"3",2891131,"1",
"980000",74077,"4",2891131,"1",
"980000",84861,"5",2891131,"1",
"980070",83181,"1",2891131,"1",
"980070",82698,"2",2891131,"1",
"980070",72621,"3",2891131,"1",
"980070",67077,"4",2891131,"1",
"980070",77861,"5",2891131,"1",
"800940",1599,"1",2891132,"1",
"800940",2478,"2",2891132,"1",
"800940",5710,"3",2891132,"1",
"800940",5867,"4",2891132,"1",
"800940",7185,"5",2891132,"1",
"900000",62000,"1",2891132,"1",
"900000",62000,"2",2891132,"1",
"900000",62000,"3",2891132,"1",
"900000",62000,"4",2891132,"1",
"900000",62000,"5",2891132,"1",
"900160",-551,"1",2891132,"1",
"900160",5195,"2",2891132,"1",
"900160",26320,"3",2891132,"1",
"900160",27347,"4",2891132,"1",
"900160",35960,"5",2891132,"1",
"900180",30,"1",2891132,"1",
"900180",30,"2",2891132,"1",
"900180",30,"3",2891132,"1",
"900180",30,"4",2891132,"1",
"900180",30,"5",2891132,"1",
"900210",9350,"1",2891132,"1",
"900210",9350,"2",2891132,"1",
"900210",9350,"3",2891132,"1",
"900210",9350,"4",2891132,"1",
"900210",9350,"5",2891132,"1",
"980000",70829,"1",2891132,"1",
"980000",76575,"2",2891132,"1",
"980000",97700,"3",2891132,"1",
"980000",98727,"4",2891132,"1",
"980000",107340,"5",2891132,"1",
"980070",63829,"1",2891132,"1",
"980070",69575,"2",2891132,"1",
"980070",90700,"3",2891132,"1",
"980070",91727,"4",2891132,"1",
"980070",100340,"5",2891132,"1",
"900000",82127,"1",2891141,"1",
"900000",156737,"2",2891141,"1",
"900000",138786,"3",2891141,"1",
"900000",88089,"4",2891141,"1",
"900000",53569,"5",2891141,"1",
"900180",30,"1",2891141,"1",
"900180",255,"2",2891141,"1",
"900180",2072,"3",2891141,"1",
"900180",95,"4",2891141,"1",
"900180",61,"5",2891141,"1",
"980000",82157,"1",2891141,"1",
"980000",156992,"2",2891141,"1",
"980000",140858,"3",2891141,"1",
"980000",88184,"4",2891141,"1",
"980000",53630,"5",2891141,"1",
"980070",82157,"1",2891141,"1",
"980070",156992,"2",2891141,"1",
"980070",140858,"3",2891141,"1",
"980070",88184,"4",2891141,"1",
"980070",53630,"5",2891141,"1",
"900000",78000,"1",2891142,"1",
"900000",64857,"2",2891142,"1",
"900000",94463,"3",2891142,"1",
"900000",122755,"4",2891142,"1",
"900000",94280,"5",2891142,"1",
"900180",9,"1",2891142,"1",
"900180",14137,"2",2891142,"1",
"900180",14,"3",2891142,"1",
"900180",84,"4",2891142,"1",
"900180",5,"5",2891142,"1",
"980000",78009,"1",2891142,"1",
"980000",78994,"2",2891142,"1",
"980000",94477,"3",2891142,"1",
"980000",122839,"4",2891142,"1",
"980000",94285,"5",2891142,"1",
"980070",78009,"1",2891142,"1",
"980070",78994,"2",2891142,"1",
"980070",94477,"3",2891142,"1",
"980070",122839,"4",2891142,"1",
"980070",94285,"5",2891142,"1",
"900000",20430,"1",2891171,"1",
"900000",28411,"2",2891171,"1",
"900000",18325,"3",2891171,"1",
"900000",18658,"4",2891171,"1",
"900000",14391,"5",2891171,"1",
"980000",20430,"1",2891171,"1",
"980000",28411,"2",2891171,"1",
"980000",18325,"3",2891171,"1",
"980000",18658,"4",2891171,"1",
"980000",14391,"5",2891171,"1",
"980070",20430,"1",2891171,"1",
"980070",28411,"2",2891171,"1",
"980070",18325,"3",2891171,"1",
"980070",18658,"4",2891171,"1",
"980070",14391,"5",2891171,"1",
"900000",33028,"1",2891172,"1",
"900000",13832,"2",2891172,"1",
"900000",24214,"3",2891172,"1",
"900000",20016,"4",2891172,"1",
"900000",10970,"5",2891172,"1",
"980000",33028,"1",2891172,"1",
"980000",13832,"2",2891172,"1",
"980000",24214,"3",2891172,"1",
"980000",20016,"4",2891172,"1",
"980000",10970,"5",2891172,"1",
"980070",33028,"1",2891172,"1",
"980070",13832,"2",2891172,"1",
"980070",24214,"3",2891172,"1",
"980070",20016,"4",2891172,"1",
"980070",10970,"5",2891172,"1",
"900000",97196,"1",2891181,"1",
"900000",115430,"2",2891181,"1",
"900000",93720,"3",2891181,"1",
"900000",105474,"4",2891181,"1",
"900000",92541,"5",2891181,"1",
"900180",38657,"1",2891181,"1","T"
"900180",38657,"2",2891181,"1","T"
"900180",38657,"3",2891181,"1","T"
"900180",38657,"4",2891181,"1","T"
"900180",38657,"5",2891181,"1","T"
"980000",139529,"1",2891181,"1","T"
"980000",139529,"2",2891181,"1","T"
"980000",139529,"3",2891181,"1","T"
"980000",139529,"4",2891181,"1","T"
"980000",139529,"5",2891181,"1","T"
"980070",139529,"1",2891181,"1","T"
"980070",139529,"2",2891181,"1","T"
"980070",139529,"3",2891181,"1","T"
"980070",139529,"4",2891181,"1","T"
"980070",139529,"5",2891181,"1","T"
"900000",93731,"1",2891182,"1",
"900000",100081,"2",2891182,"1",
"900000",101032,"3",2891182,"1",
"900000",99232,"4",2891182,"1",
"900000",103948,"5",2891182,"1",
"900180",51,"1",2891182,"1",
"900180",680,"2",2891182,"1",
"900180",203,"3",2891182,"1",
"900180",51,"4",2891182,"1",
"900180",1024,"5",2891182,"1",
"980000",93782,"1",2891182,"1",
"980000",100761,"2",2891182,"1",
"980000",101235,"3",2891182,"1",
"980000",99283,"4",2891182,"1",
"980000",104972,"5",2891182,"1",
"980070",93782,"1",2891182,"1",
"980070",100761,"2",2891182,"1",
"980070",101235,"3",2891182,"1",
"980070",99283,"4",2891182,"1",
"980070",104972,"5",2891182,"1",
"900030",13511,"1",2891221,"1",
"900030",14987,"2",2891221,"1",
"900030",15863,"3",2891221,"1",
"900030",14843,"4",2891221,"1",
"900030",13895,"5",2891221,"1",
"900170",2000,"1",2891221,"1",
"900170",2000,"2",2891221,"1",
"900170",2000,"3",2891221,"1",
"900170",2000,"4",2891221,"1",
"900170",2000,"5",2891221,"1",
"900180",15,"1",2891221,"1",
"900180",27,"2",2891221,"1",
"900180",25,"3",2891221,"1",
"900180",28,"4",2891221,"1",
"900180",90,"5",2891221,"1",
"900190",10816,"1",2891221,"1",
"900190",14077,"2",2891221,"1",
"900190",12475,"3",2891221,"1",
"900190",11265,"4",2891221,"1",
"900190",11588,"5",2891221,"1",
"980000",26342,"1",2891221,"1",
"980000",31091,"2",2891221,"1",
"980000",30363,"3",2891221,"1",
"980000",28136,"4",2891221,"1",
"980000",27573,"5",2891221,"1",
"980070",26741,"1",2891221,"1",
"980070",31490,"2",2891221,"1",
"980070",30762,"3",2891221,"1",
"980070",28535,"4",2891221,"1",
"980070",27972,"5",2891221,"1",
"900030",15755,"1",2891222,"1",
"900030",13751,"2",2891222,"1",
"900030",16055,"3",2891222,"1",
"900030",15287,"4",2891222,"1",
"900030",16451,"5",2891222,"1",
"900170",2000,"1",2891222,"1",
"900170",2000,"2",2891222,"1",
"900170",2000,"3",2891222,"1",
"900170",2000,"4",2891222,"1",
"900170",2000,"5",2891222,"1",
"900180",43,"1",2891222,"1",
"900180",959,"2",2891222,"1",
"900180",95,"3",2891222,"1",
"900180",54,"4",2891222,"1",
"900180",536,"5",2891222,"1",
"900190",10479,"1",2891222,"1",
"900190",10114,"2",2891222,"1",
"900190",10422,"3",2891222,"1",
"900190",10949,"4",2891222,"1",
"900190",10999,"5",2891222,"1",
"980000",28277,"1",2891222,"1",
"980000",26824,"2",2891222,"1",
"980000",28572,"3",2891222,"1",
"980000",28290,"4",2891222,"1",
"980000",29986,"5",2891222,"1",
"980070",28676,"1",2891222,"1",
"980070",27223,"2",2891222,"1",
"980070",28971,"3",2891222,"1",
"980070",28689,"4",2891222,"1",
"980070",30385,"5",2891222,"1",
"900030",12059,"1",2891261,"1",
"900030",12059,"2",2891261,"1",
"900030",12059,"3",2891261,"1",
"900030",12059,"4",2891261,"1",
"900030",12059,"5",2891261,"1",
"900150",780,"1",2891261,"1",
"900150",780,"2",2891261,"1",
"900150",780,"3",2891261,"1",
"900150",780,"4",2891261,"1",
"900150",780,"5",2891261,"1",
"980000",12839,"1",2891261,"1",
"980000",12839,"2",2891261,"1",
"980000",12839,"3",2891261,"1",
"980000",12839,"4",2891261,"1",
"980000",12839,"5",2891261,"1",
"980070",12839,"1",2891261,"1",
"980070",12839,"2",2891261,"1",
"980070",12839,"3",2891261,"1",
"980070",12839,"4",2891261,"1",
"980070",12839,"5",2891261,"1",
"900030",12059,"1",2891262,"1",
"900030",12059,"2",2891262,"1",
"900030",12059,"3",2891262,"1",
"900030",12059,"4",2891262,"1",
"900030",12059,"5",2891262,"1",
"900150",780,"1",2891262,"1",
"900150",780,"2",2891262,"1",
"900150",780,"3",2891262,"1",
"900150",780,"4",2891262,"1",
"900150",780,"5",2891262,"1",
"980000",12839,"1",2891262,"1",
"980000",12839,"2",2891262,"1",
"980000",12839,"3",2891262,"1",
"980000",12839,"4",2891262,"1",
"980000",12839,"5",2891262,"1",
"980070",12839,"1",2891262,"1",
"980070",12839,"2",2891262,"1",
"980070",12839,"3",2891262,"1",
"980070",12839,"4",2891262,"1",
"980070",12839,"5",2891262,"1",
"900120",6480,"1",2891271,"1",
"900120",6480,"2",2891271,"1",
"900120",6480,"3",2891271,"1",
"900120",6480,"4",2891271,"1",
"900120",6480,"5",2891271,"1",
"900150",5964,"1",2891271,"1",
"900150",5964,"2",2891271,"1",
"900150",5964,"3",2891271,"1",
"900150",5964,"4",2891271,"1",
"900150",5964,"5",2891271,"1",
"980000",12444,"1",2891271,"1",
"980000",12444,"2",2891271,"1",
"980000",12444,"3",2891271,"1",
"980000",12444,"4",2891271,"1",
"980000",12444,"5",2891271,"1",
"980070",12444,"1",2891271,"1",
"980070",12444,"2",2891271,"1",
"980070",12444,"3",2891271,"1",
"980070",12444,"4",2891271,"1",
"980070",12444,"5",2891271,"1",
"900120",6480,"1",2891272,"1",
"900120",6480,"2",2891272,"1",
"900120",6480,"3",2891272,"1",
"900120",6480,"4",2891272,"1",
"900120",6480,"5",2891272,"1",
"900150",5964,"1",2891272,"1",
"900150",5964,"2",2891272,"1",
"900150",5964,"3",2891272,"1",
"900150",5964,"4",2891272,"1",
"900150",5964,"5",2891272,"1",
"980000",12444,"1",2891272,"1",
"980000",12444,"2",2891272,"1",
"980000",12444,"3",2891272,"1",
"980000",12444,"4",2891272,"1",
"980000",12444,"5",2891272,"1",
"980070",12444,"1",2891272,"1",
"980070",12444,"2",2891272,"1",
"980070",12444,"3",2891272,"1",
"980070",12444,"4",2891272,"1",
"980070",12444,"5",2891272,"1",
"900000",14694,"1",2891281,"1",
"900000",14256,"2",2891281,"1",
"900000",13189,"3",2891281,"1",
"900000",6075,"4",2891281,"1",
"900000",1046,"5",2891281,"1",
"900150",4296,"1",2891281,"1",
"900150",5340,"2",2891281,"1",
"900150",9096,"3",2891281,"1",
"900150",4452,"4",2891281,"1",
"900150",4776,"5",2891281,"1",
"980000",18990,"1",2891281,"1",
"980000",19596,"2",2891281,"1",
"980000",22285,"3",2891281,"1",
"980000",10527,"4",2891281,"1",
"980000",5822,"5",2891281,"1",
"980070",18990,"1",2891281,"1",
"980070",19596,"2",2891281,"1",
"980070",22285,"3",2891281,"1",
"980070",10527,"4",2891281,"1",
"980070",5822,"5",2891281,"1",
"900000",1049,"1",2891282,"1",
"900000",592,"2",2891282,"1",
"900000",19828,"3",2891282,"1",
"900000",1016,"4",2891282,"1",
"900000",18580,"5",2891282,"1",
"900150",4776,"1",2891282,"1",
"900150",6780,"2",2891282,"1",
"900150",9600,"3",2891282,"1",
"900150",5088,"4",2891282,"1",
"900150",7008,"5",2891282,"1",
"980000",5825,"1",2891282,"1",
"980000",7372,"2",2891282,"1",
"980000",29428,"3",2891282,"1",
"980000",6104,"4",2891282,"1",
"980000",25588,"5",2891282,"1",
"980070",5825,"1",2891282,"1",
"980070",7372,"2",2891282,"1",
"980070",29428,"3",2891282,"1",
"980070",6104,"4",2891282,"1",
"980070",25588,"5",2891282,"1",
"900000",80000,"1",2891291,"1",
"900000",80000,"2",2891291,"1",
"900000",80000,"3",2891291,"1",
"900000",80000,"4",2891291,"1",
"900000",80000,"5",2891291,"1",
"950002",9762,"1",2891291,"1",
"950002",9762,"2",2891291,"1",
"950002",9762,"3",2891291,"1",
"950002",9762,"4",2891291,"1",
"950002",9762,"5",2891291,"1",
"980000",80000,"1",2891291,"1",
"980000",80000,"2",2891291,"1",
"980000",80000,"3",2891291,"1",
"980000",80000,"4",2891291,"1",
"980000",80000,"5",2891291,"1",
"980070",73238,"1",2891291,"1",
"980070",73238,"2",2891291,"1",
"980070",73238,"3",2891291,"1",
"980070",73238,"4",2891291,"1",
"980070",73238,"5",2891291,"1",
"900000",80000,"1",2891292,"1",
"900000",80000,"2",2891292,"1",
"900000",80000,"3",2891292,"1",
"900000",80000,"4",2891292,"1",
"900000",80000,"5",2891292,"1",
"950002",9762,"1",2891292,"1",
"950002",9762,"2",2891292,"1",
"950002",9762,"3",2891292,"1",
"950002",9762,"4",2891292,"1",
"950002",9762,"5",2891292,"1",
"980000",80000,"1",2891292,"1",
"980000",80000,"2",2891292,"1",
"980000",80000,"3",2891292,"1",
"980000",80000,"4",2891292,"1",
"980000",80000,"5",2891292,"1",
"980070",73238,"1",2891292,"1",
"980070",73238,"2",2891292,"1",
"980070",73238,"3",2891292,"1",
"980070",73238,"4",2891292,"1",
"980070",73238,"5",2891292,"1",
"900030",26758,"1",2891331,"1",
"900030",26758,"2",2891331,"1",
"900030",26758,"3",2891331,"1",
"900030",26758,"4",2891331,"1",
"900030",26758,"5",2891331,"1",
"900170",1488,"1",2891331,"1",
"900170",1488,"2",2891331,"1",
"900170",1488,"3",2891331,"1",
"900170",1488,"4",2891331,"1",
"900170",1488,"5",2891331,"1",
"980000",28246,"1",2891331,"1",
"980000",28246,"2",2891331,"1",
"980000",28246,"3",2891331,"1",
"980000",28246,"4",2891331,"1",
"980000",28246,"5",2891331,"1",
"980070",28269,"1",2891331,"1",
"980070",28269,"2",2891331,"1",
"980070",28269,"3",2891331,"1",
"980070",28269,"4",2891331,"1",
"980070",28269,"5",2891331,"1",
"900030",26758,"1",2891332,"1",
"900030",26758,"2",2891332,"1",
"900030",26758,"3",2891332,"1",
"900030",26758,"4",2891332,"1",
"900030",26758,"5",2891332,"1",
"900170",1488,"1",2891332,"1",
"900170",1488,"2",2891332,"1",
"900170",1488,"3",2891332,"1",
"900170",1488,"4",2891332,"1",
"900170",1488,"5",2891332,"1",
"980000",28246,"1",2891332,"1",
"980000",28246,"2",2891332,"1",
"980000",28246,"3",2891332,"1",
"980000",28246,"4",2891332,"1",
"980000",28246,"5",2891332,"1",
"980070",28269,"1",2891332,"1",
"980070",28269,"2",2891332,"1",
"980070",28269,"3",2891332,"1",
"980070",28269,"4",2891332,"1",
"980070",28269,"5",2891332,"1",
"900030",37918,"1",2891341,"1",
"900030",37918,"2",2891341,"1",
"900030",37918,"3",2891341,"1",
"900030",37918,"4",2891341,"1",
"900030",37918,"5",2891341,"1",
"900170",1000,"1",2891341,"1",
"900170",1000,"2",2891341,"1",
"900170",1000,"3",2891341,"1",
"900170",1000,"4",2891341,"1",
"900170",1000,"5",2891341,"1",
"980000",38918,"1",2891341,"1",
"980000",38918,"2",2891341,"1",
"980000",38918,"3",2891341,"1",
"980000",38918,"4",2891341,"1",
"980000",38918,"5",2891341,"1",
"980070",38918,"1",2891341,"1",
"980070",38918,"2",2891341,"1",
"980070",38918,"3",2891341,"1",
"980070",38918,"4",2891341,"1",
"980070",38918,"5",2891341,"1",
"900030",37918,"1",2891342,"1",
"900030",37918,"2",2891342,"1",
"900030",37918,"3",2891342,"1",
"900030",37918,"4",2891342,"1",
"900030",37918,"5",2891342,"1",
"900170",1000,"1",2891342,"1",
"900170",1000,"2",2891342,"1",
"900170",1000,"3",2891342,"1",
"900170",1000,"4",2891342,"1",
"900170",1000,"5",2891342,"1",
"980000",38918,"1",2891342,"1",
"980000",38918,"2",2891342,"1",
"980000",38918,"3",2891342,"1",
"980000",38918,"4",2891342,"1",
"980000",38918,"5",2891342,"1",
"980070",38918,"1",2891342,"1",
"980070",38918,"2",2891342,"1",
"980070",38918,"3",2891342,"1",
"980070",38918,"4",2891342,"1",
"980070",38918,"5",2891342,"1",
"800940",4590,"1",2891352,"1",
"800940",4590,"2",2891352,"1",
"800940",4590,"3",2891352,"1",
"800940",4590,"4",2891352,"1",
"800940",4590,"5",2891352,"1",
"900000",20000,"1",2891352,"1",
"900000",20000,"2",2891352,"1",
"900000",20000,"3",2891352,"1",
"900000",20000,"4",2891352,"1",
"900000",20000,"5",2891352,"1",
"900030",15923,"1",2891352,"1",
"900030",15923,"2",2891352,"1",
"900030",15923,"3",2891352,"1",
"900030",15923,"4",2891352,"1",
"900030",15923,"5",2891352,"1",
"900090",206,"1",2891352,"1",
"900090",206,"2",2891352,"1",
"900090",206,"3",2891352,"1",
"900090",206,"4",2891352,"1",
"900090",206,"5",2891352,"1",
"900160",20000,"1",2891352,"1",
"900160",20000,"2",2891352,"1",
"900160",20000,"3",2891352,"1",
"900160",20000,"4",2891352,"1",
"900160",20000,"5",2891352,"1",
"900170",586,"1",2891352,"1",
"900170",586,"2",2891352,"1",
"900170",586,"3",2891352,"1",
"900170",586,"4",2891352,"1",
"900170",586,"5",2891352,"1",
"980000",56715,"1",2891352,"1",
"980000",56715,"2",2891352,"1",
"980000",56715,"3",2891352,"1",
"980000",56715,"4",2891352,"1",
"980000",56715,"5",2891352,"1",
"980070",56715,"1",2891352,"1",
"980070",56715,"2",2891352,"1",
"980070",56715,"3",2891352,"1",
"980070",56715,"4",2891352,"1",
"980070",56715,"5",2891352,"1",
"900000",120098,"1",2891361,"1",
"900000",169727,"2",2891361,"1",
"900000",78281,"3",2891361,"1",
"900000",130544,"4",2891361,"1",
"900000",120351,"5",2891361,"1",
"980000",120098,"1",2891361,"1",
"980000",169727,"2",2891361,"1",
"980000",78281,"3",2891361,"1",
"980000",130544,"4",2891361,"1",
"980000",120351,"5",2891361,"1",
"980070",120098,"1",2891361,"1",
"980070",169727,"2",2891361,"1",
"980070",78281,"3",2891361,"1",
"980070",130544,"4",2891361,"1",
"980070",120351,"5",2891361,"1",
"900000",42762,"1",2891362,"1",
"900000",78688,"2",2891362,"1",
"900000",52374,"3",2891362,"1",
"900000",100907,"4",2891362,"1",
"900000",76428,"5",2891362,"1",
"980000",42762,"1",2891362,"1",
"980000",78688,"2",2891362,"1",
"980000",52374,"3",2891362,"1",
"980000",100907,"4",2891362,"1",
"980000",76428,"5",2891362,"1",
"980070",42762,"1",2891362,"1",
"980070",78688,"2",2891362,"1",
"980070",52374,"3",2891362,"1",
"980070",100907,"4",2891362,"1",
"980070",76428,"5",2891362,"1",
"900000",31604,"1",2891371,"1",
"900000",31867,"2",2891371,"1",
"900000",38506,"3",2891371,"1",
"900000",35297,"4",2891371,"1",
"900000",30393,"5",2891371,"1",
"980000",31604,"1",2891371,"1",
"980000",31867,"2",2891371,"1",
"980000",38506,"3",2891371,"1",
"980000",35297,"4",2891371,"1",
"980000",30393,"5",2891371,"1",
"980070",31604,"1",2891371,"1",
"980070",31867,"2",2891371,"1",
"980070",38506,"3",2891371,"1",
"980070",35297,"4",2891371,"1",
"980070",30393,"5",2891371,"1",
"900000",34068,"1",2891372,"1",
"900000",37078,"2",2891372,"1",
"900000",38352,"3",2891372,"1",
"900000",34225,"4",2891372,"1",
"900000",35964,"5",2891372,"1",
"980000",34068,"1",2891372,"1",
"980000",37078,"2",2891372,"1",
"980000",38352,"3",2891372,"1",
"980000",34225,"4",2891372,"1",
"980000",35964,"5",2891372,"1",
"980070",34068,"1",2891372,"1",
"980070",37078,"2",2891372,"1",
"980070",38352,"3",2891372,"1",
"980070",34225,"4",2891372,"1",
"980070",35964,"5",2891372,"1",
"900000",126609,"1",2891381,"1",
"900000",132869,"2",2891381,"1",
"900000",137935,"3",2891381,"1",
"900000",127601,"4",2891381,"1",
"900000",129036,"5",2891381,"1",
"980000",126609,"1",2891381,"1",
"980000",132869,"2",2891381,"1",
"980000",137935,"3",2891381,"1",
"980000",127601,"4",2891381,"1",
"980000",129036,"5",2891381,"1",
"980070",122609,"1",2891381,"1",
"980070",128869,"2",2891381,"1",
"980070",133935,"3",2891381,"1",
"980070",123601,"4",2891381,"1",
"980070",125036,"5",2891381,"1",
"900000",50000,"1",2891391,"1",
"900000",50000,"2",2891391,"1",
"900000",50000,"3",2891391,"1",
"900000",50000,"4",2891391,"1",
"900000",50000,"5",2891391,"1",
"980000",50000,"1",2891391,"1",
"980000",50000,"2",2891391,"1",
"980000",50000,"3",2891391,"1",
"980000",50000,"4",2891391,"1",
"980000",50000,"5",2891391,"1",
"980070",51120,"1",2891391,"1",
"980070",51120,"2",2891391,"1",
"980070",51120,"3",2891391,"1",
"980070",51120,"4",2891391,"1",
"980070",51120,"5",2891391,"1",
"900000",50000,"1",2891392,"1",
"900000",50000,"2",2891392,"1",
"900000",50000,"3",2891392,"1",
"900000",50000,"4",2891392,"1",
"900000",50000,"5",2891392,"1",
"980000",50000,"1",2891392,"1",
"980000",50000,"2",2891392,"1",
"980000",50000,"3",2891392,"1",
"980000",50000,"4",2891392,"1",
"980000",50000,"5",2891392,"1",
"980070",51120,"1",2891392,"1",
"980070",51120,"2",2891392,"1",
"980070",51120,"3",2891392,"1",
"980070",51120,"4",2891392,"1",
"980070",51120,"5",2891392,"1",
"900030",7860,"1",2891421,"1",
"900030",13128,"2",2891421,"1",
"900030",10416,"3",2891421,"1",
"900030",13656,"4",2891421,"1",
"900030",6516,"5",2891421,"1",
"900090",879,"1",2891421,"1",
"900090",7318,"2",2891421,"1",
"900090",9572,"3",2891421,"1",
"900090",731,"4",2891421,"1",
"900090",964,"5",2891421,"1",
"980000",8739,"1",2891421,"1",
"980000",20446,"2",2891421,"1",
"980000",19988,"3",2891421,"1",
"980000",14387,"4",2891421,"1",
"980000",7480,"5",2891421,"1",
"980070",8739,"1",2891421,"1",
"980070",20446,"2",2891421,"1",
"980070",19988,"3",2891421,"1",
"980070",14387,"4",2891421,"1",
"980070",7480,"5",2891421,"1",
"900030",12324,"1",2891422,"1",
"900030",6420,"2",2891422,"1",
"900030",5664,"3",2891422,"1",
"900030",13272,"4",2891422,"1",
"900030",10056,"5",2891422,"1",
"980000",12324,"1",2891422,"1",
"980000",6420,"2",2891422,"1",
"980000",5664,"3",2891422,"1",
"980000",13272,"4",2891422,"1",
"980000",10056,"5",2891422,"1",
"980070",12324,"1",2891422,"1",
"980070",6420,"2",2891422,"1",
"980070",5664,"3",2891422,"1",
"980070",13272,"4",2891422,"1",
"980070",10056,"5",2891422,"1",
"900030",14759,"1",2891431,"1",
"900030",14759,"2",2891431,"1",
"900030",14759,"3",2891431,"1",
"900030",14759,"4",2891431,"1",
"900030",14759,"5",2891431,"1",
"900170",9124,"1",2891431,"1",
"900170",9124,"2",2891431,"1",
"900170",9124,"3",2891431,"1",
"900170",9124,"4",2891431,"1",
"900170",9124,"5",2891431,"1",
"980000",23883,"1",2891431,"1",
"980000",23883,"2",2891431,"1",
"980000",23883,"3",2891431,"1",
"980000",23883,"4",2891431,"1",
"980000",23883,"5",2891431,"1",
"980070",23883,"1",2891431,"1",
"980070",23883,"2",2891431,"1",
"980070",23883,"3",2891431,"1",
"980070",23883,"4",2891431,"1",
"980070",23883,"5",2891431,"1",
"900030",14759,"1",2891432,"1",
"900030",14759,"2",2891432,"1",
"900030",14759,"3",2891432,"1",
"900030",14759,"4",2891432,"1",
"900030",14759,"5",2891432,"1",
"900170",9124,"1",2891432,"1",
"900170",9124,"2",2891432,"1",
"900170",9124,"3",2891432,"1",
"900170",9124,"4",2891432,"1",
"900170",9124,"5",2891432,"1",
"980000",23883,"1",2891432,"1",
"980000",23883,"2",2891432,"1",
"980000",23883,"3",2891432,"1",
"980000",23883,"4",2891432,"1",
"980000",23883,"5",2891432,"1",
"980070",23883,"1",2891432,"1",
"980070",23883,"2",2891432,"1",
"980070",23883,"3",2891432,"1",
"980070",23883,"4",2891432,"1",
"980070",23883,"5",2891432,"1",
"900030",27791,"1",2891451,"1",
"900030",25607,"2",2891451,"1",
"900030",25871,"3",2891451,"1",
"900030",26459,"4",2891451,"1",
"900030",23999,"5",2891451,"1",
"900170",4478,"1",2891451,"1",
"900170",4521,"2",2891451,"1",
"900170",4798,"3",2891451,"1",
"900170",4411,"4",2891451,"1",
"900170",4339,"5",2891451,"1",
"980000",32269,"1",2891451,"1",
"980000",30128,"2",2891451,"1",
"980000",30669,"3",2891451,"1",
"980000",30870,"4",2891451,"1",
"980000",28338,"5",2891451,"1",
"980070",32269,"1",2891451,"1",
"980070",30128,"2",2891451,"1",
"980070",30669,"3",2891451,"1",
"980070",30870,"4",2891451,"1",
"980070",28338,"5",2891451,"1",
"900030",23759,"1",2891452,"1",
"900030",28499,"2",2891452,"1",
"900030",23591,"3",2891452,"1",
"900030",24107,"4",2891452,"1",
"900030",28631,"5",2891452,"1",
"900170",4795,"1",2891452,"1",
"900170",4709,"2",2891452,"1",
"900170",4852,"3",2891452,"1",
"900170",4143,"4",2891452,"1",
"900170",4399,"5",2891452,"1",
"980000",28554,"1",2891452,"1",
"980000",33208,"2",2891452,"1",
"980000",28443,"3",2891452,"1",
"980000",28250,"4",2891452,"1",
"980000",33030,"5",2891452,"1",
"980070",28554,"1",2891452,"1",
"980070",33208,"2",2891452,"1",
"980070",28443,"3",2891452,"1",
"980070",28250,"4",2891452,"1",
"980070",33030,"5",2891452,"1",
"900160",215000,"1",2891461,"1",
"900160",215000,"2",2891461,"1",
"900160",215000,"3",2891461,"1",
"900160",215000,"4",2891461,"1",
"900160",215000,"5",2891461,"1",
"980000",215000,"1",2891461,"1",
"980000",215000,"2",2891461,"1",
"980000",215000,"3",2891461,"1",
"980000",215000,"4",2891461,"1",
"980000",215000,"5",2891461,"1",
"980070",215000,"1",2891461,"1",
"980070",215000,"2",2891461,"1",
"980070",215000,"3",2891461,"1",
"980070",215000,"4",2891461,"1",
"980070",215000,"5",2891461,"1",
"900160",215000,"1",2891462,"1",
"900160",215000,"2",2891462,"1",
"900160",215000,"3",2891462,"1",
"900160",215000,"4",2891462,"1",
"900160",215000,"5",2891462,"1",
"980000",215000,"1",2891462,"1",
"980000",215000,"2",2891462,"1",
"980000",215000,"3",2891462,"1",
"980000",215000,"4",2891462,"1",
"980000",215000,"5",2891462,"1",
"980070",215000,"1",2891462,"1",
"980070",215000,"2",2891462,"1",
"980070",215000,"3",2891462,"1",
"980070",215000,"4",2891462,"1",
"980070",215000,"5",2891462,"1",
"900000",188000,"1",2891472,"1",
"900000",188000,"2",2891472,"1",
"900000",188000,"3",2891472,"1",
"900000",188000,"4",2891472,"1",
"900000",188000,"5",2891472,"1",
"900180",53,"1",2891472,"1",
"900180",29,"2",2891472,"1",
"900180",25,"3",2891472,"1",
"900180",51,"4",2891472,"1",
"900180",114,"5",2891472,"1",
"980000",188053,"1",2891472,"1",
"980000",188029,"2",2891472,"1",
"980000",188025,"3",2891472,"1",
"980000",188051,"4",2891472,"1",
"980000",188114,"5",2891472,"1",
"980070",188053,"1",2891472,"1",
"980070",188029,"2",2891472,"1",
"980070",188025,"3",2891472,"1",
"980070",188051,"4",2891472,"1",
"980070",188114,"5",2891472,"1",
"900000",37762,"1",2891491,"1",
"900000",107587,"2",2891491,"1",
"900000",63900,"3",2891491,"1",
"900000",55492,"4",2891491,"1",
"900000",92409,"5",2891491,"1",
"980000",37762,"1",2891491,"1",
"980000",107587,"2",2891491,"1",
"980000",63900,"3",2891491,"1",
"980000",55492,"4",2891491,"1",
"980000",92409,"5",2891491,"1",
"980070",37762,"1",2891491,"1",
"980070",107587,"2",2891491,"1",
"980070",63900,"3",2891491,"1",
"980070",55492,"4",2891491,"1",
"980070",92409,"5",2891491,"1",
"900000",237936,"1",2891492,"1",
"900000",123133,"2",2891492,"1",
"900000",87549,"3",2891492,"1",
"900000",47298,"4",2891492,"1",
"900000",173915,"5",2891492,"1",
"980000",237936,"1",2891492,"1",
"980000",123133,"2",2891492,"1",
"980000",87549,"3",2891492,"1",
"980000",47298,"4",2891492,"1",
"980000",173915,"5",2891492,"1",
"980070",237936,"1",2891492,"1",
"980070",123133,"2",2891492,"1",
"980070",87549,"3",2891492,"1",
"980070",47298,"4",2891492,"1",
"980070",173915,"5",2891492,"1",
"900000",38477,"1",2891501,"1",
"900000",148111,"2",2891501,"1",
"900000",125796,"3",2891501,"1",
"900000",80542,"4",2891501,"1",
"900000",109374,"5",2891501,"1",
"980000",38477,"1",2891501,"1",
"980000",148111,"2",2891501,"1",
"980000",125796,"3",2891501,"1",
"980000",80542,"4",2891501,"1",
"980000",109374,"5",2891501,"1",
"980070",38477,"1",2891501,"1",
"980070",148111,"2",2891501,"1",
"980070",125796,"3",2891501,"1",
"980070",80542,"4",2891501,"1",
"980070",109374,"5",2891501,"1",
"900000",41987,"1",2891511,"1",
"900000",40236,"2",2891511,"1",
"900000",38946,"3",2891511,"1",
"900000",38008,"4",2891511,"1",
"900000",39504,"5",2891511,"1",
"980000",41987,"1",2891511,"1",
"980000",40236,"2",2891511,"1",
"980000",38946,"3",2891511,"1",
"980000",38008,"4",2891511,"1",
"980000",39504,"5",2891511,"1",
"980070",41987,"1",2891511,"1",
"980070",40236,"2",2891511,"1",
"980070",38946,"3",2891511,"1",
"980070",38008,"4",2891511,"1",
"980070",39504,"5",2891511,"1",
"900000",40238,"1",2891512,"1",
"900000",41764,"2",2891512,"1",
"900000",38836,"3",2891512,"1",
"900000",40647,"4",2891512,"1",
"900000",41475,"5",2891512,"1",
"980000",40238,"1",2891512,"1",
"980000",41764,"2",2891512,"1",
"980000",38836,"3",2891512,"1",
"980000",40647,"4",2891512,"1",
"980000",41475,"5",2891512,"1",
"980070",40238,"1",2891512,"1",
"980070",41764,"2",2891512,"1",
"980070",38836,"3",2891512,"1",
"980070",40647,"4",2891512,"1",
"980070",41475,"5",2891512,"1",
"900000",105581,"1",2891521,"1",
"900000",107701,"2",2891521,"1",
"900000",112186,"3",2891521,"1",
"900000",111959,"4",2891521,"1",
"900000",115053,"5",2891521,"1",
"900030",19259,"1",2891521,"1",
"900030",19259,"2",2891521,"1",
"900030",19259,"3",2891521,"1",
"900030",19259,"4",2891521,"1",
"900030",19259,"5",2891521,"1",
"900140",500,"1",2891521,"1",
"900140",500,"2",2891521,"1",
"900140",500,"3",2891521,"1",
"900140",500,"4",2891521,"1",
"900140",500,"5",2891521,"1",
"900150",1134,"1",2891521,"1",
"900150",1134,"2",2891521,"1",
"900150",1134,"3",2891521,"1",
"900150",1134,"4",2891521,"1",
"900150",1134,"5",2891521,"1",
"900170",1620,"1",2891521,"1",
"900170",1620,"2",2891521,"1",
"900170",1620,"3",2891521,"1",
"900170",1620,"4",2891521,"1",
"900170",1620,"5",2891521,"1",
"900210",6900,"1",2891521,"1",
"900210",6900,"2",2891521,"1",
"900210",6900,"3",2891521,"1",
"900210",6900,"4",2891521,"1",
"900210",6900,"5",2891521,"1",
"980000",134994,"1",2891521,"1",
"980000",137114,"2",2891521,"1",
"980000",141599,"3",2891521,"1",
"980000",141372,"4",2891521,"1",
"980000",144466,"5",2891521,"1",
"980070",133894,"1",2891521,"1",
"980070",136014,"2",2891521,"1",
"980070",140499,"3",2891521,"1",
"980070",140272,"4",2891521,"1",
"980070",143366,"5",2891521,"1",
"900000",114818,"1",2891522,"1",
"900000",113407,"2",2891522,"1",
"900000",108130,"3",2891522,"1",
"900000",108536,"4",2891522,"1",
"900000",107549,"5",2891522,"1",
"900030",19259,"1",2891522,"1",
"900030",19259,"2",2891522,"1",
"900030",19259,"3",2891522,"1",
"900030",19259,"4",2891522,"1",
"900030",19259,"5",2891522,"1",
"900140",500,"1",2891522,"1",
"900140",500,"2",2891522,"1",
"900140",500,"3",2891522,"1",
"900140",500,"4",2891522,"1",
"900140",500,"5",2891522,"1",
"900150",1134,"1",2891522,"1",
"900150",1134,"2",2891522,"1",
"900150",1134,"3",2891522,"1",
"900150",1134,"4",2891522,"1",
"900150",1134,"5",2891522,"1",
"900170",1620,"1",2891522,"1",
"900170",1620,"2",2891522,"1",
"900170",1620,"3",2891522,"1",
"900170",1620,"4",2891522,"1",
"900170",1620,"5",2891522,"1",
"900210",6900,"1",2891522,"1",
"900210",6900,"2",2891522,"1",
"900210",6900,"3",2891522,"1",
"900210",6900,"4",2891522,"1",
"900210",6900,"5",2891522,"1",
"980000",144231,"1",2891522,"1",
"980000",142820,"2",2891522,"1",
"980000",137543,"3",2891522,"1",
"980000",137949,"4",2891522,"1",
"980000",136962,"5",2891522,"1",
"980070",143131,"1",2891522,"1",
"980070",141720,"2",2891522,"1",
"980070",136443,"3",2891522,"1",
"980070",136849,"4",2891522,"1",
"980070",135862,"5",2891522,"1",
"900000",10000,"1",2891531,"1",
"900000",10000,"2",2891531,"1",
"900000",10000,"3",2891531,"1",
"900000",10000,"4",2891531,"1",
"900000",10000,"5",2891531,"1",
"900030",17255,"1",2891531,"1",
"900030",17255,"2",2891531,"1",
"900030",17255,"3",2891531,"1",
"900030",17255,"4",2891531,"1",
"900030",17255,"5",2891531,"1",
"900170",63000,"1",2891531,"1",
"900170",63000,"2",2891531,"1",
"900170",63000,"3",2891531,"1",
"900170",63000,"4",2891531,"1",
"900170",63000,"5",2891531,"1",
"900180",10399,"1",2891531,"1",
"900180",10634,"2",2891531,"1",
"900180",10930,"3",2891531,"1",
"900180",10313,"4",2891531,"1",
"900180",10293,"5",2891531,"1",
"980000",100654,"1",2891531,"1",
"980000",100889,"2",2891531,"1",
"980000",101185,"3",2891531,"1",
"980000",100568,"4",2891531,"1",
"980000",100548,"5",2891531,"1",
"980070",109654,"1",2891531,"1",
"980070",109889,"2",2891531,"1",
"980070",110185,"3",2891531,"1",
"980070",109568,"4",2891531,"1",
"980070",109548,"5",2891531,"1",
"900000",10000,"1",2891532,"1",
"900000",10000,"2",2891532,"1",
"900000",10000,"3",2891532,"1",
"900000",10000,"4",2891532,"1",
"900000",10000,"5",2891532,"1",
"900030",17255,"1",2891532,"1",
"900030",17255,"2",2891532,"1",
"900030",17255,"3",2891532,"1",
"900030",17255,"4",2891532,"1",
"900030",17255,"5",2891532,"1",
"900170",63000,"1",2891532,"1",
"900170",63000,"2",2891532,"1",
"900170",63000,"3",2891532,"1",
"900170",63000,"4",2891532,"1",
"900170",63000,"5",2891532,"1",
"900180",10612,"1",2891532,"1",
"900180",10106,"2",2891532,"1",
"900180",10327,"3",2891532,"1",
"900180",10281,"4",2891532,"1",
"900180",10517,"5",2891532,"1",
"980000",100867,"1",2891532,"1",
"980000",100361,"2",2891532,"1",
"980000",100582,"3",2891532,"1",
"980000",100536,"4",2891532,"1",
"980000",100772,"5",2891532,"1",
"980070",109867,"1",2891532,"1",
"980070",109361,"2",2891532,"1",
"980070",109582,"3",2891532,"1",
"980070",109536,"4",2891532,"1",
"980070",109772,"5",2891532,"1",
"900030",2706,"1",2891541,"1",
"900030",2706,"2",2891541,"1",
"900030",2706,"3",2891541,"1",
"900030",2706,"4",2891541,"1",
"900030",2706,"5",2891541,"1",
"980000",2706,"1",2891541,"1",
"980000",2706,"2",2891541,"1",
"980000",2706,"3",2891541,"1",
"980000",2706,"4",2891541,"1",
"980000",2706,"5",2891541,"1",
"980070",2706,"1",2891541,"1",
"980070",2706,"2",2891541,"1",
"980070",2706,"3",2891541,"1",
"980070",2706,"4",2891541,"1",
"980070",2706,"5",2891541,"1",
"900030",2706,"1",2891542,"1",
"900030",2706,"2",2891542,"1",
"900030",2706,"3",2891542,"1",
"900030",2706,"4",2891542,"1",
"900030",2706,"5",2891542,"1",
"980000",2706,"1",2891542,"1",
"980000",2706,"2",2891542,"1",
"980000",2706,"3",2891542,"1",
"980000",2706,"4",2891542,"1",
"980000",2706,"5",2891542,"1",
"980070",2706,"1",2891542,"1",
"980070",2706,"2",2891542,"1",
"980070",2706,"3",2891542,"1",
"980070",2706,"4",2891542,"1",
"980070",2706,"5",2891542,"1",
"900000",12257,"1",2891561,"1",
"900000",36694,"2",2891561,"1",
"900000",23038,"3",2891561,"1",
"900000",13236,"4",2891561,"1",
"900000",19821,"5",2891561,"1",
"980000",12257,"1",2891561,"1",
"980000",36694,"2",2891561,"1",
"980000",23038,"3",2891561,"1",
"980000",13236,"4",2891561,"1",
"980000",19821,"5",2891561,"1",
"980070",12257,"1",2891561,"1",
"980070",36694,"2",2891561,"1",
"980070",23038,"3",2891561,"1",
"980070",13236,"4",2891561,"1",
"980070",19821,"5",2891561,"1",
"900000",31439,"1",2891562,"1",
"900000",6993,"2",2891562,"1",
"900000",50905,"3",2891562,"1",
"900000",23383,"4",2891562,"1",
"900000",32625,"5",2891562,"1",
"980000",31439,"1",2891562,"1",
"980000",6993,"2",2891562,"1",
"980000",50905,"3",2891562,"1",
"980000",23383,"4",2891562,"1",
"980000",32625,"5",2891562,"1",
"980070",31439,"1",2891562,"1",
"980070",6993,"2",2891562,"1",
"980070",50905,"3",2891562,"1",
"980070",23383,"4",2891562,"1",
"980070",32625,"5",2891562,"1",
"900030",9947,"1",2891571,"1",
"900030",9947,"2",2891571,"1",
"900030",9947,"3",2891571,"1",
"900030",9947,"4",2891571,"1",
"900030",9947,"5",2891571,"1",
"980000",9947,"1",2891571,"1",
"980000",9947,"2",2891571,"1",
"980000",9947,"3",2891571,"1",
"980000",9947,"4",2891571,"1",
"980000",9947,"5",2891571,"1",
"980070",9947,"1",2891571,"1",
"980070",9947,"2",2891571,"1",
"980070",9947,"3",2891571,"1",
"980070",9947,"4",2891571,"1",
"980070",9947,"5",2891571,"1",
"900030",9947,"1",2891572,"1",
"900030",9947,"2",2891572,"1",
"900030",9947,"3",2891572,"1",
"900030",9947,"4",2891572,"1",
"900030",9947,"5",2891572,"1",
"980000",9947,"1",2891572,"1",
"980000",9947,"2",2891572,"1",
"980000",9947,"3",2891572,"1",
"980000",9947,"4",2891572,"1",
"980000",9947,"5",2891572,"1",
"980070",9947,"1",2891572,"1",
"980070",9947,"2",2891572,"1",
"980070",9947,"3",2891572,"1",
"980070",9947,"4",2891572,"1",
"980070",9947,"5",2891572,"1",
"900030",34534,"1",2891581,"1",
"900030",34534,"2",2891581,"1",
"900030",34534,"3",2891581,"1",
"900030",34534,"4",2891581,"1",
"900030",34534,"5",2891581,"1",
"900170",33600,"1",2891581,"1",
"900170",33600,"2",2891581,"1",
"900170",33600,"3",2891581,"1",
"900170",33600,"4",2891581,"1",
"900170",33600,"5",2891581,"1",
"900180",300,"1",2891581,"1",
"900180",300,"2",2891581,"1",
"900180",300,"3",2891581,"1",
"900180",300,"4",2891581,"1",
"900180",300,"5",2891581,"1",
"980000",68434,"1",2891581,"1",
"980000",68434,"2",2891581,"1",
"980000",68434,"3",2891581,"1",
"980000",68434,"4",2891581,"1",
"980000",68434,"5",2891581,"1",
"980070",73434,"1",2891581,"1",
"980070",73434,"2",2891581,"1",
"980070",73434,"3",2891581,"1",
"980070",73434,"4",2891581,"1",
"980070",73434,"5",2891581,"1",
"900030",34534,"1",2891582,"1",
"900030",34534,"2",2891582,"1",
"900030",34534,"3",2891582,"1",
"900030",34534,"4",2891582,"1",
"900030",34534,"5",2891582,"1",
"900170",33600,"1",2891582,"1",
"900170",33600,"2",2891582,"1",
"900170",33600,"3",2891582,"1",
"900170",33600,"4",2891582,"1",
"900170",33600,"5",2891582,"1",
"900180",300,"1",2891582,"1",
"900180",300,"2",2891582,"1",
"900180",300,"3",2891582,"1",
"900180",300,"4",2891582,"1",
"900180",300,"5",2891582,"1",
"980000",68434,"1",2891582,"1",
"980000",68434,"2",2891582,"1",
"980000",68434,"3",2891582,"1",
"980000",68434,"4",2891582,"1",
"980000",68434,"5",2891582,"1",
"980070",73434,"1",2891582,"1",
"980070",73434,"2",2891582,"1",
"980070",73434,"3",2891582,"1",
"980070",73434,"4",2891582,"1",
"980070",73434,"5",2891582,"1",
"900000",108225,"1",2891601,"1",
"900000",90243,"2",2891601,"1",
"900000",94070,"3",2891601,"1",
"900000",101410,"4",2891601,"1",
"900000",92714,"5",2891601,"1",
"980000",108225,"1",2891601,"1",
"980000",90243,"2",2891601,"1",
"980000",94070,"3",2891601,"1",
"980000",101410,"4",2891601,"1",
"980000",92714,"5",2891601,"1",
"980070",109425,"1",2891601,"1",
"980070",91443,"2",2891601,"1",
"980070",95270,"3",2891601,"1",
"980070",102610,"4",2891601,"1",
"980070",93914,"5",2891601,"1",
"900000",104395,"1",2891602,"1",
"900000",92468,"2",2891602,"1",
"900000",107776,"3",2891602,"1",
"900000",102010,"4",2891602,"1",
"900000",94940,"5",2891602,"1",
"980000",104395,"1",2891602,"1",
"980000",92468,"2",2891602,"1",
"980000",107776,"3",2891602,"1",
"980000",102010,"4",2891602,"1",
"980000",94940,"5",2891602,"1",
"980070",105595,"1",2891602,"1",
"980070",93668,"2",2891602,"1",
"980070",108976,"3",2891602,"1",
"980070",103210,"4",2891602,"1",
"980070",96140,"5",2891602,"1",
"900160",5000,"1",2891621,"1",
"900160",5000,"2",2891621,"1",
"900160",5000,"3",2891621,"1",
"900160",5000,"4",2891621,"1",
"900160",5000,"5",2891621,"1",
"980000",5000,"1",2891621,"1",
"980000",5000,"2",2891621,"1",
"980000",5000,"3",2891621,"1",
"980000",5000,"4",2891621,"1",
"980000",5000,"5",2891621,"1",
"980070",5000,"1",2891621,"1",
"980070",5000,"2",2891621,"1",
"980070",5000,"3",2891621,"1",
"980070",5000,"4",2891621,"1",
"980070",5000,"5",2891621,"1",
"900160",5000,"1",2891622,"1",
"900160",5000,"2",2891622,"1",
"900160",5000,"3",2891622,"1",
"900160",5000,"4",2891622,"1",
"900160",5000,"5",2891622,"1",
"980000",5000,"1",2891622,"1",
"980000",5000,"2",2891622,"1",
"980000",5000,"3",2891622,"1",
"980000",5000,"4",2891622,"1",
"980000",5000,"5",2891622,"1",
"980070",5000,"1",2891622,"1",
"980070",5000,"2",2891622,"1",
"980070",5000,"3",2891622,"1",
"980070",5000,"4",2891622,"1",
"980070",5000,"5",2891622,"1",
"900000",120000,"1",2891641,"1",
"900000",120000,"2",2891641,"1",
"900000",120000,"3",2891641,"1",
"900000",120000,"4",2891641,"1",
"900000",120000,"5",2891641,"1",
"900180",45,"1",2891641,"1",
"900180",101,"2",2891641,"1",
"900180",481,"3",2891641,"1",
"900180",62,"4",2891641,"1",
"900180",85,"5",2891641,"1",
"980000",120045,"1",2891641,"1",
"980000",120101,"2",2891641,"1",
"980000",120481,"3",2891641,"1",
"980000",120062,"4",2891641,"1",
"980000",120085,"5",2891641,"1",
"980070",120395,"1",2891641,"1",
"980070",120451,"2",2891641,"1",
"980070",120831,"3",2891641,"1",
"980070",120412,"4",2891641,"1",
"980070",120435,"5",2891641,"1",
"900000",120000,"1",2891642,"1",
"900000",120000,"2",2891642,"1",
"900000",120000,"3",2891642,"1",
"900000",120000,"4",2891642,"1",
"900000",120000,"5",2891642,"1",
"900180",75,"1",2891642,"1",
"900180",84,"2",2891642,"1",
"900180",30,"3",2891642,"1",
"900180",53,"4",2891642,"1",
"900180",19,"5",2891642,"1",
"980000",120075,"1",2891642,"1",
"980000",120084,"2",2891642,"1",
"980000",120030,"3",2891642,"1",
"980000",120053,"4",2891642,"1",
"980000",120019,"5",2891642,"1",
"980070",120425,"1",2891642,"1",
"980070",120434,"2",2891642,"1",
"980070",120380,"3",2891642,"1",
"980070",120403,"4",2891642,"1",
"980070",120369,"5",2891642,"1",
"900000",64054,"1",2891711,"1",
"900000",60096,"2",2891711,"1",
"900000",65726,"3",2891711,"1",
"900000",64748,"4",2891711,"1",
"900000",55229,"5",2891711,"1",
"980000",64054,"1",2891711,"1",
"980000",60096,"2",2891711,"1",
"980000",65726,"3",2891711,"1",
"980000",64748,"4",2891711,"1",
"980000",55229,"5",2891711,"1",
"980070",64054,"1",2891711,"1",
"980070",60096,"2",2891711,"1",
"980070",65726,"3",2891711,"1",
"980070",64748,"4",2891711,"1",
"980070",55229,"5",2891711,"1",
"900000",58321,"1",2891712,"1",
"900000",59265,"2",2891712,"1",
"900000",51451,"3",2891712,"1",
"900000",55780,"4",2891712,"1",
"900000",68003,"5",2891712,"1",
"980000",58321,"1",2891712,"1",
"980000",59265,"2",2891712,"1",
"980000",51451,"3",2891712,"1",
"980000",55780,"4",2891712,"1",
"980000",68003,"5",2891712,"1",
"980070",58321,"1",2891712,"1",
"980070",59265,"2",2891712,"1",
"980070",51451,"3",2891712,"1",
"980070",55780,"4",2891712,"1",
"980070",68003,"5",2891712,"1",
"900000",14007,"1",2891721,"1",
"900000",20451,"2",2891721,"1",
"900000",12017,"3",2891721,"1",
"900000",18586,"4",2891721,"1",
"900000",12893,"5",2891721,"1",
"900160",4384,"1",2891721,"1",
"900160",24228,"2",2891721,"1",
"900160",3061,"3",2891721,"1",
"900160",-2184,"4",2891721,"1",
"900160",10203,"5",2891721,"1",
"980000",18391,"1",2891721,"1",
"980000",44679,"2",2891721,"1",
"980000",15078,"3",2891721,"1",
"980000",16402,"4",2891721,"1",
"980000",23096,"5",2891721,"1",
"980070",18391,"1",2891721,"1",
"980070",44679,"2",2891721,"1",
"980070",15078,"3",2891721,"1",
"980070",16402,"4",2891721,"1",
"980070",23096,"5",2891721,"1",
"900000",5179,"1",2891722,"1",
"900000",1535,"2",2891722,"1",
"900000",17620,"3",2891722,"1",
"900000",10536,"4",2891722,"1",
"900000",7853,"5",2891722,"1",
"900160",10206,"1",2891722,"1",
"900160",2192,"2",2891722,"1",
"900160",55996,"3",2891722,"1",
"900160",18507,"4",2891722,"1",
"900160",612,"5",2891722,"1",
"980000",15385,"1",2891722,"1",
"980000",3727,"2",2891722,"1",
"980000",73616,"3",2891722,"1",
"980000",29043,"4",2891722,"1",
"980000",8465,"5",2891722,"1",
"980070",15385,"1",2891722,"1",
"980070",3727,"2",2891722,"1",
"980070",73616,"3",2891722,"1",
"980070",29043,"4",2891722,"1",
"980070",8465,"5",2891722,"1",
"900030",28606,"1",2891731,"1",
"900030",28606,"2",2891731,"1",
"900030",28606,"3",2891731,"1",
"900030",28606,"4",2891731,"1",
"900030",28606,"5",2891731,"1",
"900090",750,"1",2891731,"1",
"900090",750,"2",2891731,"1",
"900090",750,"3",2891731,"1",
"900090",750,"4",2891731,"1",
"900090",750,"5",2891731,"1",
"980000",29356,"1",2891731,"1",
"980000",29356,"2",2891731,"1",
"980000",29356,"3",2891731,"1",
"980000",29356,"4",2891731,"1",
"980000",29356,"5",2891731,"1",
"980070",29356,"1",2891731,"1",
"980070",29356,"2",2891731,"1",
"980070",29356,"3",2891731,"1",
"980070",29356,"4",2891731,"1",
"980070",29356,"5",2891731,"1",
"900030",28606,"1",2891732,"1",
"900030",28606,"2",2891732,"1",
"900030",28606,"3",2891732,"1",
"900030",28606,"4",2891732,"1",
"900030",28606,"5",2891732,"1",
"900090",750,"1",2891732,"1",
"900090",750,"2",2891732,"1",
"900090",750,"3",2891732,"1",
"900090",750,"4",2891732,"1",
"900090",750,"5",2891732,"1",
"980000",29356,"1",2891732,"1",
"980000",29356,"2",2891732,"1",
"980000",29356,"3",2891732,"1",
"980000",29356,"4",2891732,"1",
"980000",29356,"5",2891732,"1",
"980070",29356,"1",2891732,"1",
"980070",29356,"2",2891732,"1",
"980070",29356,"3",2891732,"1",
"980070",29356,"4",2891732,"1",
"980070",29356,"5",2891732,"1",
"900030",38458,"1",2891741,"1",
"900030",36370,"2",2891741,"1",
"900030",36046,"3",2891741,"1",
"900030",38938,"4",2891741,"1",
"900030",36646,"5",2891741,"1",
"980000",38458,"1",2891741,"1",
"980000",36370,"2",2891741,"1",
"980000",36046,"3",2891741,"1",
"980000",38938,"4",2891741,"1",
"980000",36646,"5",2891741,"1",
"980070",38458,"1",2891741,"1",
"980070",36370,"2",2891741,"1",
"980070",36046,"3",2891741,"1",
"980070",38938,"4",2891741,"1",
"980070",36646,"5",2891741,"1",
"900030",39982,"1",2891742,"1",
"900030",38902,"2",2891742,"1",
"900030",36478,"3",2891742,"1",
"900030",38830,"4",2891742,"1",
"900030",37870,"5",2891742,"1",
"980000",39982,"1",2891742,"1",
"980000",38902,"2",2891742,"1",
"980000",36478,"3",2891742,"1",
"980000",38830,"4",2891742,"1",
"980000",37870,"5",2891742,"1",
"980070",39982,"1",2891742,"1",
"980070",38902,"2",2891742,"1",
"980070",36478,"3",2891742,"1",
"980070",38830,"4",2891742,"1",
"980070",37870,"5",2891742,"1",
"900000",33280,"1",2891751,"1",
"900000",33280,"2",2891751,"1",
"900000",33280,"3",2891751,"1",
"900000",33280,"4",2891751,"1",
"900000",33280,"5",2891751,"1",
"980000",33280,"1",2891751,"1",
"980000",33280,"2",2891751,"1",
"980000",33280,"3",2891751,"1",
"980000",33280,"4",2891751,"1",
"980000",33280,"5",2891751,"1",
"980070",33280,"1",2891751,"1",
"980070",33280,"2",2891751,"1",
"980070",33280,"3",2891751,"1",
"980070",33280,"4",2891751,"1",
"980070",33280,"5",2891751,"1",
"900000",33280,"1",2891752,"1",
"900000",33280,"2",2891752,"1",
"900000",33280,"3",2891752,"1",
"900000",33280,"4",2891752,"1",
"900000",33280,"5",2891752,"1",
"980000",33280,"1",2891752,"1",
"980000",33280,"2",2891752,"1",
"980000",33280,"3",2891752,"1",
"980000",33280,"4",2891752,"1",
"980000",33280,"5",2891752,"1",
"980070",33280,"1",2891752,"1",
"980070",33280,"2",2891752,"1",
"980070",33280,"3",2891752,"1",
"980070",33280,"4",2891752,"1",
"980070",33280,"5",2891752,"1",
"900000",43000,"1",2891781,"1",
"900000",43000,"2",2891781,"1",
"900000",43000,"3",2891781,"1",
"900000",43000,"4",2891781,"1",
"900000",43000,"5",2891781,"1",
"900180",7,"1",2891781,"1",
"900180",7,"2",2891781,"1",
"900180",7,"3",2891781,"1",
"900180",7,"4",2891781,"1",
"900180",7,"5",2891781,"1",
"950002",5000,"1",2891781,"1",
"950002",5000,"2",2891781,"1",
"950002",5000,"3",2891781,"1",
"950002",5000,"4",2891781,"1",
"950002",5000,"5",2891781,"1",
"950012",2200,"1",2891781,"1",
"950012",2200,"2",2891781,"1",
"950012",2200,"3",2891781,"1",
"950012",2200,"4",2891781,"1",
"950012",2200,"5",2891781,"1",
"980000",43007,"1",2891781,"1",
"980000",43007,"2",2891781,"1",
"980000",43007,"3",2891781,"1",
"980000",43007,"4",2891781,"1",
"980000",43007,"5",2891781,"1",
"980070",37466,"1",2891781,"1",
"980070",37466,"2",2891781,"1",
"980070",37466,"3",2891781,"1",
"980070",37466,"4",2891781,"1",
"980070",37466,"5",2891781,"1",
"900000",43000,"1",2891782,"1",
"900000",43000,"2",2891782,"1",
"900000",43000,"3",2891782,"1",
"900000",43000,"4",2891782,"1",
"900000",43000,"5",2891782,"1",
"900180",7,"1",2891782,"1",
"900180",7,"2",2891782,"1",
"900180",7,"3",2891782,"1",
"900180",7,"4",2891782,"1",
"900180",7,"5",2891782,"1",
"950002",5000,"1",2891782,"1",
"950002",5000,"2",2891782,"1",
"950002",5000,"3",2891782,"1",
"950002",5000,"4",2891782,"1",
"950002",5000,"5",2891782,"1",
"950012",2200,"1",2891782,"1",
"950012",2200,"2",2891782,"1",
"950012",2200,"3",2891782,"1",
"950012",2200,"4",2891782,"1",
"950012",2200,"5",2891782,"1",
"980000",43007,"1",2891782,"1",
"980000",43007,"2",2891782,"1",
"980000",43007,"3",2891782,"1",
"980000",43007,"4",2891782,"1",
"980000",43007,"5",2891782,"1",
"980070",37466,"1",2891782,"1",
"980070",37466,"2",2891782,"1",
"980070",37466,"3",2891782,"1",
"980070",37466,"4",2891782,"1",
"980070",37466,"5",2891782,"1",
"900000",1820,"1",2891801,"1",
"900000",1820,"2",2891801,"1",
"900000",1820,"3",2891801,"1",
"900000",1820,"4",2891801,"1",
"900000",1820,"5",2891801,"1",
"900030",7859,"1",2891801,"1",
"900030",7859,"2",2891801,"1",
"900030",7859,"3",2891801,"1",
"900030",7859,"4",2891801,"1",
"900030",7859,"5",2891801,"1",
"980000",9679,"1",2891801,"1",
"980000",9679,"2",2891801,"1",
"980000",9679,"3",2891801,"1",
"980000",9679,"4",2891801,"1",
"980000",9679,"5",2891801,"1",
"980070",9679,"1",2891801,"1",
"980070",9679,"2",2891801,"1",
"980070",9679,"3",2891801,"1",
"980070",9679,"4",2891801,"1",
"980070",9679,"5",2891801,"1",
"900000",1820,"1",2891802,"1",
"900000",1820,"2",2891802,"1",
"900000",1820,"3",2891802,"1",
"900000",1820,"4",2891802,"1",
"900000",1820,"5",2891802,"1",
"900030",7859,"1",2891802,"1",
"900030",7859,"2",2891802,"1",
"900030",7859,"3",2891802,"1",
"900030",7859,"4",2891802,"1",
"900030",7859,"5",2891802,"1",
"980000",9679,"1",2891802,"1",
"980000",9679,"2",2891802,"1",
"980000",9679,"3",2891802,"1",
"980000",9679,"4",2891802,"1",
"980000",9679,"5",2891802,"1",
"980070",9679,"1",2891802,"1",
"980070",9679,"2",2891802,"1",
"980070",9679,"3",2891802,"1",
"980070",9679,"4",2891802,"1",
"980070",9679,"5",2891802,"1",
"900000",34000,"1",2891811,"1",
"900000",34000,"2",2891811,"1",
"900000",34000,"3",2891811,"1",
"900000",34000,"4",2891811,"1",
"900000",34000,"5",2891811,"1",
"980000",34000,"1",2891811,"1",
"980000",34000,"2",2891811,"1",
"980000",34000,"3",2891811,"1",
"980000",34000,"4",2891811,"1",
"980000",34000,"5",2891811,"1",
"980070",35300,"1",2891811,"1",
"980070",35300,"2",2891811,"1",
"980070",35300,"3",2891811,"1",
"980070",35300,"4",2891811,"1",
"980070",35300,"5",2891811,"1",
"900000",34000,"1",2891812,"1",
"900000",34000,"2",2891812,"1",
"900000",34000,"3",2891812,"1",
"900000",34000,"4",2891812,"1",
"900000",34000,"5",2891812,"1",
"980000",34000,"1",2891812,"1",
"980000",34000,"2",2891812,"1",
"980000",34000,"3",2891812,"1",
"980000",34000,"4",2891812,"1",
"980000",34000,"5",2891812,"1",
"980070",35300,"1",2891812,"1",
"980070",35300,"2",2891812,"1",
"980070",35300,"3",2891812,"1",
"980070",35300,"4",2891812,"1",
"980070",35300,"5",2891812,"1",
"800940",4546,"1",2891821,"1",
"800940",4880,"2",2891821,"1",
"800940",2145,"3",2891821,"1",
"800940",6409,"4",2891821,"1",
"800940",848,"5",2891821,"1",
"900000",79000,"1",2891821,"1",
"900000",79000,"2",2891821,"1",
"900000",79000,"3",2891821,"1",
"900000",79000,"4",2891821,"1",
"900000",79000,"5",2891821,"1",
"900160",16210,"1",2891821,"1",
"900160",18398,"2",2891821,"1",
"900160",517,"3",2891821,"1",
"900160",28387,"4",2891821,"1",
"900160",-7957,"5",2891821,"1",
"980000",95210,"1",2891821,"1",
"980000",97398,"2",2891821,"1",
"980000",79517,"3",2891821,"1",
"980000",107387,"4",2891821,"1",
"980000",71043,"5",2891821,"1",
"980070",95210,"1",2891821,"1",
"980070",97398,"2",2891821,"1",
"980070",79517,"3",2891821,"1",
"980070",107387,"4",2891821,"1",
"980070",71043,"5",2891821,"1",
"800940",10967,"1",2891822,"1","T"
"800940",10967,"2",2891822,"1","T"
"800940",10967,"3",2891822,"1","T"
"800940",10967,"4",2891822,"1","T"
"800940",10967,"5",2891822,"1","T"
"900000",79000,"1",2891822,"1",
"900000",79000,"2",2891822,"1",
"900000",79000,"3",2891822,"1",
"900000",79000,"4",2891822,"1",
"900000",79000,"5",2891822,"1",
"900160",1653,"1",2891822,"1",
"900160",-4694,"2",2891822,"1",
"900160",5087,"3",2891822,"1",
"900160",5216,"4",2891822,"1",
"900160",102508,"5",2891822,"1",
"980000",80653,"1",2891822,"1",
"980000",74306,"2",2891822,"1",
"980000",84087,"3",2891822,"1",
"980000",84216,"4",2891822,"1",
"980000",181508,"5",2891822,"1",
"980070",80653,"1",2891822,"1",
"980070",74306,"2",2891822,"1",
"980070",84087,"3",2891822,"1",
"980070",84216,"4",2891822,"1",
"980070",181508,"5",2891822,"1",
"900160",18555,"1",2891831,"1",
"900160",79261,"2",2891831,"1",
"900160",84398,"3",2891831,"1",
"900160",27992,"4",2891831,"1",
"900160",31589,"5",2891831,"1",
"980000",18555,"1",2891831,"1",
"980000",79261,"2",2891831,"1",
"980000",84398,"3",2891831,"1",
"980000",27992,"4",2891831,"1",
"980000",31589,"5",2891831,"1",
"980070",18555,"1",2891831,"1",
"980070",79261,"2",2891831,"1",
"980070",84398,"3",2891831,"1",
"980070",27992,"4",2891831,"1",
"980070",31589,"5",2891831,"1",
"900160",184187,"1",2891832,"1",
"900160",82137,"2",2891832,"1",
"900160",62860,"3",2891832,"1",
"900160",73607,"4",2891832,"1",
"900160",57091,"5",2891832,"1",
"980000",184187,"1",2891832,"1",
"980000",82137,"2",2891832,"1",
"980000",62860,"3",2891832,"1",
"980000",73607,"4",2891832,"1",
"980000",57091,"5",2891832,"1",
"980070",184187,"1",2891832,"1",
"980070",82137,"2",2891832,"1",
"980070",62860,"3",2891832,"1",
"980070",73607,"4",2891832,"1",
"980070",57091,"5",2891832,"1",
"900000",10108,"1",2891842,"1",
"900000",10108,"2",2891842,"1",
"900000",10108,"3",2891842,"1",
"900000",10108,"4",2891842,"1",
"900000",10108,"5",2891842,"1",
"900120",2200,"1",2891842,"1",
"900120",2200,"2",2891842,"1",
"900120",2200,"3",2891842,"1",
"900120",2200,"4",2891842,"1",
"900120",2200,"5",2891842,"1",
"900150",625,"1",2891842,"1",
"900150",625,"2",2891842,"1",
"900150",625,"3",2891842,"1",
"900150",625,"4",2891842,"1",
"900150",625,"5",2891842,"1",
"980000",12933,"1",2891842,"1",
"980000",12933,"2",2891842,"1",
"980000",12933,"3",2891842,"1",
"980000",12933,"4",2891842,"1",
"980000",12933,"5",2891842,"1",
"980070",12933,"1",2891842,"1",
"980070",12933,"2",2891842,"1",
"980070",12933,"3",2891842,"1",
"980070",12933,"4",2891842,"1",
"980070",12933,"5",2891842,"1",
"900000",176270,"1",2891851,"1",
"900000",162049,"2",2891851,"1",
"900000",166130,"3",2891851,"1",
"900000",201809,"4",2891851,"1",
"900000",187776,"5",2891851,"1",
"900180",3329,"1",2891851,"1",
"900180",3713,"2",2891851,"1",
"900180",3061,"3",2891851,"1",
"900180",3119,"4",2891851,"1",
"900180",3140,"5",2891851,"1",
"980000",179599,"1",2891851,"1",
"980000",165762,"2",2891851,"1",
"980000",169191,"3",2891851,"1",
"980000",204928,"4",2891851,"1",
"980000",190916,"5",2891851,"1",
"980070",179599,"1",2891851,"1",
"980070",165762,"2",2891851,"1",
"980070",169191,"3",2891851,"1",
"980070",204928,"4",2891851,"1",
"980070",190916,"5",2891851,"1",
"900000",193705,"1",2891852,"1",
"900000",184208,"2",2891852,"1",
"900000",189020,"3",2891852,"1",
"900000",206667,"4",2891852,"1",
"900000",188148,"5",2891852,"1",
"900180",3053,"1",2891852,"1",
"900180",3397,"2",2891852,"1",
"900180",3808,"3",2891852,"1",
"900180",3136,"4",2891852,"1",
"900180",3309,"5",2891852,"1",
"980000",196758,"1",2891852,"1",
"980000",187605,"2",2891852,"1",
"980000",192828,"3",2891852,"1",
"980000",209803,"4",2891852,"1",
"980000",191457,"5",2891852,"1",
"980070",196758,"1",2891852,"1",
"980070",187605,"2",2891852,"1",
"980070",192828,"3",2891852,"1",
"980070",209803,"4",2891852,"1",
"980070",191457,"5",2891852,"1",
"900000",29590,"1",2891862,"1",
"900000",29604,"2",2891862,"1",
"900000",34123,"3",2891862,"1",
"900000",29804,"4",2891862,"1",
"900000",29331,"5",2891862,"1",
"980000",29590,"1",2891862,"1",
"980000",29604,"2",2891862,"1",
"980000",34123,"3",2891862,"1",
"980000",29804,"4",2891862,"1",
"980000",29331,"5",2891862,"1",
"980070",29590,"1",2891862,"1",
"980070",29604,"2",2891862,"1",
"980070",34123,"3",2891862,"1",
"980070",29804,"4",2891862,"1",
"980070",29331,"5",2891862,"1",
"900000",43000,"1",2891891,"1",
"900000",43000,"2",2891891,"1",
"900000",43000,"3",2891891,"1",
"900000",43000,"4",2891891,"1",
"900000",43000,"5",2891891,"1",
"900180",1,"1",2891891,"1",
"900180",1,"2",2891891,"1",
"900180",1,"3",2891891,"1",
"900180",1,"4",2891891,"1",
"900180",1,"5",2891891,"1",
"980000",43001,"1",2891891,"1",
"980000",43001,"2",2891891,"1",
"980000",43001,"3",2891891,"1",
"980000",43001,"4",2891891,"1",
"980000",43001,"5",2891891,"1",
"980070",43901,"1",2891891,"1",
"980070",43901,"2",2891891,"1",
"980070",43901,"3",2891891,"1",
"980070",43901,"4",2891891,"1",
"980070",43901,"5",2891891,"1",
"900000",43000,"1",2891892,"1",
"900000",43000,"2",2891892,"1",
"900000",43000,"3",2891892,"1",
"900000",43000,"4",2891892,"1",
"900000",43000,"5",2891892,"1",
"900180",1,"1",2891892,"1",
"900180",1,"2",2891892,"1",
"900180",1,"3",2891892,"1",
"900180",1,"4",2891892,"1",
"900180",1,"5",2891892,"1",
"980000",43001,"1",2891892,"1",
"980000",43001,"2",2891892,"1",
"980000",43001,"3",2891892,"1",
"980000",43001,"4",2891892,"1",
"980000",43001,"5",2891892,"1",
"980070",43901,"1",2891892,"1",
"980070",43901,"2",2891892,"1",
"980070",43901,"3",2891892,"1",
"980070",43901,"4",2891892,"1",
"980070",43901,"5",2891892,"1",
"900000",46263,"1",2891901,"1",
"900000",43698,"2",2891901,"1",
"900000",45329,"3",2891901,"1",
"900000",40086,"4",2891901,"1",
"900000",40717,"5",2891901,"1",
"980000",46263,"1",2891901,"1",
"980000",43698,"2",2891901,"1",
"980000",45329,"3",2891901,"1",
"980000",40086,"4",2891901,"1",
"980000",40717,"5",2891901,"1",
"980070",46263,"1",2891901,"1",
"980070",43698,"2",2891901,"1",
"980070",45329,"3",2891901,"1",
"980070",40086,"4",2891901,"1",
"980070",40717,"5",2891901,"1",
"900000",43686,"1",2891902,"1",
"900000",43916,"2",2891902,"1",
"900000",47329,"3",2891902,"1",
"900000",45766,"4",2891902,"1",
"900000",49876,"5",2891902,"1",
"980000",43686,"1",2891902,"1",
"980000",43916,"2",2891902,"1",
"980000",47329,"3",2891902,"1",
"980000",45766,"4",2891902,"1",
"980000",49876,"5",2891902,"1",
"980070",43686,"1",2891902,"1",
"980070",43916,"2",2891902,"1",
"980070",47329,"3",2891902,"1",
"980070",45766,"4",2891902,"1",
"980070",49876,"5",2891902,"1",
"800940",10967,"1",2891931,"1","T"
"800940",10967,"2",2891931,"1","T"
"800940",10967,"3",2891931,"1","T"
"800940",10967,"4",2891931,"1","T"
"800940",10967,"5",2891931,"1","T"
"900000",25000,"1",2891931,"1",
"900000",25000,"2",2891931,"1",
"900000",25000,"3",2891931,"1",
"900000",25000,"4",2891931,"1",
"900000",25000,"5",2891931,"1",
"900160",20448,"1",2891931,"1",
"900160",77927,"2",2891931,"1",
"900160",21050,"3",2891931,"1",
"900160",16706,"4",2891931,"1",
"900160",15381,"5",2891931,"1",
"980000",45448,"1",2891931,"1",
"980000",102927,"2",2891931,"1",
"980000",46050,"3",2891931,"1",
"980000",41706,"4",2891931,"1",
"980000",40381,"5",2891931,"1",
"980070",45448,"1",2891931,"1",
"980070",102927,"2",2891931,"1",
"980070",46050,"3",2891931,"1",
"980070",41706,"4",2891931,"1",
"980070",40381,"5",2891931,"1",
"800940",10967,"1",2891932,"1","T"
"800940",10967,"2",2891932,"1","T"
"800940",10967,"3",2891932,"1","T"
"800940",10967,"4",2891932,"1","T"
"800940",10967,"5",2891932,"1","T"
"900000",25000,"1",2891932,"1",
"900000",25000,"2",2891932,"1",
"900000",25000,"3",2891932,"1",
"900000",25000,"4",2891932,"1",
"900000",25000,"5",2891932,"1",
"900160",5506,"1",2891932,"1",
"900160",55053,"2",2891932,"1",
"900160",12242,"3",2891932,"1",
"900160",48816,"4",2891932,"1",
"900160",49495,"5",2891932,"1",
"980000",30506,"1",2891932,"1",
"980000",80053,"2",2891932,"1",
"980000",37242,"3",2891932,"1",
"980000",73816,"4",2891932,"1",
"980000",74495,"5",2891932,"1",
"980070",30506,"1",2891932,"1",
"980070",80053,"2",2891932,"1",
"980070",37242,"3",2891932,"1",
"980070",73816,"4",2891932,"1",
"980070",74495,"5",2891932,"1",
"900000",62660,"1",2891941,"1",
"900000",64577,"2",2891941,"1",
"900000",62365,"3",2891941,"1",
"900000",61295,"4",2891941,"1",
"900000",63696,"5",2891941,"1",
"980000",62660,"1",2891941,"1",
"980000",64577,"2",2891941,"1",
"980000",62365,"3",2891941,"1",
"980000",61295,"4",2891941,"1",
"980000",63696,"5",2891941,"1",
"980070",69460,"1",2891941,"1",
"980070",71377,"2",2891941,"1",
"980070",69165,"3",2891941,"1",
"980070",68095,"4",2891941,"1",
"980070",70496,"5",2891941,"1",
"900000",64708,"1",2891942,"1",
"900000",60199,"2",2891942,"1",
"900000",60144,"3",2891942,"1",
"900000",62067,"4",2891942,"1",
"900000",60064,"5",2891942,"1",
"980000",64708,"1",2891942,"1",
"980000",60199,"2",2891942,"1",
"980000",60144,"3",2891942,"1",
"980000",62067,"4",2891942,"1",
"980000",60064,"5",2891942,"1",
"980070",71508,"1",2891942,"1",
"980070",66999,"2",2891942,"1",
"980070",66944,"3",2891942,"1",
"980070",68867,"4",2891942,"1",
"980070",66864,"5",2891942,"1",
"900030",17039,"1",2891961,"1",
"900030",17039,"2",2891961,"1",
"900030",17039,"3",2891961,"1",
"900030",17039,"4",2891961,"1",
"900030",17039,"5",2891961,"1",
"900170",600,"1",2891961,"1",
"900170",600,"2",2891961,"1",
"900170",600,"3",2891961,"1",
"900170",600,"4",2891961,"1",
"900170",600,"5",2891961,"1",
"980000",17639,"1",2891961,"1",
"980000",17639,"2",2891961,"1",
"980000",17639,"3",2891961,"1",
"980000",17639,"4",2891961,"1",
"980000",17639,"5",2891961,"1",
"980070",17639,"1",2891961,"1",
"980070",17639,"2",2891961,"1",
"980070",17639,"3",2891961,"1",
"980070",17639,"4",2891961,"1",
"980070",17639,"5",2891961,"1",
"900030",17039,"1",2891962,"1",
"900030",17039,"2",2891962,"1",
"900030",17039,"3",2891962,"1",
"900030",17039,"4",2891962,"1",
"900030",17039,"5",2891962,"1",
"900170",600,"1",2891962,"1",
"900170",600,"2",2891962,"1",
"900170",600,"3",2891962,"1",
"900170",600,"4",2891962,"1",
"900170",600,"5",2891962,"1",
"980000",17639,"1",2891962,"1",
"980000",17639,"2",2891962,"1",
"980000",17639,"3",2891962,"1",
"980000",17639,"4",2891962,"1",
"980000",17639,"5",2891962,"1",
"980070",17639,"1",2891962,"1",
"980070",17639,"2",2891962,"1",
"980070",17639,"3",2891962,"1",
"980070",17639,"4",2891962,"1",
"980070",17639,"5",2891962,"1",
"900030",30778,"1",2891971,"1",
"900030",30778,"2",2891971,"1",
"900030",30778,"3",2891971,"1",
"900030",30778,"4",2891971,"1",
"900030",30778,"5",2891971,"1",
"900170",23172,"1",2891971,"1",
"900170",23172,"2",2891971,"1",
"900170",23172,"3",2891971,"1",
"900170",23172,"4",2891971,"1",
"900170",23172,"5",2891971,"1",
"900180",300,"1",2891971,"1",
"900180",300,"2",2891971,"1",
"900180",300,"3",2891971,"1",
"900180",300,"4",2891971,"1",
"900180",300,"5",2891971,"1",
"980000",54250,"1",2891971,"1",
"980000",54250,"2",2891971,"1",
"980000",54250,"3",2891971,"1",
"980000",54250,"4",2891971,"1",
"980000",54250,"5",2891971,"1",
"980070",54658,"1",2891971,"1",
"980070",54658,"2",2891971,"1",
"980070",54658,"3",2891971,"1",
"980070",54658,"4",2891971,"1",
"980070",54658,"5",2891971,"1",
"900030",30778,"1",2891972,"1",
"900030",30778,"2",2891972,"1",
"900030",30778,"3",2891972,"1",
"900030",30778,"4",2891972,"1",
"900030",30778,"5",2891972,"1",
"900170",23172,"1",2891972,"1",
"900170",23172,"2",2891972,"1",
"900170",23172,"3",2891972,"1",
"900170",23172,"4",2891972,"1",
"900170",23172,"5",2891972,"1",
"900180",300,"1",2891972,"1",
"900180",300,"2",2891972,"1",
"900180",300,"3",2891972,"1",
"900180",300,"4",2891972,"1",
"900180",300,"5",2891972,"1",
"980000",54250,"1",2891972,"1",
"980000",54250,"2",2891972,"1",
"980000",54250,"3",2891972,"1",
"980000",54250,"4",2891972,"1",
"980000",54250,"5",2891972,"1",
"980070",54658,"1",2891972,"1",
"980070",54658,"2",2891972,"1",
"980070",54658,"3",2891972,"1",
"980070",54658,"4",2891972,"1",
"980070",54658,"5",2891972,"1",
"900000",37749,"1",2891991,"1",
"900000",33332,"2",2891991,"1",
"900000",33146,"3",2891991,"1",
"900000",33372,"4",2891991,"1",
"900000",36628,"5",2891991,"1",
"980000",37749,"1",2891991,"1",
"980000",33332,"2",2891991,"1",
"980000",33146,"3",2891991,"1",
"980000",33372,"4",2891991,"1",
"980000",36628,"5",2891991,"1",
"980070",41249,"1",2891991,"1",
"980070",36832,"2",2891991,"1",
"980070",36646,"3",2891991,"1",
"980070",36872,"4",2891991,"1",
"980070",40128,"5",2891991,"1",
"900000",34173,"1",2891992,"1",
"900000",34652,"2",2891992,"1",
"900000",33350,"3",2891992,"1",
"900000",39944,"4",2891992,"1",
"900000",32957,"5",2891992,"1",
"980000",34173,"1",2891992,"1",
"980000",34652,"2",2891992,"1",
"980000",33350,"3",2891992,"1",
"980000",39944,"4",2891992,"1",
"980000",32957,"5",2891992,"1",
"980070",37673,"1",2891992,"1",
"980070",38152,"2",2891992,"1",
"980070",36850,"3",2891992,"1",
"980070",43444,"4",2891992,"1",
"980070",36457,"5",2891992,"1",
"900000",13382,"1",2892011,"1",
"900000",12749,"2",2892011,"1",
"900000",16626,"3",2892011,"1",
"900000",13205,"4",2892011,"1",
"900000",13390,"5",2892011,"1",
"900160",62047,"1",2892011,"1",
"900160",40684,"2",2892011,"1",
"900160",21467,"3",2892011,"1",
"900160",8193,"4",2892011,"1",
"900160",5506,"5",2892011,"1",
"900180",10692,"1",2892011,"1",
"900180",1500,"2",2892011,"1",
"900180",45,"3",2892011,"1",
"900180",1021,"4",2892011,"1",
"900180",2055,"5",2892011,"1",
"980000",86121,"1",2892011,"1",
"980000",54933,"2",2892011,"1",
"980000",38138,"3",2892011,"1",
"980000",22419,"4",2892011,"1",
"980000",20951,"5",2892011,"1",
"980070",85521,"1",2892011,"1",
"980070",54333,"2",2892011,"1",
"980070",37538,"3",2892011,"1",
"980070",21819,"4",2892011,"1",
"980070",20351,"5",2892011,"1",
"900000",15877,"1",2892012,"1",
"900000",13910,"2",2892012,"1",
"900000",14282,"3",2892012,"1",
"900000",12231,"4",2892012,"1",
"900000",12231,"5",2892012,"1",
"900160",50313,"1",2892012,"1",
"900160",43677,"2",2892012,"1",
"900160",51595,"3",2892012,"1",
"900160",8985,"4",2892012,"1",
"900160",14877,"5",2892012,"1",
"900180",2088,"1",2892012,"1",
"900180",72,"2",2892012,"1",
"900180",2431,"3",2892012,"1",
"900180",11,"4",2892012,"1",
"900180",9,"5",2892012,"1",
"980000",68278,"1",2892012,"1",
"980000",57659,"2",2892012,"1",
"980000",68308,"3",2892012,"1",
"980000",21227,"4",2892012,"1",
"980000",27117,"5",2892012,"1",
"980070",67678,"1",2892012,"1",
"980070",57059,"2",2892012,"1",
"980070",67708,"3",2892012,"1",
"980070",20627,"4",2892012,"1",
"980070",26517,"5",2892012,"1",
"900030",3863,"1",2892031,"1",
"900030",3863,"2",2892031,"1",
"900030",3863,"3",2892031,"1",
"900030",3863,"4",2892031,"1",
"900030",3863,"5",2892031,"1",
"900180",38657,"1",2892031,"1","T"
"900180",38657,"2",2892031,"1","T"
"900180",38657,"3",2892031,"1","T"
"900180",38657,"4",2892031,"1","T"
"900180",38657,"5",2892031,"1","T"
"980000",42520,"1",2892031,"1","T"
"980000",42520,"2",2892031,"1","T"
"980000",42520,"3",2892031,"1","T"
"980000",42520,"4",2892031,"1","T"
"980000",42520,"5",2892031,"1","T"
"980070",42920,"1",2892031,"1","T"
"980070",42920,"2",2892031,"1","T"
"980070",42920,"3",2892031,"1","T"
"980070",42920,"4",2892031,"1","T"
"980070",42920,"5",2892031,"1","T"
"900030",3863,"1",2892032,"1",
"900030",3863,"2",2892032,"1",
"900030",3863,"3",2892032,"1",
"900030",3863,"4",2892032,"1",
"900030",3863,"5",2892032,"1",
"900180",302,"1",2892032,"1",
"900180",12257,"2",2892032,"1",
"900180",2,"3",2892032,"1",
"900180",11120,"4",2892032,"1",
"900180",1023,"5",2892032,"1",
"980000",4165,"1",2892032,"1",
"980000",16120,"2",2892032,"1",
"980000",3865,"3",2892032,"1",
"980000",14983,"4",2892032,"1",
"980000",4886,"5",2892032,"1",
"980070",4565,"1",2892032,"1",
"980070",16520,"2",2892032,"1",
"980070",4265,"3",2892032,"1",
"980070",15383,"4",2892032,"1",
"980070",5286,"5",2892032,"1",
"900000",51074,"1",2892121,"1",
"900000",60999,"2",2892121,"1",
"900000",25156,"3",2892121,"1",
"900000",1654,"4",2892121,"1",
"900000",40000,"5",2892121,"1",
"980000",51074,"1",2892121,"1",
"980000",60999,"2",2892121,"1",
"980000",25156,"3",2892121,"1",
"980000",1654,"4",2892121,"1",
"980000",40000,"5",2892121,"1",
"980070",51074,"1",2892121,"1",
"980070",60999,"2",2892121,"1",
"980070",25156,"3",2892121,"1",
"980070",1654,"4",2892121,"1",
"980070",40000,"5",2892121,"1",
"900000",32974,"1",2892122,"1",
"900000",10202,"2",2892122,"1",
"900000",76610,"3",2892122,"1",
"900000",58999,"4",2892122,"1",
"900000",44908,"5",2892122,"1",
"980000",32974,"1",2892122,"1",
"980000",10202,"2",2892122,"1",
"980000",76610,"3",2892122,"1",
"980000",58999,"4",2892122,"1",
"980000",44908,"5",2892122,"1",
"980070",32974,"1",2892122,"1",
"980070",10202,"2",2892122,"1",
"980070",76610,"3",2892122,"1",
"980070",58999,"4",2892122,"1",
"980070",44908,"5",2892122,"1",
"900150",6000,"1",2892131,"1",
"900150",6000,"2",2892131,"1",
"900150",6000,"3",2892131,"1",
"900150",6000,"4",2892131,"1",
"900150",6000,"5",2892131,"1",
"900210",550,"1",2892131,"1",
"900210",12040,"2",2892131,"1",
"900210",728,"3",2892131,"1",
"900210",14922,"4",2892131,"1",
"900210",6320,"5",2892131,"1",
"980000",6550,"1",2892131,"1",
"980000",18040,"2",2892131,"1",
"980000",6728,"3",2892131,"1",
"980000",20922,"4",2892131,"1",
"980000",12320,"5",2892131,"1",
"980070",6550,"1",2892131,"1",
"980070",18040,"2",2892131,"1",
"980070",6728,"3",2892131,"1",
"980070",20922,"4",2892131,"1",
"980070",12320,"5",2892131,"1",
"900150",6000,"1",2892132,"1",
"900150",6000,"2",2892132,"1",
"900150",6000,"3",2892132,"1",
"900150",6000,"4",2892132,"1",
"900150",6000,"5",2892132,"1",
"900210",670,"1",2892132,"1",
"900210",1101,"2",2892132,"1",
"900210",3793,"3",2892132,"1",
"900210",1051,"4",2892132,"1",
"900210",4880,"5",2892132,"1",
"980000",6670,"1",2892132,"1",
"980000",7101,"2",2892132,"1",
"980000",9793,"3",2892132,"1",
"980000",7051,"4",2892132,"1",
"980000",10880,"5",2892132,"1",
"980070",6670,"1",2892132,"1",
"980070",7101,"2",2892132,"1",
"980070",9793,"3",2892132,"1",
"980070",7051,"4",2892132,"1",
"980070",10880,"5",2892132,"1",
"900000",80496,"1",2892141,"1",
"900000",78258,"2",2892141,"1",
"900000",77724,"3",2892141,"1",
"900000",79118,"4",2892141,"1",
"900000",80516,"5",2892141,"1",
"980000",80496,"1",2892141,"1",
"980000",78258,"2",2892141,"1",
"980000",77724,"3",2892141,"1",
"980000",79118,"4",2892141,"1",
"980000",80516,"5",2892141,"1",
"980070",82686,"1",2892141,"1",
"980070",80448,"2",2892141,"1",
"980070",79914,"3",2892141,"1",
"980070",81308,"4",2892141,"1",
"980070",82706,"5",2892141,"1",
"900000",80238,"1",2892142,"1",
"900000",79572,"2",2892142,"1",
"900000",81847,"3",2892142,"1",
"900000",79971,"4",2892142,"1",
"900000",80901,"5",2892142,"1",
"980000",80238,"1",2892142,"1",
"980000",79572,"2",2892142,"1",
"980000",81847,"3",2892142,"1",
"980000",79971,"4",2892142,"1",
"980000",80901,"5",2892142,"1",
"980070",82428,"1",2892142,"1",
"980070",81762,"2",2892142,"1",
"980070",84037,"3",2892142,"1",
"980070",82161,"4",2892142,"1",
"980070",83091,"5",2892142,"1",
"900000",12901,"1",2892181,"1",
"900000",1243,"2",2892181,"1",
"900000",2372,"3",2892181,"1",
"900000",424,"4",2892181,"1",
"900000",5111,"5",2892181,"1",
"980000",12901,"1",2892181,"1",
"980000",1243,"2",2892181,"1",
"980000",2372,"3",2892181,"1",
"980000",424,"4",2892181,"1",
"980000",5111,"5",2892181,"1",
"980070",12901,"1",2892181,"1",
"980070",1243,"2",2892181,"1",
"980070",2372,"3",2892181,"1",
"980070",424,"4",2892181,"1",
"980070",5111,"5",2892181,"1",
"900000",5473,"1",2892182,"1",
"900000",4191,"2",2892182,"1",
"900000",2403,"3",2892182,"1",
"900000",4547,"4",2892182,"1",
"900000",7354,"5",2892182,"1",
"980000",5473,"1",2892182,"1",
"980000",4191,"2",2892182,"1",
"980000",2403,"3",2892182,"1",
"980000",4547,"4",2892182,"1",
"980000",7354,"5",2892182,"1",
"980070",5473,"1",2892182,"1",
"980070",4191,"2",2892182,"1",
"980070",2403,"3",2892182,"1",
"980070",4547,"4",2892182,"1",
"980070",7354,"5",2892182,"1",
"900000",205487,"1",2892201,"1","T"
"900000",205487,"2",2892201,"1","T"
"900000",205487,"3",2892201,"1","T"
"900000",205487,"4",2892201,"1","T"
"900000",205487,"5",2892201,"1","T"
"900170",25000,"1",2892201,"1",
"900170",25000,"2",2892201,"1",
"900170",25000,"3",2892201,"1",
"900170",25000,"4",2892201,"1",
"900170",25000,"5",2892201,"1",
"900180",12000,"1",2892201,"1",
"900180",12000,"2",2892201,"1",
"900180",12000,"3",2892201,"1",
"900180",12000,"4",2892201,"1",
"900180",12000,"5",2892201,"1",
"980000",242487,"1",2892201,"1","T"
"980000",242487,"2",2892201,"1","T"
"980000",242487,"3",2892201,"1","T"
"980000",242487,"4",2892201,"1","T"
"980000",242487,"5",2892201,"1","T"
"980070",259184,"1",2892201,"1","T"
"980070",259184,"2",2892201,"1","T"
"980070",259184,"3",2892201,"1","T"
"980070",259184,"4",2892201,"1","T"
"980070",259184,"5",2892201,"1","T"
"900000",205487,"1",2892202,"1","T"
"900000",205487,"2",2892202,"1","T"
"900000",205487,"3",2892202,"1","T"
"900000",205487,"4",2892202,"1","T"
"900000",205487,"5",2892202,"1","T"
"900170",25000,"1",2892202,"1",
"900170",25000,"2",2892202,"1",
"900170",25000,"3",2892202,"1",
"900170",25000,"4",2892202,"1",
"900170",25000,"5",2892202,"1",
"900180",12000,"1",2892202,"1",
"900180",12000,"2",2892202,"1",
"900180",12000,"3",2892202,"1",
"900180",12000,"4",2892202,"1",
"900180",12000,"5",2892202,"1",
"980000",242487,"1",2892202,"1","T"
"980000",242487,"2",2892202,"1","T"
"980000",242487,"3",2892202,"1","T"
"980000",242487,"4",2892202,"1","T"
"980000",242487,"5",2892202,"1","T"
"980070",259184,"1",2892202,"1","T"
"980070",259184,"2",2892202,"1","T"
"980070",259184,"3",2892202,"1","T"
"980070",259184,"4",2892202,"1","T"
"980070",259184,"5",2892202,"1","T"
"900000",52110,"1",2892211,"1",
"900000",52110,"2",2892211,"1",
"900000",52110,"3",2892211,"1",
"900000",52110,"4",2892211,"1",
"900000",52110,"5",2892211,"1",
"900190",1,"1",2892211,"1",
"900190",1,"2",2892211,"1",
"900190",1,"3",2892211,"1",
"900190",1,"4",2892211,"1",
"900190",1,"5",2892211,"1",
"980000",52111,"1",2892211,"1",
"980000",52111,"2",2892211,"1",
"980000",52111,"3",2892211,"1",
"980000",52111,"4",2892211,"1",
"980000",52111,"5",2892211,"1",
"980070",57911,"1",2892211,"1",
"980070",57911,"2",2892211,"1",
"980070",57911,"3",2892211,"1",
"980070",57911,"4",2892211,"1",
"980070",57911,"5",2892211,"1",
"900000",52110,"1",2892212,"1",
"900000",52110,"2",2892212,"1",
"900000",52110,"3",2892212,"1",
"900000",52110,"4",2892212,"1",
"900000",52110,"5",2892212,"1",
"900190",1,"1",2892212,"1",
"900190",1,"2",2892212,"1",
"900190",1,"3",2892212,"1",
"900190",1,"4",2892212,"1",
"900190",1,"5",2892212,"1",
"980000",52111,"1",2892212,"1",
"980000",52111,"2",2892212,"1",
"980000",52111,"3",2892212,"1",
"980000",52111,"4",2892212,"1",
"980000",52111,"5",2892212,"1",
"980070",57911,"1",2892212,"1",
"980070",57911,"2",2892212,"1",
"980070",57911,"3",2892212,"1",
"980070",57911,"4",2892212,"1",
"980070",57911,"5",2892212,"1",
"900030",15227,"1",2892221,"1",
"900030",15227,"2",2892221,"1",
"900030",15227,"3",2892221,"1",
"900030",15227,"4",2892221,"1",
"900030",15227,"5",2892221,"1",
"980000",15227,"1",2892221,"1",
"980000",15227,"2",2892221,"1",
"980000",15227,"3",2892221,"1",
"980000",15227,"4",2892221,"1",
"980000",15227,"5",2892221,"1",
"980070",15227,"1",2892221,"1",
"980070",15227,"2",2892221,"1",
"980070",15227,"3",2892221,"1",
"980070",15227,"4",2892221,"1",
"980070",15227,"5",2892221,"1",
"900030",15227,"1",2892222,"1",
"900030",15227,"2",2892222,"1",
"900030",15227,"3",2892222,"1",
"900030",15227,"4",2892222,"1",
"900030",15227,"5",2892222,"1",
"980000",15227,"1",2892222,"1",
"980000",15227,"2",2892222,"1",
"980000",15227,"3",2892222,"1",
"980000",15227,"4",2892222,"1",
"980000",15227,"5",2892222,"1",
"980070",15227,"1",2892222,"1",
"980070",15227,"2",2892222,"1",
"980070",15227,"3",2892222,"1",
"980070",15227,"4",2892222,"1",
"980070",15227,"5",2892222,"1",
"900000",63799,"1",2892231,"1",
"900000",51543,"2",2892231,"1",
"900000",52343,"3",2892231,"1",
"900000",54991,"4",2892231,"1",
"900000",61852,"5",2892231,"1",
"980000",63799,"1",2892231,"1",
"980000",51543,"2",2892231,"1",
"980000",52343,"3",2892231,"1",
"980000",54991,"4",2892231,"1",
"980000",61852,"5",2892231,"1",
"980070",70799,"1",2892231,"1",
"980070",58543,"2",2892231,"1",
"980070",59343,"3",2892231,"1",
"980070",61991,"4",2892231,"1",
"980070",68852,"5",2892231,"1",
"900000",65361,"1",2892232,"1",
"900000",56407,"2",2892232,"1",
"900000",56641,"3",2892232,"1",
"900000",69530,"4",2892232,"1",
"900000",56117,"5",2892232,"1",
"980000",65361,"1",2892232,"1",
"980000",56407,"2",2892232,"1",
"980000",56641,"3",2892232,"1",
"980000",69530,"4",2892232,"1",
"980000",56117,"5",2892232,"1",
"980070",72361,"1",2892232,"1",
"980070",63407,"2",2892232,"1",
"980070",63641,"3",2892232,"1",
"980070",76530,"4",2892232,"1",
"980070",63117,"5",2892232,"1",
"900000",24853,"1",2892261,"1",
"900000",16360,"2",2892261,"1",
"900000",41444,"3",2892261,"1",
"900000",47352,"4",2892261,"1",
"900000",71607,"5",2892261,"1",
"980000",24853,"1",2892261,"1",
"980000",16360,"2",2892261,"1",
"980000",41444,"3",2892261,"1",
"980000",47352,"4",2892261,"1",
"980000",71607,"5",2892261,"1",
"980070",24853,"1",2892261,"1",
"980070",16360,"2",2892261,"1",
"980070",41444,"3",2892261,"1",
"980070",47352,"4",2892261,"1",
"980070",71607,"5",2892261,"1",
"900000",63285,"1",2892262,"1",
"900000",35219,"2",2892262,"1",
"900000",42851,"3",2892262,"1",
"900000",83986,"4",2892262,"1",
"900000",115489,"5",2892262,"1",
"980000",63285,"1",2892262,"1",
"980000",35219,"2",2892262,"1",
"980000",42851,"3",2892262,"1",
"980000",83986,"4",2892262,"1",
"980000",115489,"5",2892262,"1",
"980070",63285,"1",2892262,"1",
"980070",35219,"2",2892262,"1",
"980070",42851,"3",2892262,"1",
"980070",83986,"4",2892262,"1",
"980070",115489,"5",2892262,"1",
"900000",652,"1",2892271,"1",
"900000",4649,"2",2892271,"1",
"900000",1307,"3",2892271,"1",
"900000",730,"4",2892271,"1",
"900000",815,"5",2892271,"1",
"900030",13259,"1",2892271,"1",
"900030",13259,"2",2892271,"1",
"900030",13259,"3",2892271,"1",
"900030",13259,"4",2892271,"1",
"900030",13259,"5",2892271,"1",
"980000",13911,"1",2892271,"1",
"980000",17908,"2",2892271,"1",
"980000",14566,"3",2892271,"1",
"980000",13989,"4",2892271,"1",
"980000",14074,"5",2892271,"1",
"980070",13911,"1",2892271,"1",
"980070",17908,"2",2892271,"1",
"980070",14566,"3",2892271,"1",
"980070",13989,"4",2892271,"1",
"980070",14074,"5",2892271,"1",
"900000",841,"1",2892272,"1",
"900000",2505,"2",2892272,"1",
"900000",690,"3",2892272,"1",
"900000",3562,"4",2892272,"1",
"900000",2830,"5",2892272,"1",
"900030",13259,"1",2892272,"1",
"900030",13259,"2",2892272,"1",
"900030",13259,"3",2892272,"1",
"900030",13259,"4",2892272,"1",
"900030",13259,"5",2892272,"1",
"980000",14100,"1",2892272,"1",
"980000",15764,"2",2892272,"1",
"980000",13949,"3",2892272,"1",
"980000",16821,"4",2892272,"1",
"980000",16089,"5",2892272,"1",
"980070",14100,"1",2892272,"1",
"980070",15764,"2",2892272,"1",
"980070",13949,"3",2892272,"1",
"980070",16821,"4",2892272,"1",
"980070",16089,"5",2892272,"1",
"900000",11359,"1",2892281,"1",
"900000",62973,"2",2892281,"1",
"900000",40659,"3",2892281,"1",
"900000",59887,"4",2892281,"1",
"900000",16858,"5",2892281,"1",
"980000",11359,"1",2892281,"1",
"980000",62973,"2",2892281,"1",
"980000",40659,"3",2892281,"1",
"980000",59887,"4",2892281,"1",
"980000",16858,"5",2892281,"1",
"980070",11359,"1",2892281,"1",
"980070",62973,"2",2892281,"1",
"980070",40659,"3",2892281,"1",
"980070",59887,"4",2892281,"1",
"980070",16858,"5",2892281,"1",
"900000",25912,"1",2892282,"1",
"900000",38797,"2",2892282,"1",
"900000",6100,"3",2892282,"1",
"900000",66099,"4",2892282,"1",
"900000",101648,"5",2892282,"1",
"980000",25912,"1",2892282,"1",
"980000",38797,"2",2892282,"1",
"980000",6100,"3",2892282,"1",
"980000",66099,"4",2892282,"1",
"980000",101648,"5",2892282,"1",
"980070",25912,"1",2892282,"1",
"980070",38797,"2",2892282,"1",
"980070",6100,"3",2892282,"1",
"980070",66099,"4",2892282,"1",
"980070",101648,"5",2892282,"1",
"900000",81000,"1",2892291,"1",
"900000",81000,"2",2892291,"1",
"900000",81000,"3",2892291,"1",
"900000",81000,"4",2892291,"1",
"900000",81000,"5",2892291,"1",
"980000",81000,"1",2892291,"1",
"980000",81000,"2",2892291,"1",
"980000",81000,"3",2892291,"1",
"980000",81000,"4",2892291,"1",
"980000",81000,"5",2892291,"1",
"980070",82400,"1",2892291,"1",
"980070",82400,"2",2892291,"1",
"980070",82400,"3",2892291,"1",
"980070",82400,"4",2892291,"1",
"980070",82400,"5",2892291,"1",
"900000",26000,"1",2892301,"1",
"900000",26000,"2",2892301,"1",
"900000",26000,"3",2892301,"1",
"900000",26000,"4",2892301,"1",
"900000",26000,"5",2892301,"1",
"900180",42,"1",2892301,"1",
"900180",13,"2",2892301,"1",
"900180",66,"3",2892301,"1",
"900180",66,"4",2892301,"1",
"900180",37,"5",2892301,"1",
"980000",26042,"1",2892301,"1",
"980000",26013,"2",2892301,"1",
"980000",26066,"3",2892301,"1",
"980000",26066,"4",2892301,"1",
"980000",26037,"5",2892301,"1",
"980070",34642,"1",2892301,"1",
"980070",34613,"2",2892301,"1",
"980070",34666,"3",2892301,"1",
"980070",34666,"4",2892301,"1",
"980070",34637,"5",2892301,"1",
"900000",26000,"1",2892302,"1",
"900000",26000,"2",2892302,"1",
"900000",26000,"3",2892302,"1",
"900000",26000,"4",2892302,"1",
"900000",26000,"5",2892302,"1",
"900180",2,"1",2892302,"1",
"900180",23,"2",2892302,"1",
"900180",12,"3",2892302,"1",
"900180",53,"4",2892302,"1",
"900180",50,"5",2892302,"1",
"980000",26002,"1",2892302,"1",
"980000",26023,"2",2892302,"1",
"980000",26012,"3",2892302,"1",
"980000",26053,"4",2892302,"1",
"980000",26050,"5",2892302,"1",
"980070",34602,"1",2892302,"1",
"980070",34623,"2",2892302,"1",
"980070",34612,"3",2892302,"1",
"980070",34653,"4",2892302,"1",
"980070",34650,"5",2892302,"1",
"900000",96944,"1",2892312,"1",
"900000",50363,"2",2892312,"1",
"900000",27846,"3",2892312,"1",
"900000",82086,"4",2892312,"1",
"900000",39306,"5",2892312,"1",
"980000",96944,"1",2892312,"1",
"980000",50363,"2",2892312,"1",
"980000",27846,"3",2892312,"1",
"980000",82086,"4",2892312,"1",
"980000",39306,"5",2892312,"1",
"980070",96944,"1",2892312,"1",
"980070",50363,"2",2892312,"1",
"980070",27846,"3",2892312,"1",
"980070",82086,"4",2892312,"1",
"980070",39306,"5",2892312,"1",
"900000",19645,"1",2892331,"1",
"900000",36074,"2",2892331,"1",
"900000",38260,"3",2892331,"1",
"900000",16218,"4",2892331,"1",
"900000",33906,"5",2892331,"1",
"900030",16271,"1",2892331,"1",
"900030",11639,"2",2892331,"1",
"900030",17183,"3",2892331,"1",
"900030",4979,"4",2892331,"1",
"900030",10619,"5",2892331,"1",
"980000",35916,"1",2892331,"1",
"980000",47713,"2",2892331,"1",
"980000",55443,"3",2892331,"1",
"980000",21197,"4",2892331,"1",
"980000",44525,"5",2892331,"1",
"980070",35916,"1",2892331,"1",
"980070",47713,"2",2892331,"1",
"980070",55443,"3",2892331,"1",
"980070",21197,"4",2892331,"1",
"980070",44525,"5",2892331,"1",
"900000",36139,"1",2892332,"1",
"900000",49742,"2",2892332,"1",
"900000",15167,"3",2892332,"1",
"900000",22213,"4",2892332,"1",
"900000",19017,"5",2892332,"1",
"900030",22535,"1",2892332,"1",
"900030",17363,"2",2892332,"1",
"900030",7403,"3",2892332,"1",
"900030",18599,"4",2892332,"1",
"900030",2879,"5",2892332,"1",
"980000",58674,"1",2892332,"1",
"980000",67105,"2",2892332,"1",
"980000",22570,"3",2892332,"1",
"980000",40812,"4",2892332,"1",
"980000",21896,"5",2892332,"1",
"980070",58674,"1",2892332,"1",
"980070",67105,"2",2892332,"1",
"980070",22570,"3",2892332,"1",
"980070",40812,"4",2892332,"1",
"980070",21896,"5",2892332,"1",
"900000",96782,"1",2892341,"1",
"900000",48033,"2",2892341,"1",
"900000",56912,"3",2892341,"1",
"900000",77688,"4",2892341,"1",
"900000",27470,"5",2892341,"1",
"980000",96782,"1",2892341,"1",
"980000",48033,"2",2892341,"1",
"980000",56912,"3",2892341,"1",
"980000",77688,"4",2892341,"1",
"980000",27470,"5",2892341,"1",
"980070",96782,"1",2892341,"1",
"980070",48033,"2",2892341,"1",
"980070",56912,"3",2892341,"1",
"980070",77688,"4",2892341,"1",
"980070",27470,"5",2892341,"1",
"900000",108244,"1",2892342,"1",
"900000",117353,"2",2892342,"1",
"900000",77028,"3",2892342,"1",
"900000",183693,"4",2892342,"1",
"900000",122392,"5",2892342,"1",
"980000",108244,"1",2892342,"1",
"980000",117353,"2",2892342,"1",
"980000",77028,"3",2892342,"1",
"980000",183693,"4",2892342,"1",
"980000",122392,"5",2892342,"1",
"980070",108244,"1",2892342,"1",
"980070",117353,"2",2892342,"1",
"980070",77028,"3",2892342,"1",
"980070",183693,"4",2892342,"1",
"980070",122392,"5",2892342,"1",
"900000",54000,"1",2892351,"1",
"900000",54000,"2",2892351,"1",
"900000",54000,"3",2892351,"1",
"900000",54000,"4",2892351,"1",
"900000",54000,"5",2892351,"1",
"950002",4552,"1",2892351,"1",
"950002",4552,"2",2892351,"1",
"950002",4552,"3",2892351,"1",
"950002",4552,"4",2892351,"1",
"950002",4552,"5",2892351,"1",
"950012",1345,"1",2892351,"1",
"950012",1345,"2",2892351,"1",
"950012",1345,"3",2892351,"1",
"950012",1345,"4",2892351,"1",
"950012",1345,"5",2892351,"1",
"980000",54000,"1",2892351,"1",
"980000",54000,"2",2892351,"1",
"980000",54000,"3",2892351,"1",
"980000",54000,"4",2892351,"1",
"980000",54000,"5",2892351,"1",
"980070",48703,"1",2892351,"1",
"980070",48703,"2",2892351,"1",
"980070",48703,"3",2892351,"1",
"980070",48703,"4",2892351,"1",
"980070",48703,"5",2892351,"1",
"900000",54000,"1",2892352,"1",
"900000",54000,"2",2892352,"1",
"900000",54000,"3",2892352,"1",
"900000",54000,"4",2892352,"1",
"900000",54000,"5",2892352,"1",
"950002",4552,"1",2892352,"1",
"950002",4552,"2",2892352,"1",
"950002",4552,"3",2892352,"1",
"950002",4552,"4",2892352,"1",
"950002",4552,"5",2892352,"1",
"950012",1345,"1",2892352,"1",
"950012",1345,"2",2892352,"1",
"950012",1345,"3",2892352,"1",
"950012",1345,"4",2892352,"1",
"950012",1345,"5",2892352,"1",
"980000",54000,"1",2892352,"1",
"980000",54000,"2",2892352,"1",
"980000",54000,"3",2892352,"1",
"980000",54000,"4",2892352,"1",
"980000",54000,"5",2892352,"1",
"980070",48703,"1",2892352,"1",
"980070",48703,"2",2892352,"1",
"980070",48703,"3",2892352,"1",
"980070",48703,"4",2892352,"1",
"980070",48703,"5",2892352,"1",
"900030",15179,"1",2892361,"1",
"900030",15179,"2",2892361,"1",
"900030",15179,"3",2892361,"1",
"900030",15179,"4",2892361,"1",
"900030",15179,"5",2892361,"1",
"900170",13900,"1",2892361,"1",
"900170",13900,"2",2892361,"1",
"900170",13900,"3",2892361,"1",
"900170",13900,"4",2892361,"1",
"900170",13900,"5",2892361,"1",
"980000",29079,"1",2892361,"1",
"980000",29079,"2",2892361,"1",
"980000",29079,"3",2892361,"1",
"980000",29079,"4",2892361,"1",
"980000",29079,"5",2892361,"1",
"980070",29377,"1",2892361,"1",
"980070",29377,"2",2892361,"1",
"980070",29377,"3",2892361,"1",
"980070",29377,"4",2892361,"1",
"980070",29377,"5",2892361,"1",
"900030",15179,"1",2892362,"1",
"900030",15179,"2",2892362,"1",
"900030",15179,"3",2892362,"1",
"900030",15179,"4",2892362,"1",
"900030",15179,"5",2892362,"1",
"900170",13900,"1",2892362,"1",
"900170",13900,"2",2892362,"1",
"900170",13900,"3",2892362,"1",
"900170",13900,"4",2892362,"1",
"900170",13900,"5",2892362,"1",
"980000",29079,"1",2892362,"1",
"980000",29079,"2",2892362,"1",
"980000",29079,"3",2892362,"1",
"980000",29079,"4",2892362,"1",
"980000",29079,"5",2892362,"1",
"980070",29377,"1",2892362,"1",
"980070",29377,"2",2892362,"1",
"980070",29377,"3",2892362,"1",
"980070",29377,"4",2892362,"1",
"980070",29377,"5",2892362,"1",
"800940",0,"1",2892371,"1",
"800940",1036,"2",2892371,"1",
"800940",1201,"3",2892371,"1",
"800940",1861,"4",2892371,"1",
"800940",1061,"5",2892371,"1",
"900000",5700,"1",2892371,"1",
"900000",5700,"2",2892371,"1",
"900000",5700,"3",2892371,"1",
"900000",5700,"4",2892371,"1",
"900000",5700,"5",2892371,"1",
"900030",41770,"1",2892371,"1",
"900030",41770,"2",2892371,"1",
"900030",41770,"3",2892371,"1",
"900030",41770,"4",2892371,"1",
"900030",41770,"5",2892371,"1",
"900160",-8706,"1",2892371,"1",
"900160",3924,"2",2892371,"1",
"900160",5000,"3",2892371,"1",
"900160",9312,"4",2892371,"1",
"900160",4087,"5",2892371,"1",
"900170",6444,"1",2892371,"1",
"900170",6444,"2",2892371,"1",
"900170",6444,"3",2892371,"1",
"900170",6444,"4",2892371,"1",
"900170",6444,"5",2892371,"1",
"900180",6,"1",2892371,"1",
"900180",6,"2",2892371,"1",
"900180",6,"3",2892371,"1",
"900180",6,"4",2892371,"1",
"900180",6,"5",2892371,"1",
"980000",45214,"1",2892371,"1",
"980000",57844,"2",2892371,"1",
"980000",58920,"3",2892371,"1",
"980000",63232,"4",2892371,"1",
"980000",58007,"5",2892371,"1",
"980070",47914,"1",2892371,"1",
"980070",60544,"2",2892371,"1",
"980070",61620,"3",2892371,"1",
"980070",65932,"4",2892371,"1",
"980070",60707,"5",2892371,"1",
"800940",1770,"1",2892372,"1",
"800940",2770,"2",2892372,"1",
"800940",2405,"3",2892372,"1",
"800940",1056,"4",2892372,"1",
"800940",5802,"5",2892372,"1",
"900000",5700,"1",2892372,"1",
"900000",5700,"2",2892372,"1",
"900000",5700,"3",2892372,"1",
"900000",5700,"4",2892372,"1",
"900000",5700,"5",2892372,"1",
"900030",41770,"1",2892372,"1",
"900030",41770,"2",2892372,"1",
"900030",41770,"3",2892372,"1",
"900030",41770,"4",2892372,"1",
"900030",41770,"5",2892372,"1",
"900160",8718,"1",2892372,"1",
"900160",15257,"2",2892372,"1",
"900160",12868,"3",2892372,"1",
"900160",4051,"4",2892372,"1",
"900160",35073,"5",2892372,"1",
"900170",6444,"1",2892372,"1",
"900170",6444,"2",2892372,"1",
"900170",6444,"3",2892372,"1",
"900170",6444,"4",2892372,"1",
"900170",6444,"5",2892372,"1",
"900180",6,"1",2892372,"1",
"900180",6,"2",2892372,"1",
"900180",6,"3",2892372,"1",
"900180",6,"4",2892372,"1",
"900180",6,"5",2892372,"1",
"980000",62638,"1",2892372,"1",
"980000",69177,"2",2892372,"1",
"980000",66788,"3",2892372,"1",
"980000",57971,"4",2892372,"1",
"980000",88993,"5",2892372,"1",
"980070",65338,"1",2892372,"1",
"980070",71877,"2",2892372,"1",
"980070",69488,"3",2892372,"1",
"980070",60671,"4",2892372,"1",
"980070",91693,"5",2892372,"1",
"900000",13000,"1",2892401,"1",
"900000",13000,"2",2892401,"1",
"900000",13000,"3",2892401,"1",
"900000",13000,"4",2892401,"1",
"900000",13000,"5",2892401,"1",
"900030",10619,"1",2892401,"1",
"900030",10619,"2",2892401,"1",
"900030",10619,"3",2892401,"1",
"900030",10619,"4",2892401,"1",
"900030",10619,"5",2892401,"1",
"980000",23619,"1",2892401,"1",
"980000",23619,"2",2892401,"1",
"980000",23619,"3",2892401,"1",
"980000",23619,"4",2892401,"1",
"980000",23619,"5",2892401,"1",
"980070",23619,"1",2892401,"1",
"980070",23619,"2",2892401,"1",
"980070",23619,"3",2892401,"1",
"980070",23619,"4",2892401,"1",
"980070",23619,"5",2892401,"1",
"900000",13000,"1",2892402,"1",
"900000",13000,"2",2892402,"1",
"900000",13000,"3",2892402,"1",
"900000",13000,"4",2892402,"1",
"900000",13000,"5",2892402,"1",
"900030",10619,"1",2892402,"1",
"900030",10619,"2",2892402,"1",
"900030",10619,"3",2892402,"1",
"900030",10619,"4",2892402,"1",
"900030",10619,"5",2892402,"1",
"980000",23619,"1",2892402,"1",
"980000",23619,"2",2892402,"1",
"980000",23619,"3",2892402,"1",
"980000",23619,"4",2892402,"1",
"980000",23619,"5",2892402,"1",
"980070",23619,"1",2892402,"1",
"980070",23619,"2",2892402,"1",
"980070",23619,"3",2892402,"1",
"980070",23619,"4",2892402,"1",
"980070",23619,"5",2892402,"1",
"900000",90296,"1",2892411,"1",
"900000",86721,"2",2892411,"1",
"900000",86233,"3",2892411,"1",
"900000",95841,"4",2892411,"1",
"900000",82425,"5",2892411,"1",
"980000",90296,"1",2892411,"1",
"980000",86721,"2",2892411,"1",
"980000",86233,"3",2892411,"1",
"980000",95841,"4",2892411,"1",
"980000",82425,"5",2892411,"1",
"980070",90296,"1",2892411,"1",
"980070",86721,"2",2892411,"1",
"980070",86233,"3",2892411,"1",
"980070",95841,"4",2892411,"1",
"980070",82425,"5",2892411,"1",
"900000",97876,"1",2892412,"1",
"900000",88602,"2",2892412,"1",
"900000",83937,"3",2892412,"1",
"900000",85849,"4",2892412,"1",
"900000",88603,"5",2892412,"1",
"980000",97876,"1",2892412,"1",
"980000",88602,"2",2892412,"1",
"980000",83937,"3",2892412,"1",
"980000",85849,"4",2892412,"1",
"980000",88603,"5",2892412,"1",
"980070",97876,"1",2892412,"1",
"980070",88602,"2",2892412,"1",
"980070",83937,"3",2892412,"1",
"980070",85849,"4",2892412,"1",
"980070",88603,"5",2892412,"1",
"900030",18575,"1",2892421,"1",
"900030",18575,"2",2892421,"1",
"900030",18575,"3",2892421,"1",
"900030",18575,"4",2892421,"1",
"900030",18575,"5",2892421,"1",
"900170",1597,"1",2892421,"1",
"900170",643,"2",2892421,"1",
"900170",18671,"3",2892421,"1",
"900170",1321,"4",2892421,"1",
"900170",26172,"5",2892421,"1",
"900180",1,"1",2892421,"1",
"900180",1,"2",2892421,"1",
"900180",102,"3",2892421,"1",
"900180",10,"4",2892421,"1",
"900180",4070,"5",2892421,"1",
"980000",20173,"1",2892421,"1",
"980000",19219,"2",2892421,"1",
"980000",37348,"3",2892421,"1",
"980000",19906,"4",2892421,"1",
"980000",48817,"5",2892421,"1",
"980070",12188,"1",2892421,"1",
"980070",11234,"2",2892421,"1",
"980070",29363,"3",2892421,"1",
"980070",11921,"4",2892421,"1",
"980070",40832,"5",2892421,"1",
"900030",18575,"1",2892422,"1",
"900030",18575,"2",2892422,"1",
"900030",18575,"3",2892422,"1",
"900030",18575,"4",2892422,"1",
"900030",18575,"5",2892422,"1",
"900170",15484,"1",2892422,"1",
"900170",395,"2",2892422,"1",
"900170",2477,"3",2892422,"1",
"900170",29,"4",2892422,"1",
"900170",10979,"5",2892422,"1",
"900180",1585,"1",2892422,"1",
"900180",10232,"2",2892422,"1",
"900180",23,"3",2892422,"1",
"900180",1,"4",2892422,"1",
"900180",8664,"5",2892422,"1",
"980000",35644,"1",2892422,"1",
"980000",29202,"2",2892422,"1",
"980000",21075,"3",2892422,"1",
"980000",18605,"4",2892422,"1",
"980000",38218,"5",2892422,"1",
"980070",27659,"1",2892422,"1",
"980070",21217,"2",2892422,"1",
"980070",13090,"3",2892422,"1",
"980070",10620,"4",2892422,"1",
"980070",30233,"5",2892422,"1",
"900000",22700,"1",2892471,"1",
"900000",22700,"2",2892471,"1",
"900000",22700,"3",2892471,"1",
"900000",22700,"4",2892471,"1",
"900000",22700,"5",2892471,"1",
"900030",19223,"1",2892471,"1",
"900030",19223,"2",2892471,"1",
"900030",19223,"3",2892471,"1",
"900030",19223,"4",2892471,"1",
"900030",19223,"5",2892471,"1",
"950002",1994,"1",2892471,"1",
"950002",1994,"2",2892471,"1",
"950002",1994,"3",2892471,"1",
"950002",1994,"4",2892471,"1",
"950002",1994,"5",2892471,"1",
"950012",1033,"1",2892471,"1",
"950012",1033,"2",2892471,"1",
"950012",1033,"3",2892471,"1",
"950012",1033,"4",2892471,"1",
"950012",1033,"5",2892471,"1",
"980000",41923,"1",2892471,"1",
"980000",41923,"2",2892471,"1",
"980000",41923,"3",2892471,"1",
"980000",41923,"4",2892471,"1",
"980000",41923,"5",2892471,"1",
"980070",40896,"1",2892471,"1",
"980070",40896,"2",2892471,"1",
"980070",40896,"3",2892471,"1",
"980070",40896,"4",2892471,"1",
"980070",40896,"5",2892471,"1",
"900000",22700,"1",2892472,"1",
"900000",22700,"2",2892472,"1",
"900000",22700,"3",2892472,"1",
"900000",22700,"4",2892472,"1",
"900000",22700,"5",2892472,"1",
"900030",19223,"1",2892472,"1",
"900030",19223,"2",2892472,"1",
"900030",19223,"3",2892472,"1",
"900030",19223,"4",2892472,"1",
"900030",19223,"5",2892472,"1",
"950002",1994,"1",2892472,"1",
"950002",1994,"2",2892472,"1",
"950002",1994,"3",2892472,"1",
"950002",1994,"4",2892472,"1",
"950002",1994,"5",2892472,"1",
"950012",1033,"1",2892472,"1",
"950012",1033,"2",2892472,"1",
"950012",1033,"3",2892472,"1",
"950012",1033,"4",2892472,"1",
"950012",1033,"5",2892472,"1",
"980000",41923,"1",2892472,"1",
"980000",41923,"2",2892472,"1",
"980000",41923,"3",2892472,"1",
"980000",41923,"4",2892472,"1",
"980000",41923,"5",2892472,"1",
"980070",40896,"1",2892472,"1",
"980070",40896,"2",2892472,"1",
"980070",40896,"3",2892472,"1",
"980070",40896,"4",2892472,"1",
"980070",40896,"5",2892472,"1",
"900000",66942,"1",2892481,"1",
"900000",138973,"2",2892481,"1",
"900000",109486,"3",2892481,"1",
"900000",83887,"4",2892481,"1",
"900000",63902,"5",2892481,"1",
"980000",66942,"1",2892481,"1",
"980000",138973,"2",2892481,"1",
"980000",109486,"3",2892481,"1",
"980000",83887,"4",2892481,"1",
"980000",63902,"5",2892481,"1",
"980070",66942,"1",2892481,"1",
"980070",138973,"2",2892481,"1",
"980070",109486,"3",2892481,"1",
"980070",83887,"4",2892481,"1",
"980070",63902,"5",2892481,"1",
"900000",33851,"1",2892482,"1",
"900000",137340,"2",2892482,"1",
"900000",94974,"3",2892482,"1",
"900000",79951,"4",2892482,"1",
"900000",112925,"5",2892482,"1",
"980000",33851,"1",2892482,"1",
"980000",137340,"2",2892482,"1",
"980000",94974,"3",2892482,"1",
"980000",79951,"4",2892482,"1",
"980000",112925,"5",2892482,"1",
"980070",33851,"1",2892482,"1",
"980070",137340,"2",2892482,"1",
"980070",94974,"3",2892482,"1",
"980070",79951,"4",2892482,"1",
"980070",112925,"5",2892482,"1",
"900000",431300,"1",2892491,"1","T"
"900000",431300,"2",2892491,"1","T"
"900000",431300,"3",2892491,"1","T"
"900000",431300,"4",2892491,"1","T"
"900000",431300,"5",2892491,"1","T"
"980000",431300,"1",2892491,"1","T"
"980000",431300,"2",2892491,"1","T"
"980000",431300,"3",2892491,"1","T"
"980000",431300,"4",2892491,"1","T"
"980000",431300,"5",2892491,"1","T"
"980070",431300,"1",2892491,"1","T"
"980070",431300,"2",2892491,"1","T"
"980070",431300,"3",2892491,"1","T"
"980070",431300,"4",2892491,"1","T"
"980070",431300,"5",2892491,"1","T"
"900000",112398,"1",2892492,"1",
"900000",151162,"2",2892492,"1",
"900000",162737,"3",2892492,"1",
"900000",216146,"4",2892492,"1",
"900000",168393,"5",2892492,"1",
"980000",112398,"1",2892492,"1",
"980000",151162,"2",2892492,"1",
"980000",162737,"3",2892492,"1",
"980000",216146,"4",2892492,"1",
"980000",168393,"5",2892492,"1",
"980070",112398,"1",2892492,"1",
"980070",151162,"2",2892492,"1",
"980070",162737,"3",2892492,"1",
"980070",216146,"4",2892492,"1",
"980070",168393,"5",2892492,"1",
"900030",19440,"1",2892501,"1",
"900030",7056,"2",2892501,"1",
"900030",11064,"3",2892501,"1",
"900030",9660,"4",2892501,"1",
"900030",8460,"5",2892501,"1",
"900170",606,"1",2892501,"1",
"900170",1294,"2",2892501,"1",
"900170",838,"3",2892501,"1",
"900170",52273,"4",2892501,"1",
"900170",4072,"5",2892501,"1",
"980000",20046,"1",2892501,"1",
"980000",8350,"2",2892501,"1",
"980000",11902,"3",2892501,"1",
"980000",61933,"4",2892501,"1",
"980000",12532,"5",2892501,"1",
"980070",20046,"1",2892501,"1",
"980070",8350,"2",2892501,"1",
"980070",11902,"3",2892501,"1",
"980070",61933,"4",2892501,"1",
"980070",12532,"5",2892501,"1",
"900030",24732,"1",2892502,"1",
"900030",20676,"2",2892502,"1",
"900030",12984,"3",2892502,"1",
"900030",17148,"4",2892502,"1",
"900030",11448,"5",2892502,"1",
"900170",3032,"1",2892502,"1",
"900170",5258,"2",2892502,"1",
"900170",1472,"3",2892502,"1",
"900170",58730,"4",2892502,"1",
"900170",6110,"5",2892502,"1",
"900190",813,"1",2892502,"1",
"900190",640,"2",2892502,"1",
"900190",5543,"3",2892502,"1",
"900190",8179,"4",2892502,"1",
"900190",766,"5",2892502,"1",
"980000",28577,"1",2892502,"1",
"980000",26574,"2",2892502,"1",
"980000",19999,"3",2892502,"1",
"980000",84057,"4",2892502,"1",
"980000",18324,"5",2892502,"1",
"980070",28577,"1",2892502,"1",
"980070",26574,"2",2892502,"1",
"980070",19999,"3",2892502,"1",
"980070",84057,"4",2892502,"1",
"980070",18324,"5",2892502,"1",
"900000",23292,"1",2892511,"1",
"900000",2344,"2",2892511,"1",
"900000",54456,"3",2892511,"1",
"900000",33222,"4",2892511,"1",
"900000",60590,"5",2892511,"1",
"980000",23292,"1",2892511,"1",
"980000",2344,"2",2892511,"1",
"980000",54456,"3",2892511,"1",
"980000",33222,"4",2892511,"1",
"980000",60590,"5",2892511,"1",
"980070",23292,"1",2892511,"1",
"980070",2344,"2",2892511,"1",
"980070",54456,"3",2892511,"1",
"980070",33222,"4",2892511,"1",
"980070",60590,"5",2892511,"1",
"900000",24138,"1",2892512,"1",
"900000",32585,"2",2892512,"1",
"900000",25439,"3",2892512,"1",
"900000",67078,"4",2892512,"1",
"900000",35455,"5",2892512,"1",
"980000",24138,"1",2892512,"1",
"980000",32585,"2",2892512,"1",
"980000",25439,"3",2892512,"1",
"980000",67078,"4",2892512,"1",
"980000",35455,"5",2892512,"1",
"980070",24138,"1",2892512,"1",
"980070",32585,"2",2892512,"1",
"980070",25439,"3",2892512,"1",
"980070",67078,"4",2892512,"1",
"980070",35455,"5",2892512,"1",
"900000",73400,"1",2892521,"1",
"900000",73400,"2",2892521,"1",
"900000",73400,"3",2892521,"1",
"900000",73400,"4",2892521,"1",
"900000",73400,"5",2892521,"1",
"980000",73400,"1",2892521,"1",
"980000",73400,"2",2892521,"1",
"980000",73400,"3",2892521,"1",
"980000",73400,"4",2892521,"1",
"980000",73400,"5",2892521,"1",
"980070",73507,"1",2892521,"1",
"980070",73507,"2",2892521,"1",
"980070",73507,"3",2892521,"1",
"980070",73507,"4",2892521,"1",
"980070",73507,"5",2892521,"1",
"900000",73400,"1",2892522,"1",
"900000",73400,"2",2892522,"1",
"900000",73400,"3",2892522,"1",
"900000",73400,"4",2892522,"1",
"900000",73400,"5",2892522,"1",
"980000",73400,"1",2892522,"1",
"980000",73400,"2",2892522,"1",
"980000",73400,"3",2892522,"1",
"980000",73400,"4",2892522,"1",
"980000",73400,"5",2892522,"1",
"980070",73507,"1",2892522,"1",
"980070",73507,"2",2892522,"1",
"980070",73507,"3",2892522,"1",
"980070",73507,"4",2892522,"1",
"980070",73507,"5",2892522,"1",
"900000",16512,"1",2892531,"1",
"900000",16638,"2",2892531,"1",
"900000",15108,"3",2892531,"1",
"900000",18694,"4",2892531,"1",
"900000",18758,"5",2892531,"1",
"900030",15659,"1",2892531,"1",
"900030",15659,"2",2892531,"1",
"900030",15659,"3",2892531,"1",
"900030",15659,"4",2892531,"1",
"900030",15659,"5",2892531,"1",
"900170",545,"1",2892531,"1",
"900170",674,"2",2892531,"1",
"900170",241,"3",2892531,"1",
"900170",79,"4",2892531,"1",
"900170",13,"5",2892531,"1",
"980000",32716,"1",2892531,"1",
"980000",32971,"2",2892531,"1",
"980000",31008,"3",2892531,"1",
"980000",34432,"4",2892531,"1",
"980000",34430,"5",2892531,"1",
"980070",32716,"1",2892531,"1",
"980070",32971,"2",2892531,"1",
"980070",31008,"3",2892531,"1",
"980070",34432,"4",2892531,"1",
"980070",34430,"5",2892531,"1",
"900000",15687,"1",2892532,"1",
"900000",19970,"2",2892532,"1",
"900000",15808,"3",2892532,"1",
"900000",16688,"4",2892532,"1",
"900000",18275,"5",2892532,"1",
"900030",15659,"1",2892532,"1",
"900030",15659,"2",2892532,"1",
"900030",15659,"3",2892532,"1",
"900030",15659,"4",2892532,"1",
"900030",15659,"5",2892532,"1",
"900170",213,"1",2892532,"1",
"900170",302,"2",2892532,"1",
"900170",982,"3",2892532,"1",
"900170",776,"4",2892532,"1",
"900170",861,"5",2892532,"1",
"980000",31559,"1",2892532,"1",
"980000",35931,"2",2892532,"1",
"980000",32449,"3",2892532,"1",
"980000",33123,"4",2892532,"1",
"980000",34795,"5",2892532,"1",
"980070",31559,"1",2892532,"1",
"980070",35931,"2",2892532,"1",
"980070",32449,"3",2892532,"1",
"980070",33123,"4",2892532,"1",
"980070",34795,"5",2892532,"1",
"900000",121431,"1",2892541,"1",
"900000",139338,"2",2892541,"1",
"900000",178420,"3",2892541,"1",
"900000",105231,"4",2892541,"1",
"900000",165919,"5",2892541,"1",
"980000",121431,"1",2892541,"1",
"980000",139338,"2",2892541,"1",
"980000",178420,"3",2892541,"1",
"980000",105231,"4",2892541,"1",
"980000",165919,"5",2892541,"1",
"980070",120981,"1",2892541,"1",
"980070",138888,"2",2892541,"1",
"980070",177970,"3",2892541,"1",
"980070",104781,"4",2892541,"1",
"980070",165469,"5",2892541,"1",
"900000",77706,"1",2892542,"1",
"900000",124721,"2",2892542,"1",
"900000",100935,"3",2892542,"1",
"900000",122774,"4",2892542,"1",
"900000",149532,"5",2892542,"1",
"980000",77706,"1",2892542,"1",
"980000",124721,"2",2892542,"1",
"980000",100935,"3",2892542,"1",
"980000",122774,"4",2892542,"1",
"980000",149532,"5",2892542,"1",
"980070",77256,"1",2892542,"1",
"980070",124271,"2",2892542,"1",
"980070",100485,"3",2892542,"1",
"980070",122324,"4",2892542,"1",
"980070",149082,"5",2892542,"1",
"900000",42000,"1",2892551,"1",
"900000",42000,"2",2892551,"1",
"900000",42000,"3",2892551,"1",
"900000",42000,"4",2892551,"1",
"900000",42000,"5",2892551,"1",
"900160",35000,"1",2892551,"1",
"900160",35000,"2",2892551,"1",
"900160",35000,"3",2892551,"1",
"900160",35000,"4",2892551,"1",
"900160",35000,"5",2892551,"1",
"900180",111,"1",2892551,"1",
"900180",122,"2",2892551,"1",
"900180",65,"3",2892551,"1",
"900180",116,"4",2892551,"1",
"900180",94,"5",2892551,"1",
"980000",77111,"1",2892551,"1",
"980000",77122,"2",2892551,"1",
"980000",77065,"3",2892551,"1",
"980000",77116,"4",2892551,"1",
"980000",77094,"5",2892551,"1",
"980070",77111,"1",2892551,"1",
"980070",77122,"2",2892551,"1",
"980070",77065,"3",2892551,"1",
"980070",77116,"4",2892551,"1",
"980070",77094,"5",2892551,"1",
"900000",42000,"1",2892552,"1",
"900000",42000,"2",2892552,"1",
"900000",42000,"3",2892552,"1",
"900000",42000,"4",2892552,"1",
"900000",42000,"5",2892552,"1",
"900160",35000,"1",2892552,"1",
"900160",35000,"2",2892552,"1",
"900160",35000,"3",2892552,"1",
"900160",35000,"4",2892552,"1",
"900160",35000,"5",2892552,"1",
"900180",468,"1",2892552,"1",
"900180",27,"2",2892552,"1",
"900180",110,"3",2892552,"1",
"900180",86,"4",2892552,"1",
"900180",134,"5",2892552,"1",
"980000",77468,"1",2892552,"1",
"980000",77027,"2",2892552,"1",
"980000",77110,"3",2892552,"1",
"980000",77086,"4",2892552,"1",
"980000",77134,"5",2892552,"1",
"980070",77468,"1",2892552,"1",
"980070",77027,"2",2892552,"1",
"980070",77110,"3",2892552,"1",
"980070",77086,"4",2892552,"1",
"980070",77134,"5",2892552,"1",
"900000",30000,"1",2892561,"1",
"900000",30000,"2",2892561,"1",
"900000",30000,"3",2892561,"1",
"900000",30000,"4",2892561,"1",
"900000",30000,"5",2892561,"1",
"980000",30000,"1",2892561,"1",
"980000",30000,"2",2892561,"1",
"980000",30000,"3",2892561,"1",
"980000",30000,"4",2892561,"1",
"980000",30000,"5",2892561,"1",
"980070",31100,"1",2892561,"1",
"980070",31100,"2",2892561,"1",
"980070",31100,"3",2892561,"1",
"980070",31100,"4",2892561,"1",
"980070",31100,"5",2892561,"1",
"900000",30000,"1",2892562,"1",
"900000",30000,"2",2892562,"1",
"900000",30000,"3",2892562,"1",
"900000",30000,"4",2892562,"1",
"900000",30000,"5",2892562,"1",
"980000",30000,"1",2892562,"1",
"980000",30000,"2",2892562,"1",
"980000",30000,"3",2892562,"1",
"980000",30000,"4",2892562,"1",
"980000",30000,"5",2892562,"1",
"980070",31100,"1",2892562,"1",
"980070",31100,"2",2892562,"1",
"980070",31100,"3",2892562,"1",
"980070",31100,"4",2892562,"1",
"980070",31100,"5",2892562,"1",
"900000",20000,"1",2892582,"1",
"900000",20000,"2",2892582,"1",
"900000",20000,"3",2892582,"1",
"900000",20000,"4",2892582,"1",
"900000",20000,"5",2892582,"1",
"980000",20000,"1",2892582,"1",
"980000",20000,"2",2892582,"1",
"980000",20000,"3",2892582,"1",
"980000",20000,"4",2892582,"1",
"980000",20000,"5",2892582,"1",
"980070",20000,"1",2892582,"1",
"980070",20000,"2",2892582,"1",
"980070",20000,"3",2892582,"1",
"980070",20000,"4",2892582,"1",
"980070",20000,"5",2892582,"1",
"900000",36000,"1",2892611,"1",
"900000",36000,"2",2892611,"1",
"900000",36000,"3",2892611,"1",
"900000",36000,"4",2892611,"1",
"900000",36000,"5",2892611,"1",
"980000",36000,"1",2892611,"1",
"980000",36000,"2",2892611,"1",
"980000",36000,"3",2892611,"1",
"980000",36000,"4",2892611,"1",
"980000",36000,"5",2892611,"1",
"980070",41300,"1",2892611,"1",
"980070",41300,"2",2892611,"1",
"980070",41300,"3",2892611,"1",
"980070",41300,"4",2892611,"1",
"980070",41300,"5",2892611,"1",
"900000",36000,"1",2892612,"1",
"900000",36000,"2",2892612,"1",
"900000",36000,"3",2892612,"1",
"900000",36000,"4",2892612,"1",
"900000",36000,"5",2892612,"1",
"980000",36000,"1",2892612,"1",
"980000",36000,"2",2892612,"1",
"980000",36000,"3",2892612,"1",
"980000",36000,"4",2892612,"1",
"980000",36000,"5",2892612,"1",
"980070",41300,"1",2892612,"1",
"980070",41300,"2",2892612,"1",
"980070",41300,"3",2892612,"1",
"980070",41300,"4",2892612,"1",
"980070",41300,"5",2892612,"1",
"900000",52872,"1",2892621,"1",
"900000",3695,"2",2892621,"1",
"900000",30644,"3",2892621,"1",
"900000",23978,"4",2892621,"1",
"900000",30495,"5",2892621,"1",
"980000",52872,"1",2892621,"1",
"980000",3695,"2",2892621,"1",
"980000",30644,"3",2892621,"1",
"980000",23978,"4",2892621,"1",
"980000",30495,"5",2892621,"1",
"980070",52872,"1",2892621,"1",
"980070",3695,"2",2892621,"1",
"980070",30644,"3",2892621,"1",
"980070",23978,"4",2892621,"1",
"980070",30495,"5",2892621,"1",
"900000",12219,"1",2892622,"1",
"900000",66338,"2",2892622,"1",
"900000",9663,"3",2892622,"1",
"900000",71916,"4",2892622,"1",
"900000",103238,"5",2892622,"1",
"980000",12219,"1",2892622,"1",
"980000",66338,"2",2892622,"1",
"980000",9663,"3",2892622,"1",
"980000",71916,"4",2892622,"1",
"980000",103238,"5",2892622,"1",
"980070",12219,"1",2892622,"1",
"980070",66338,"2",2892622,"1",
"980070",9663,"3",2892622,"1",
"980070",71916,"4",2892622,"1",
"980070",103238,"5",2892622,"1",
"900000",76345,"1",2892691,"1",
"900000",99148,"2",2892691,"1",
"900000",60488,"3",2892691,"1",
"900000",48635,"4",2892691,"1",
"900000",46087,"5",2892691,"1",
"980000",76345,"1",2892691,"1",
"980000",99148,"2",2892691,"1",
"980000",60488,"3",2892691,"1",
"980000",48635,"4",2892691,"1",
"980000",46087,"5",2892691,"1",
"980070",76345,"1",2892691,"1",
"980070",99148,"2",2892691,"1",
"980070",60488,"3",2892691,"1",
"980070",48635,"4",2892691,"1",
"980070",46087,"5",2892691,"1",
"900000",31039,"1",2892692,"1",
"900000",73792,"2",2892692,"1",
"900000",61289,"3",2892692,"1",
"900000",50013,"4",2892692,"1",
"900000",50833,"5",2892692,"1",
"980000",31039,"1",2892692,"1",
"980000",73792,"2",2892692,"1",
"980000",61289,"3",2892692,"1",
"980000",50013,"4",2892692,"1",
"980000",50833,"5",2892692,"1",
"980070",31039,"1",2892692,"1",
"980070",73792,"2",2892692,"1",
"980070",61289,"3",2892692,"1",
"980070",50013,"4",2892692,"1",
"980070",50833,"5",2892692,"1",
"900030",23386,"1",2892701,"1",
"900030",25054,"2",2892701,"1",
"900030",22726,"3",2892701,"1",
"900030",22102,"4",2892701,"1",
"900030",21406,"5",2892701,"1",
"900170",56,"1",2892701,"1",
"900170",662,"2",2892701,"1",
"900170",377,"3",2892701,"1",
"900170",35,"4",2892701,"1",
"900170",160,"5",2892701,"1",
"980000",23442,"1",2892701,"1",
"980000",25716,"2",2892701,"1",
"980000",23103,"3",2892701,"1",
"980000",22137,"4",2892701,"1",
"980000",21566,"5",2892701,"1",
"980070",23442,"1",2892701,"1",
"980070",25716,"2",2892701,"1",
"980070",23103,"3",2892701,"1",
"980070",22137,"4",2892701,"1",
"980070",21566,"5",2892701,"1",
"900030",22954,"1",2892702,"1",
"900030",20386,"2",2892702,"1",
"900030",22306,"3",2892702,"1",
"900030",22642,"4",2892702,"1",
"900030",24442,"5",2892702,"1",
"900170",374,"1",2892702,"1",
"900170",827,"2",2892702,"1",
"900170",754,"3",2892702,"1",
"900170",493,"4",2892702,"1",
"900170",348,"5",2892702,"1",
"980000",23328,"1",2892702,"1",
"980000",21213,"2",2892702,"1",
"980000",23060,"3",2892702,"1",
"980000",23135,"4",2892702,"1",
"980000",24790,"5",2892702,"1",
"980070",23328,"1",2892702,"1",
"980070",21213,"2",2892702,"1",
"980070",23060,"3",2892702,"1",
"980070",23135,"4",2892702,"1",
"980070",24790,"5",2892702,"1",
"900000",86215,"1",2892711,"1",
"900000",50426,"2",2892711,"1",
"900000",69179,"3",2892711,"1",
"900000",47331,"4",2892711,"1",
"900000",71810,"5",2892711,"1",
"980000",86215,"1",2892711,"1",
"980000",50426,"2",2892711,"1",
"980000",69179,"3",2892711,"1",
"980000",47331,"4",2892711,"1",
"980000",71810,"5",2892711,"1",
"980070",86215,"1",2892711,"1",
"980070",50426,"2",2892711,"1",
"980070",69179,"3",2892711,"1",
"980070",47331,"4",2892711,"1",
"980070",71810,"5",2892711,"1",
"900000",69163,"1",2892712,"1",
"900000",105336,"2",2892712,"1",
"900000",49363,"3",2892712,"1",
"900000",141184,"4",2892712,"1",
"900000",38834,"5",2892712,"1",
"980000",69163,"1",2892712,"1",
"980000",105336,"2",2892712,"1",
"980000",49363,"3",2892712,"1",
"980000",141184,"4",2892712,"1",
"980000",38834,"5",2892712,"1",
"980070",69163,"1",2892712,"1",
"980070",105336,"2",2892712,"1",
"980070",49363,"3",2892712,"1",
"980070",141184,"4",2892712,"1",
"980070",38834,"5",2892712,"1",
"800940",10967,"1",2892721,"1","T"
"800940",10967,"2",2892721,"1","T"
"800940",10967,"3",2892721,"1","T"
"800940",10967,"4",2892721,"1","T"
"800940",10967,"5",2892721,"1","T"
"900000",220171,"1",2892721,"1","T"
"900000",220171,"2",2892721,"1","T"
"900000",220171,"3",2892721,"1","T"
"900000",220171,"4",2892721,"1","T"
"900000",220171,"5",2892721,"1","T"
"900160",9293,"1",2892721,"1",
"900160",3893,"2",2892721,"1",
"900160",6312,"3",2892721,"1",
"900160",15817,"4",2892721,"1",
"900160",31423,"5",2892721,"1",
"900180",38657,"1",2892721,"1","T"
"900180",38657,"2",2892721,"1","T"
"900180",38657,"3",2892721,"1","T"
"900180",38657,"4",2892721,"1","T"
"900180",38657,"5",2892721,"1","T"
"980000",272176,"1",2892721,"1","T"
"980000",272176,"2",2892721,"1","T"
"980000",272176,"3",2892721,"1","T"
"980000",272176,"4",2892721,"1","T"
"980000",272176,"5",2892721,"1","T"
"980070",272176,"1",2892721,"1","T"
"980070",272176,"2",2892721,"1","T"
"980070",272176,"3",2892721,"1","T"
"980070",272176,"4",2892721,"1","T"
"980070",272176,"5",2892721,"1","T"
"800940",10967,"1",2892722,"1","T"
"800940",10967,"2",2892722,"1","T"
"800940",10967,"3",2892722,"1","T"
"800940",10967,"4",2892722,"1","T"
"800940",10967,"5",2892722,"1","T"
"900000",221450,"1",2892722,"1","T"
"900000",221450,"2",2892722,"1","T"
"900000",221450,"3",2892722,"1","T"
"900000",221450,"4",2892722,"1","T"
"900000",221450,"5",2892722,"1","T"
"900160",8172,"1",2892722,"1",
"900160",25320,"2",2892722,"1",
"900160",21003,"3",2892722,"1",
"900160",50531,"4",2892722,"1",
"900160",109476,"5",2892722,"1",
"900180",38657,"1",2892722,"1","T"
"900180",38657,"2",2892722,"1","T"
"900180",38657,"3",2892722,"1","T"
"900180",38657,"4",2892722,"1","T"
"900180",38657,"5",2892722,"1","T"
"980000",303008,"1",2892722,"1","T"
"980000",303008,"2",2892722,"1","T"
"980000",303008,"3",2892722,"1","T"
"980000",303008,"4",2892722,"1","T"
"980000",303008,"5",2892722,"1","T"
"980070",303008,"1",2892722,"1","T"
"980070",303008,"2",2892722,"1","T"
"980070",303008,"3",2892722,"1","T"
"980070",303008,"4",2892722,"1","T"
"980070",303008,"5",2892722,"1","T"
"900000",205487,"1",2892741,"1","T"
"900000",205487,"2",2892741,"1","T"
"900000",205487,"3",2892741,"1","T"
"900000",205487,"4",2892741,"1","T"
"900000",205487,"5",2892741,"1","T"
"900030",10859,"1",2892741,"1",
"900030",10859,"2",2892741,"1",
"900030",10859,"3",2892741,"1",
"900030",10859,"4",2892741,"1",
"900030",10859,"5",2892741,"1",
"900180",30,"1",2892741,"1",
"900180",20,"2",2892741,"1",
"900180",409,"3",2892741,"1",
"900180",102,"4",2892741,"1",
"900180",25496,"5",2892741,"1",
"900190",12000,"1",2892741,"1",
"900190",12000,"2",2892741,"1",
"900190",12000,"3",2892741,"1",
"900190",12000,"4",2892741,"1",
"900190",12000,"5",2892741,"1",
"980000",233557,"1",2892741,"1","T"
"980000",233557,"2",2892741,"1","T"
"980000",233557,"3",2892741,"1","T"
"980000",233557,"4",2892741,"1","T"
"980000",233557,"5",2892741,"1","T"
"980070",246094,"1",2892741,"1","T"
"980070",246094,"2",2892741,"1","T"
"980070",246094,"3",2892741,"1","T"
"980070",246094,"4",2892741,"1","T"
"980070",246094,"5",2892741,"1","T"
"900000",205487,"1",2892742,"1","T"
"900000",205487,"2",2892742,"1","T"
"900000",205487,"3",2892742,"1","T"
"900000",205487,"4",2892742,"1","T"
"900000",205487,"5",2892742,"1","T"
"900030",10859,"1",2892742,"1",
"900030",10859,"2",2892742,"1",
"900030",10859,"3",2892742,"1",
"900030",10859,"4",2892742,"1",
"900030",10859,"5",2892742,"1",
"900180",101,"1",2892742,"1",
"900180",36,"2",2892742,"1",
"900180",5,"3",2892742,"1",
"900180",356,"4",2892742,"1",
"900180",46,"5",2892742,"1",
"900190",12000,"1",2892742,"1",
"900190",12000,"2",2892742,"1",
"900190",12000,"3",2892742,"1",
"900190",12000,"4",2892742,"1",
"900190",12000,"5",2892742,"1",
"980000",228454,"1",2892742,"1","T"
"980000",228454,"2",2892742,"1","T"
"980000",228454,"3",2892742,"1","T"
"980000",228454,"4",2892742,"1","T"
"980000",228454,"5",2892742,"1","T"
"980070",240991,"1",2892742,"1","T"
"980070",240991,"2",2892742,"1","T"
"980070",240991,"3",2892742,"1","T"
"980070",240991,"4",2892742,"1","T"
"980070",240991,"5",2892742,"1","T"
"900000",80000,"1",2892751,"1",
"900000",80000,"2",2892751,"1",
"900000",80000,"3",2892751,"1",
"900000",80000,"4",2892751,"1",
"900000",80000,"5",2892751,"1",
"980000",80000,"1",2892751,"1",
"980000",80000,"2",2892751,"1",
"980000",80000,"3",2892751,"1",
"980000",80000,"4",2892751,"1",
"980000",80000,"5",2892751,"1",
"980070",82000,"1",2892751,"1",
"980070",82000,"2",2892751,"1",
"980070",82000,"3",2892751,"1",
"980070",82000,"4",2892751,"1",
"980070",82000,"5",2892751,"1",
"900000",80000,"1",2892752,"1",
"900000",80000,"2",2892752,"1",
"900000",80000,"3",2892752,"1",
"900000",80000,"4",2892752,"1",
"900000",80000,"5",2892752,"1",
"980000",80000,"1",2892752,"1",
"980000",80000,"2",2892752,"1",
"980000",80000,"3",2892752,"1",
"980000",80000,"4",2892752,"1",
"980000",80000,"5",2892752,"1",
"980070",82000,"1",2892752,"1",
"980070",82000,"2",2892752,"1",
"980070",82000,"3",2892752,"1",
"980070",82000,"4",2892752,"1",
"980070",82000,"5",2892752,"1",
"900000",13000,"1",2892761,"1",
"900000",13000,"2",2892761,"1",
"900000",13000,"3",2892761,"1",
"900000",13000,"4",2892761,"1",
"900000",13000,"5",2892761,"1",
"900150",7200,"1",2892761,"1",
"900150",7200,"2",2892761,"1",
"900150",7200,"3",2892761,"1",
"900150",7200,"4",2892761,"1",
"900150",7200,"5",2892761,"1",
"900160",11000,"1",2892761,"1",
"900160",11000,"2",2892761,"1",
"900160",11000,"3",2892761,"1",
"900160",11000,"4",2892761,"1",
"900160",11000,"5",2892761,"1",
"980000",31200,"1",2892761,"1",
"980000",31200,"2",2892761,"1",
"980000",31200,"3",2892761,"1",
"980000",31200,"4",2892761,"1",
"980000",31200,"5",2892761,"1",
"980070",38200,"1",2892761,"1",
"980070",38200,"2",2892761,"1",
"980070",38200,"3",2892761,"1",
"980070",38200,"4",2892761,"1",
"980070",38200,"5",2892761,"1",
"900000",13000,"1",2892762,"1",
"900000",13000,"2",2892762,"1",
"900000",13000,"3",2892762,"1",
"900000",13000,"4",2892762,"1",
"900000",13000,"5",2892762,"1",
"900150",7200,"1",2892762,"1",
"900150",7200,"2",2892762,"1",
"900150",7200,"3",2892762,"1",
"900150",7200,"4",2892762,"1",
"900150",7200,"5",2892762,"1",
"900160",11000,"1",2892762,"1",
"900160",11000,"2",2892762,"1",
"900160",11000,"3",2892762,"1",
"900160",11000,"4",2892762,"1",
"900160",11000,"5",2892762,"1",
"980000",31200,"1",2892762,"1",
"980000",31200,"2",2892762,"1",
"980000",31200,"3",2892762,"1",
"980000",31200,"4",2892762,"1",
"980000",31200,"5",2892762,"1",
"980070",38200,"1",2892762,"1",
"980070",38200,"2",2892762,"1",
"980070",38200,"3",2892762,"1",
"980070",38200,"4",2892762,"1",
"980070",38200,"5",2892762,"1",
"900000",62000,"1",2892771,"1",
"900000",62000,"2",2892771,"1",
"900000",62000,"3",2892771,"1",
"900000",62000,"4",2892771,"1",
"900000",62000,"5",2892771,"1",
"900140",83,"1",2892771,"1",
"900140",83,"2",2892771,"1",
"900140",83,"3",2892771,"1",
"900140",83,"4",2892771,"1",
"900140",83,"5",2892771,"1",
"980000",62083,"1",2892771,"1",
"980000",62083,"2",2892771,"1",
"980000",62083,"3",2892771,"1",
"980000",62083,"4",2892771,"1",
"980000",62083,"5",2892771,"1",
"980070",64167,"1",2892771,"1",
"980070",64167,"2",2892771,"1",
"980070",64167,"3",2892771,"1",
"980070",64167,"4",2892771,"1",
"980070",64167,"5",2892771,"1",
"900000",62000,"1",2892772,"1",
"900000",62000,"2",2892772,"1",
"900000",62000,"3",2892772,"1",
"900000",62000,"4",2892772,"1",
"900000",62000,"5",2892772,"1",
"900140",83,"1",2892772,"1",
"900140",83,"2",2892772,"1",
"900140",83,"3",2892772,"1",
"900140",83,"4",2892772,"1",
"900140",83,"5",2892772,"1",
"980000",62083,"1",2892772,"1",
"980000",62083,"2",2892772,"1",
"980000",62083,"3",2892772,"1",
"980000",62083,"4",2892772,"1",
"980000",62083,"5",2892772,"1",
"980070",64167,"1",2892772,"1",
"980070",64167,"2",2892772,"1",
"980070",64167,"3",2892772,"1",
"980070",64167,"4",2892772,"1",
"980070",64167,"5",2892772,"1",
"900000",42463,"1",2892781,"1",
"900000",81685,"2",2892781,"1",
"900000",21064,"3",2892781,"1",
"900000",90563,"4",2892781,"1",
"900000",104440,"5",2892781,"1",
"980000",42463,"1",2892781,"1",
"980000",81685,"2",2892781,"1",
"980000",21064,"3",2892781,"1",
"980000",90563,"4",2892781,"1",
"980000",104440,"5",2892781,"1",
"980070",42463,"1",2892781,"1",
"980070",81685,"2",2892781,"1",
"980070",21064,"3",2892781,"1",
"980070",90563,"4",2892781,"1",
"980070",104440,"5",2892781,"1",
"900000",32439,"1",2892782,"1",
"900000",43187,"2",2892782,"1",
"900000",26110,"3",2892782,"1",
"900000",71413,"4",2892782,"1",
"900000",35583,"5",2892782,"1",
"980000",32439,"1",2892782,"1",
"980000",43187,"2",2892782,"1",
"980000",26110,"3",2892782,"1",
"980000",71413,"4",2892782,"1",
"980000",35583,"5",2892782,"1",
"980070",32439,"1",2892782,"1",
"980070",43187,"2",2892782,"1",
"980070",26110,"3",2892782,"1",
"980070",71413,"4",2892782,"1",
"980070",35583,"5",2892782,"1",
"900000",75000,"1",2892811,"1",
"900000",75000,"2",2892811,"1",
"900000",75000,"3",2892811,"1",
"900000",75000,"4",2892811,"1",
"900000",75000,"5",2892811,"1",
"980000",75000,"1",2892811,"1",
"980000",75000,"2",2892811,"1",
"980000",75000,"3",2892811,"1",
"980000",75000,"4",2892811,"1",
"980000",75000,"5",2892811,"1",
"980070",77000,"1",2892811,"1",
"980070",77000,"2",2892811,"1",
"980070",77000,"3",2892811,"1",
"980070",77000,"4",2892811,"1",
"980070",77000,"5",2892811,"1",
"900000",75000,"1",2892812,"1",
"900000",75000,"2",2892812,"1",
"900000",75000,"3",2892812,"1",
"900000",75000,"4",2892812,"1",
"900000",75000,"5",2892812,"1",
"980000",75000,"1",2892812,"1",
"980000",75000,"2",2892812,"1",
"980000",75000,"3",2892812,"1",
"980000",75000,"4",2892812,"1",
"980000",75000,"5",2892812,"1",
"980070",77000,"1",2892812,"1",
"980070",77000,"2",2892812,"1",
"980070",77000,"3",2892812,"1",
"980070",77000,"4",2892812,"1",
"980070",77000,"5",2892812,"1",
"900000",25500,"1",2892822,"1",
"900000",25500,"2",2892822,"1",
"900000",25500,"3",2892822,"1",
"900000",25500,"4",2892822,"1",
"900000",25500,"5",2892822,"1",
"980000",25500,"1",2892822,"1",
"980000",25500,"2",2892822,"1",
"980000",25500,"3",2892822,"1",
"980000",25500,"4",2892822,"1",
"980000",25500,"5",2892822,"1",
"980070",27500,"1",2892822,"1",
"980070",27500,"2",2892822,"1",
"980070",27500,"3",2892822,"1",
"980070",27500,"4",2892822,"1",
"980070",27500,"5",2892822,"1",
"900000",64463,"1",2892831,"1",
"900000",63841,"2",2892831,"1",
"900000",21072,"3",2892831,"1",
"900000",41312,"4",2892831,"1",
"900000",54775,"5",2892831,"1",
"980000",64463,"1",2892831,"1",
"980000",63841,"2",2892831,"1",
"980000",21072,"3",2892831,"1",
"980000",41312,"4",2892831,"1",
"980000",54775,"5",2892831,"1",
"980070",64463,"1",2892831,"1",
"980070",63841,"2",2892831,"1",
"980070",21072,"3",2892831,"1",
"980070",41312,"4",2892831,"1",
"980070",54775,"5",2892831,"1",
"900000",42943,"1",2892832,"1",
"900000",45641,"2",2892832,"1",
"900000",57013,"3",2892832,"1",
"900000",68881,"4",2892832,"1",
"900000",53968,"5",2892832,"1",
"980000",42943,"1",2892832,"1",
"980000",45641,"2",2892832,"1",
"980000",57013,"3",2892832,"1",
"980000",68881,"4",2892832,"1",
"980000",53968,"5",2892832,"1",
"980070",42943,"1",2892832,"1",
"980070",45641,"2",2892832,"1",
"980070",57013,"3",2892832,"1",
"980070",68881,"4",2892832,"1",
"980070",53968,"5",2892832,"1",
"900000",16339,"1",2892851,"1",
"900000",28511,"2",2892851,"1",
"900000",37447,"3",2892851,"1",
"900000",41009,"4",2892851,"1",
"900000",41011,"5",2892851,"1",
"900030",15600,"1",2892851,"1",
"900030",15600,"2",2892851,"1",
"900030",15600,"3",2892851,"1",
"900030",15600,"4",2892851,"1",
"900030",15600,"5",2892851,"1",
"980000",31939,"1",2892851,"1",
"980000",44111,"2",2892851,"1",
"980000",53047,"3",2892851,"1",
"980000",56609,"4",2892851,"1",
"980000",56611,"5",2892851,"1",
"980070",32439,"1",2892851,"1",
"980070",44611,"2",2892851,"1",
"980070",53547,"3",2892851,"1",
"980070",57109,"4",2892851,"1",
"980070",57111,"5",2892851,"1",
"900000",43096,"1",2892852,"1",
"900000",63827,"2",2892852,"1",
"900000",110158,"3",2892852,"1",
"900000",37416,"4",2892852,"1",
"900000",28521,"5",2892852,"1",
"900030",15600,"1",2892852,"1",
"900030",15600,"2",2892852,"1",
"900030",15600,"3",2892852,"1",
"900030",15600,"4",2892852,"1",
"900030",15600,"5",2892852,"1",
"980000",58696,"1",2892852,"1",
"980000",79427,"2",2892852,"1",
"980000",125758,"3",2892852,"1",
"980000",53016,"4",2892852,"1",
"980000",44121,"5",2892852,"1",
"980070",59196,"1",2892852,"1",
"980070",79927,"2",2892852,"1",
"980070",126258,"3",2892852,"1",
"980070",53516,"4",2892852,"1",
"980070",44621,"5",2892852,"1",
"900000",25810,"1",2892901,"1",
"900000",53878,"2",2892901,"1",
"900000",12753,"3",2892901,"1",
"900000",57751,"4",2892901,"1",
"900000",43972,"5",2892901,"1",
"980000",25810,"1",2892901,"1",
"980000",53878,"2",2892901,"1",
"980000",12753,"3",2892901,"1",
"980000",57751,"4",2892901,"1",
"980000",43972,"5",2892901,"1",
"980070",25810,"1",2892901,"1",
"980070",53878,"2",2892901,"1",
"980070",12753,"3",2892901,"1",
"980070",57751,"4",2892901,"1",
"980070",43972,"5",2892901,"1",
"900000",23186,"1",2892902,"1",
"900000",39543,"2",2892902,"1",
"900000",42749,"3",2892902,"1",
"900000",21500,"4",2892902,"1",
"900000",63890,"5",2892902,"1",
"980000",23186,"1",2892902,"1",
"980000",39543,"2",2892902,"1",
"980000",42749,"3",2892902,"1",
"980000",21500,"4",2892902,"1",
"980000",63890,"5",2892902,"1",
"980070",23186,"1",2892902,"1",
"980070",39543,"2",2892902,"1",
"980070",42749,"3",2892902,"1",
"980070",21500,"4",2892902,"1",
"980070",63890,"5",2892902,"1",
"900000",121000,"1",2892911,"1",
"900000",121000,"2",2892911,"1",
"900000",121000,"3",2892911,"1",
"900000",121000,"4",2892911,"1",
"900000",121000,"5",2892911,"1",
"950002",19910,"1",2892911,"1",
"950002",19910,"2",2892911,"1",
"950002",19910,"3",2892911,"1",
"950002",19910,"4",2892911,"1",
"950002",19910,"5",2892911,"1",
"950012",3993,"1",2892911,"1",
"950012",3993,"2",2892911,"1",
"950012",3993,"3",2892911,"1",
"950012",3993,"4",2892911,"1",
"950012",3993,"5",2892911,"1",
"980000",121000,"1",2892911,"1",
"980000",121000,"2",2892911,"1",
"980000",121000,"3",2892911,"1",
"980000",121000,"4",2892911,"1",
"980000",121000,"5",2892911,"1",
"980070",104797,"1",2892911,"1",
"980070",104797,"2",2892911,"1",
"980070",104797,"3",2892911,"1",
"980070",104797,"4",2892911,"1",
"980070",104797,"5",2892911,"1",
"900000",121000,"1",2892912,"1",
"900000",121000,"2",2892912,"1",
"900000",121000,"3",2892912,"1",
"900000",121000,"4",2892912,"1",
"900000",121000,"5",2892912,"1",
"950002",19910,"1",2892912,"1",
"950002",19910,"2",2892912,"1",
"950002",19910,"3",2892912,"1",
"950002",19910,"4",2892912,"1",
"950002",19910,"5",2892912,"1",
"950012",3993,"1",2892912,"1",
"950012",3993,"2",2892912,"1",
"950012",3993,"3",2892912,"1",
"950012",3993,"4",2892912,"1",
"950012",3993,"5",2892912,"1",
"980000",121000,"1",2892912,"1",
"980000",121000,"2",2892912,"1",
"980000",121000,"3",2892912,"1",
"980000",121000,"4",2892912,"1",
"980000",121000,"5",2892912,"1",
"980070",104797,"1",2892912,"1",
"980070",104797,"2",2892912,"1",
"980070",104797,"3",2892912,"1",
"980070",104797,"4",2892912,"1",
"980070",104797,"5",2892912,"1",
"900000",141651,"1",2892931,"1",
"900000",81736,"2",2892931,"1",
"900000",61216,"3",2892931,"1",
"900000",31920,"4",2892931,"1",
"900000",21697,"5",2892931,"1",
"980000",141651,"1",2892931,"1",
"980000",81736,"2",2892931,"1",
"980000",61216,"3",2892931,"1",
"980000",31920,"4",2892931,"1",
"980000",21697,"5",2892931,"1",
"980070",141651,"1",2892931,"1",
"980070",81736,"2",2892931,"1",
"980070",61216,"3",2892931,"1",
"980070",31920,"4",2892931,"1",
"980070",21697,"5",2892931,"1",
"900000",116127,"1",2892951,"1",
"900000",91382,"2",2892951,"1",
"900000",150024,"3",2892951,"1",
"900000",85178,"4",2892951,"1",
"900000",173249,"5",2892951,"1",
"900030",19343,"1",2892951,"1",
"900030",14447,"2",2892951,"1",
"900030",9515,"3",2892951,"1",
"900030",17519,"4",2892951,"1",
"900030",16427,"5",2892951,"1",
"900180",208,"1",2892951,"1",
"900180",233,"2",2892951,"1",
"900180",14973,"3",2892951,"1",
"900180",8421,"4",2892951,"1",
"900180",279,"5",2892951,"1",
"980000",135678,"1",2892951,"1",
"980000",106062,"2",2892951,"1",
"980000",174512,"3",2892951,"1",
"980000",111118,"4",2892951,"1",
"980000",189955,"5",2892951,"1",
"980070",135678,"1",2892951,"1",
"980070",106062,"2",2892951,"1",
"980070",174512,"3",2892951,"1",
"980070",111118,"4",2892951,"1",
"980070",189955,"5",2892951,"1",
"900000",172462,"1",2892952,"1",
"900000",162018,"2",2892952,"1",
"900000",161352,"3",2892952,"1",
"900000",151102,"4",2892952,"1",
"900000",186732,"5",2892952,"1",
"900030",8723,"1",2892952,"1",
"900030",7535,"2",2892952,"1",
"900030",8387,"3",2892952,"1",
"900030",10067,"4",2892952,"1",
"900030",14459,"5",2892952,"1",
"900180",5,"1",2892952,"1",
"900180",204,"2",2892952,"1",
"900180",17,"3",2892952,"1",
"900180",502,"4",2892952,"1",
"900180",31,"5",2892952,"1",
"980000",181190,"1",2892952,"1",
"980000",169757,"2",2892952,"1",
"980000",169756,"3",2892952,"1",
"980000",161671,"4",2892952,"1",
"980000",201222,"5",2892952,"1",
"980070",181190,"1",2892952,"1",
"980070",169757,"2",2892952,"1",
"980070",169756,"3",2892952,"1",
"980070",161671,"4",2892952,"1",
"980070",201222,"5",2892952,"1",
"900000",81732,"1",2892962,"1",
"900000",59800,"2",2892962,"1",
"900000",64566,"3",2892962,"1",
"900000",73638,"4",2892962,"1",
"900000",50432,"5",2892962,"1",
"980000",81732,"1",2892962,"1",
"980000",59800,"2",2892962,"1",
"980000",64566,"3",2892962,"1",
"980000",73638,"4",2892962,"1",
"980000",50432,"5",2892962,"1",
"980070",81732,"1",2892962,"1",
"980070",59800,"2",2892962,"1",
"980070",64566,"3",2892962,"1",
"980070",73638,"4",2892962,"1",
"980070",50432,"5",2892962,"1",
"900000",98000,"1",2892971,"1",
"900000",98000,"2",2892971,"1",
"900000",98000,"3",2892971,"1",
"900000",98000,"4",2892971,"1",
"900000",98000,"5",2892971,"1",
"980000",98000,"1",2892971,"1",
"980000",98000,"2",2892971,"1",
"980000",98000,"3",2892971,"1",
"980000",98000,"4",2892971,"1",
"980000",98000,"5",2892971,"1",
"980070",100000,"1",2892971,"1",
"980070",100000,"2",2892971,"1",
"980070",100000,"3",2892971,"1",
"980070",100000,"4",2892971,"1",
"980070",100000,"5",2892971,"1",
"900000",98000,"1",2892972,"1",
"900000",98000,"2",2892972,"1",
"900000",98000,"3",2892972,"1",
"900000",98000,"4",2892972,"1",
"900000",98000,"5",2892972,"1",
"980000",98000,"1",2892972,"1",
"980000",98000,"2",2892972,"1",
"980000",98000,"3",2892972,"1",
"980000",98000,"4",2892972,"1",
"980000",98000,"5",2892972,"1",
"980070",100000,"1",2892972,"1",
"980070",100000,"2",2892972,"1",
"980070",100000,"3",2892972,"1",
"980070",100000,"4",2892972,"1",
"980070",100000,"5",2892972,"1",
"900000",39333,"1",2892991,"1",
"900000",60590,"2",2892991,"1",
"900000",36651,"3",2892991,"1",
"900000",62973,"4",2892991,"1",
"900000",52846,"5",2892991,"1",
"980000",39333,"1",2892991,"1",
"980000",60590,"2",2892991,"1",
"980000",36651,"3",2892991,"1",
"980000",62973,"4",2892991,"1",
"980000",52846,"5",2892991,"1",
"980070",39333,"1",2892991,"1",
"980070",60590,"2",2892991,"1",
"980070",36651,"3",2892991,"1",
"980070",62973,"4",2892991,"1",
"980070",52846,"5",2892991,"1",
"900000",22614,"1",2892992,"1",
"900000",31002,"2",2892992,"1",
"900000",22344,"3",2892992,"1",
"900000",5498,"4",2892992,"1",
"900000",86696,"5",2892992,"1",
"980000",22614,"1",2892992,"1",
"980000",31002,"2",2892992,"1",
"980000",22344,"3",2892992,"1",
"980000",5498,"4",2892992,"1",
"980000",86696,"5",2892992,"1",
"980070",22614,"1",2892992,"1",
"980070",31002,"2",2892992,"1",
"980070",22344,"3",2892992,"1",
"980070",5498,"4",2892992,"1",
"980070",86696,"5",2892992,"1",
"900030",33132,"1",2893001,"1",
"900030",29868,"2",2893001,"1",
"900030",31632,"3",2893001,"1",
"900030",31416,"4",2893001,"1",
"900030",33432,"5",2893001,"1",
"900170",3509,"1",2893001,"1",
"900170",3905,"2",2893001,"1",
"900170",3200,"3",2893001,"1",
"900170",3389,"4",2893001,"1",
"900170",3704,"5",2893001,"1",
"980000",36641,"1",2893001,"1",
"980000",33773,"2",2893001,"1",
"980000",34832,"3",2893001,"1",
"980000",34805,"4",2893001,"1",
"980000",37136,"5",2893001,"1",
"980070",36641,"1",2893001,"1",
"980070",33773,"2",2893001,"1",
"980070",34832,"3",2893001,"1",
"980070",34805,"4",2893001,"1",
"980070",37136,"5",2893001,"1",
"900030",32628,"1",2893002,"1",
"900030",30816,"2",2893002,"1",
"900030",31344,"3",2893002,"1",
"900030",30960,"4",2893002,"1",
"900030",31164,"5",2893002,"1",
"900170",3644,"1",2893002,"1",
"900170",3107,"2",2893002,"1",
"900170",3428,"3",2893002,"1",
"900170",3654,"4",2893002,"1",
"900170",3342,"5",2893002,"1",
"980000",36272,"1",2893002,"1",
"980000",33923,"2",2893002,"1",
"980000",34772,"3",2893002,"1",
"980000",34614,"4",2893002,"1",
"980000",34506,"5",2893002,"1",
"980070",36272,"1",2893002,"1",
"980070",33923,"2",2893002,"1",
"980070",34772,"3",2893002,"1",
"980070",34614,"4",2893002,"1",
"980070",34506,"5",2893002,"1",
"900000",68000,"1",2893011,"1",
"900000",68000,"2",2893011,"1",
"900000",68000,"3",2893011,"1",
"900000",68000,"4",2893011,"1",
"900000",68000,"5",2893011,"1",
"900170",14000,"1",2893011,"1",
"900170",14000,"2",2893011,"1",
"900170",14000,"3",2893011,"1",
"900170",14000,"4",2893011,"1",
"900170",14000,"5",2893011,"1",
"980000",82000,"1",2893011,"1",
"980000",82000,"2",2893011,"1",
"980000",82000,"3",2893011,"1",
"980000",82000,"4",2893011,"1",
"980000",82000,"5",2893011,"1",
"980070",85300,"1",2893011,"1",
"980070",85300,"2",2893011,"1",
"980070",85300,"3",2893011,"1",
"980070",85300,"4",2893011,"1",
"980070",85300,"5",2893011,"1",
"900000",68000,"1",2893012,"1",
"900000",68000,"2",2893012,"1",
"900000",68000,"3",2893012,"1",
"900000",68000,"4",2893012,"1",
"900000",68000,"5",2893012,"1",
"900170",14000,"1",2893012,"1",
"900170",14000,"2",2893012,"1",
"900170",14000,"3",2893012,"1",
"900170",14000,"4",2893012,"1",
"900170",14000,"5",2893012,"1",
"980000",82000,"1",2893012,"1",
"980000",82000,"2",2893012,"1",
"980000",82000,"3",2893012,"1",
"980000",82000,"4",2893012,"1",
"980000",82000,"5",2893012,"1",
"980070",85300,"1",2893012,"1",
"980070",85300,"2",2893012,"1",
"980070",85300,"3",2893012,"1",
"980070",85300,"4",2893012,"1",
"980070",85300,"5",2893012,"1",
"900160",1,"1",2893022,"1",
"900160",1,"2",2893022,"1",
"900160",1,"3",2893022,"1",
"900160",1,"4",2893022,"1",
"900160",1,"5",2893022,"1",
"980000",1,"1",2893022,"1",
"980000",1,"2",2893022,"1",
"980000",1,"3",2893022,"1",
"980000",1,"4",2893022,"1",
"980000",1,"5",2893022,"1",
"980070",1,"1",2893022,"1",
"980070",1,"2",2893022,"1",
"980070",1,"3",2893022,"1",
"980070",1,"4",2893022,"1",
"980070",1,"5",2893022,"1",
"900000",47172,"1",2893031,"1",
"900000",59244,"2",2893031,"1",
"900000",27228,"3",2893031,"1",
"900000",15719,"4",2893031,"1",
"900000",10034,"5",2893031,"1",
"980000",47172,"1",2893031,"1",
"980000",59244,"2",2893031,"1",
"980000",27228,"3",2893031,"1",
"980000",15719,"4",2893031,"1",
"980000",10034,"5",2893031,"1",
"980070",47172,"1",2893031,"1",
"980070",59244,"2",2893031,"1",
"980070",27228,"3",2893031,"1",
"980070",15719,"4",2893031,"1",
"980070",10034,"5",2893031,"1",
"900000",10220,"1",2893032,"1",
"900000",4133,"2",2893032,"1",
"900000",13222,"3",2893032,"1",
"900000",20000,"4",2893032,"1",
"900000",16507,"5",2893032,"1",
"980000",10220,"1",2893032,"1",
"980000",4133,"2",2893032,"1",
"980000",13222,"3",2893032,"1",
"980000",20000,"4",2893032,"1",
"980000",16507,"5",2893032,"1",
"980070",10220,"1",2893032,"1",
"980070",4133,"2",2893032,"1",
"980070",13222,"3",2893032,"1",
"980070",20000,"4",2893032,"1",
"980070",16507,"5",2893032,"1",
"900030",10859,"1",2893051,"1",
"900030",10859,"2",2893051,"1",
"900030",10859,"3",2893051,"1",
"900030",10859,"4",2893051,"1",
"900030",10859,"5",2893051,"1",
"900170",1600,"1",2893051,"1",
"900170",1600,"2",2893051,"1",
"900170",1600,"3",2893051,"1",
"900170",1600,"4",2893051,"1",
"900170",1600,"5",2893051,"1",
"900180",600,"1",2893051,"1",
"900180",600,"2",2893051,"1",
"900180",600,"3",2893051,"1",
"900180",600,"4",2893051,"1",
"900180",600,"5",2893051,"1",
"980000",13059,"1",2893051,"1",
"980000",13059,"2",2893051,"1",
"980000",13059,"3",2893051,"1",
"980000",13059,"4",2893051,"1",
"980000",13059,"5",2893051,"1",
"980070",10608,"1",2893051,"1",
"980070",10608,"2",2893051,"1",
"980070",10608,"3",2893051,"1",
"980070",10608,"4",2893051,"1",
"980070",10608,"5",2893051,"1",
"900030",10859,"1",2893052,"1",
"900030",10859,"2",2893052,"1",
"900030",10859,"3",2893052,"1",
"900030",10859,"4",2893052,"1",
"900030",10859,"5",2893052,"1",
"900170",1600,"1",2893052,"1",
"900170",1600,"2",2893052,"1",
"900170",1600,"3",2893052,"1",
"900170",1600,"4",2893052,"1",
"900170",1600,"5",2893052,"1",
"900180",600,"1",2893052,"1",
"900180",600,"2",2893052,"1",
"900180",600,"3",2893052,"1",
"900180",600,"4",2893052,"1",
"900180",600,"5",2893052,"1",
"980000",13059,"1",2893052,"1",
"980000",13059,"2",2893052,"1",
"980000",13059,"3",2893052,"1",
"980000",13059,"4",2893052,"1",
"980000",13059,"5",2893052,"1",
"980070",10608,"1",2893052,"1",
"980070",10608,"2",2893052,"1",
"980070",10608,"3",2893052,"1",
"980070",10608,"4",2893052,"1",
"980070",10608,"5",2893052,"1",
"900000",64136,"1",2893072,"1",
"900000",74665,"2",2893072,"1",
"900000",73646,"3",2893072,"1",
"900000",67350,"4",2893072,"1",
"900000",76838,"5",2893072,"1",
"980000",64136,"1",2893072,"1",
"980000",74665,"2",2893072,"1",
"980000",73646,"3",2893072,"1",
"980000",67350,"4",2893072,"1",
"980000",76838,"5",2893072,"1",
"980070",67836,"1",2893072,"1",
"980070",78365,"2",2893072,"1",
"980070",77346,"3",2893072,"1",
"980070",71050,"4",2893072,"1",
"980070",80538,"5",2893072,"1",
"900000",5500,"1",2893081,"1",
"900000",5500,"2",2893081,"1",
"900000",5500,"3",2893081,"1",
"900000",5500,"4",2893081,"1",
"900000",5500,"5",2893081,"1",
"900170",1370,"1",2893081,"1",
"900170",1142,"2",2893081,"1",
"900170",1977,"3",2893081,"1",
"900170",1137,"4",2893081,"1",
"900170",1760,"5",2893081,"1",
"980000",6870,"1",2893081,"1",
"980000",6642,"2",2893081,"1",
"980000",7477,"3",2893081,"1",
"980000",6637,"4",2893081,"1",
"980000",7260,"5",2893081,"1",
"980070",6870,"1",2893081,"1",
"980070",6642,"2",2893081,"1",
"980070",7477,"3",2893081,"1",
"980070",6637,"4",2893081,"1",
"980070",7260,"5",2893081,"1",
"900000",5500,"1",2893082,"1",
"900000",5500,"2",2893082,"1",
"900000",5500,"3",2893082,"1",
"900000",5500,"4",2893082,"1",
"900000",5500,"5",2893082,"1",
"900170",1208,"1",2893082,"1",
"900170",1350,"2",2893082,"1",
"900170",1279,"3",2893082,"1",
"900170",1209,"4",2893082,"1",
"900170",1351,"5",2893082,"1",
"980000",6708,"1",2893082,"1",
"980000",6850,"2",2893082,"1",
"980000",6779,"3",2893082,"1",
"980000",6709,"4",2893082,"1",
"980000",6851,"5",2893082,"1",
"980070",6708,"1",2893082,"1",
"980070",6850,"2",2893082,"1",
"980070",6779,"3",2893082,"1",
"980070",6709,"4",2893082,"1",
"980070",6851,"5",2893082,"1",
"900000",20000,"1",2893091,"1",
"900000",20000,"2",2893091,"1",
"900000",20000,"3",2893091,"1",
"900000",20000,"4",2893091,"1",
"900000",20000,"5",2893091,"1",
"980000",20000,"1",2893091,"1",
"980000",20000,"2",2893091,"1",
"980000",20000,"3",2893091,"1",
"980000",20000,"4",2893091,"1",
"980000",20000,"5",2893091,"1",
"980070",20000,"1",2893091,"1",
"980070",20000,"2",2893091,"1",
"980070",20000,"3",2893091,"1",
"980070",20000,"4",2893091,"1",
"980070",20000,"5",2893091,"1",
"900000",20000,"1",2893092,"1",
"900000",20000,"2",2893092,"1",
"900000",20000,"3",2893092,"1",
"900000",20000,"4",2893092,"1",
"900000",20000,"5",2893092,"1",
"980000",20000,"1",2893092,"1",
"980000",20000,"2",2893092,"1",
"980000",20000,"3",2893092,"1",
"980000",20000,"4",2893092,"1",
"980000",20000,"5",2893092,"1",
"980070",20000,"1",2893092,"1",
"980070",20000,"2",2893092,"1",
"980070",20000,"3",2893092,"1",
"980070",20000,"4",2893092,"1",
"980070",20000,"5",2893092,"1",
"900000",29000,"1",2893111,"1",
"900000",29000,"2",2893111,"1",
"900000",29000,"3",2893111,"1",
"900000",29000,"4",2893111,"1",
"900000",29000,"5",2893111,"1",
"900030",9551,"1",2893111,"1",
"900030",8399,"2",2893111,"1",
"900030",9335,"3",2893111,"1",
"900030",9563,"4",2893111,"1",
"900030",9599,"5",2893111,"1",
"900120",2400,"1",2893111,"1",
"900120",2400,"2",2893111,"1",
"900120",2400,"3",2893111,"1",
"900120",2400,"4",2893111,"1",
"900120",2400,"5",2893111,"1",
"900170",12777,"1",2893111,"1",
"900170",14847,"2",2893111,"1",
"900170",13162,"3",2893111,"1",
"900170",13053,"4",2893111,"1",
"900170",11378,"5",2893111,"1",
"980000",53728,"1",2893111,"1",
"980000",54646,"2",2893111,"1",
"980000",53897,"3",2893111,"1",
"980000",54016,"4",2893111,"1",
"980000",52377,"5",2893111,"1",
"980070",55578,"1",2893111,"1",
"980070",56496,"2",2893111,"1",
"980070",55747,"3",2893111,"1",
"980070",55866,"4",2893111,"1",
"980070",54227,"5",2893111,"1",
"900000",29000,"1",2893112,"1",
"900000",29000,"2",2893112,"1",
"900000",29000,"3",2893112,"1",
"900000",29000,"4",2893112,"1",
"900000",29000,"5",2893112,"1",
"900030",8879,"1",2893112,"1",
"900030",9023,"2",2893112,"1",
"900030",9611,"3",2893112,"1",
"900030",8615,"4",2893112,"1",
"900030",7463,"5",2893112,"1",
"900120",2400,"1",2893112,"1",
"900120",2400,"2",2893112,"1",
"900120",2400,"3",2893112,"1",
"900120",2400,"4",2893112,"1",
"900120",2400,"5",2893112,"1",
"900170",13430,"1",2893112,"1",
"900170",10158,"2",2893112,"1",
"900170",13121,"3",2893112,"1",
"900170",11472,"4",2893112,"1",
"900170",14711,"5",2893112,"1",
"980000",53709,"1",2893112,"1",
"980000",50581,"2",2893112,"1",
"980000",54132,"3",2893112,"1",
"980000",51487,"4",2893112,"1",
"980000",53574,"5",2893112,"1",
"980070",55559,"1",2893112,"1",
"980070",52431,"2",2893112,"1",
"980070",55982,"3",2893112,"1",
"980070",53337,"4",2893112,"1",
"980070",55424,"5",2893112,"1",
"900030",38518,"1",2893121,"1",
"900030",38518,"2",2893121,"1",
"900030",38518,"3",2893121,"1",
"900030",38518,"4",2893121,"1",
"900030",38518,"5",2893121,"1",
"900170",45533,"1",2893121,"1",
"900170",45533,"2",2893121,"1",
"900170",45533,"3",2893121,"1",
"900170",45533,"4",2893121,"1",
"900170",45533,"5",2893121,"1",
"900180",1220,"1",2893121,"1",
"900180",1220,"2",2893121,"1",
"900180",1220,"3",2893121,"1",
"900180",1220,"4",2893121,"1",
"900180",1220,"5",2893121,"1",
"980000",85271,"1",2893121,"1",
"980000",85271,"2",2893121,"1",
"980000",85271,"3",2893121,"1",
"980000",85271,"4",2893121,"1",
"980000",85271,"5",2893121,"1",
"980070",101969,"1",2893121,"1","T"
"980070",101969,"2",2893121,"1","T"
"980070",101969,"3",2893121,"1","T"
"980070",101969,"4",2893121,"1","T"
"980070",101969,"5",2893121,"1","T"
"900030",38518,"1",2893122,"1",
"900030",38518,"2",2893122,"1",
"900030",38518,"3",2893122,"1",
"900030",38518,"4",2893122,"1",
"900030",38518,"5",2893122,"1",
"900170",45533,"1",2893122,"1",
"900170",45533,"2",2893122,"1",
"900170",45533,"3",2893122,"1",
"900170",45533,"4",2893122,"1",
"900170",45533,"5",2893122,"1",
"900180",1220,"1",2893122,"1",
"900180",1220,"2",2893122,"1",
"900180",1220,"3",2893122,"1",
"900180",1220,"4",2893122,"1",
"900180",1220,"5",2893122,"1",
"980000",85271,"1",2893122,"1",
"980000",85271,"2",2893122,"1",
"980000",85271,"3",2893122,"1",
"980000",85271,"4",2893122,"1",
"980000",85271,"5",2893122,"1",
"980070",101969,"1",2893122,"1","T"
"980070",101969,"2",2893122,"1","T"
"980070",101969,"3",2893122,"1","T"
"980070",101969,"4",2893122,"1","T"
"980070",101969,"5",2893122,"1","T"
"900000",177907,"1",2893131,"1",
"900000",127446,"2",2893131,"1",
"900000",94414,"3",2893131,"1",
"900000",129677,"4",2893131,"1",
"900000",108330,"5",2893131,"1",
"900170",71786,"1",2893131,"1","T"
"900170",71786,"2",2893131,"1","T"
"900170",71786,"3",2893131,"1","T"
"900170",71786,"4",2893131,"1","T"
"900170",71786,"5",2893131,"1","T"
"900180",53,"1",2893131,"1",
"900180",462,"2",2893131,"1",
"900180",100,"3",2893131,"1",
"900180",76,"4",2893131,"1",
"900180",107,"5",2893131,"1",
"980000",199500,"1",2893131,"1","T"
"980000",199500,"2",2893131,"1","T"
"980000",199500,"3",2893131,"1","T"
"980000",199500,"4",2893131,"1","T"
"980000",199500,"5",2893131,"1","T"
"980070",200200,"1",2893131,"1","T"
"980070",200200,"2",2893131,"1","T"
"980070",200200,"3",2893131,"1","T"
"980070",200200,"4",2893131,"1","T"
"980070",200200,"5",2893131,"1","T"
"900000",94716,"1",2893132,"1",
"900000",138394,"2",2893132,"1",
"900000",104734,"3",2893132,"1",
"900000",137898,"4",2893132,"1",
"900000",145275,"5",2893132,"1",
"900170",71786,"1",2893132,"1","T"
"900170",71786,"2",2893132,"1","T"
"900170",71786,"3",2893132,"1","T"
"900170",71786,"4",2893132,"1","T"
"900170",71786,"5",2893132,"1","T"
"900180",28,"1",2893132,"1",
"900180",81,"2",2893132,"1",
"900180",41,"3",2893132,"1",
"900180",92,"4",2893132,"1",
"900180",69,"5",2893132,"1",
"980000",196052,"1",2893132,"1","T"
"980000",196052,"2",2893132,"1","T"
"980000",196052,"3",2893132,"1","T"
"980000",196052,"4",2893132,"1","T"
"980000",196052,"5",2893132,"1","T"
"980070",196752,"1",2893132,"1","T"
"980070",196752,"2",2893132,"1","T"
"980070",196752,"3",2893132,"1","T"
"980070",196752,"4",2893132,"1","T"
"980070",196752,"5",2893132,"1","T"
"900030",30718,"1",2893141,"1",
"900030",30718,"2",2893141,"1",
"900030",30718,"3",2893141,"1",
"900030",30718,"4",2893141,"1",
"900030",30718,"5",2893141,"1",
"900170",2000,"1",2893141,"1",
"900170",2000,"2",2893141,"1",
"900170",2000,"3",2893141,"1",
"900170",2000,"4",2893141,"1",
"900170",2000,"5",2893141,"1",
"900190",-2152,"1",2893141,"1",
"900190",-4504,"2",2893141,"1",
"900190",-2125,"3",2893141,"1",
"900190",-5859,"4",2893141,"1",
"900190",-3192,"5",2893141,"1",
"900210",1300,"1",2893141,"1",
"900210",1300,"2",2893141,"1",
"900210",1300,"3",2893141,"1",
"900210",1300,"4",2893141,"1",
"900210",1300,"5",2893141,"1",
"980000",31866,"1",2893141,"1",
"980000",29514,"2",2893141,"1",
"980000",31893,"3",2893141,"1",
"980000",28159,"4",2893141,"1",
"980000",30826,"5",2893141,"1",
"980070",31866,"1",2893141,"1",
"980070",29514,"2",2893141,"1",
"980070",31893,"3",2893141,"1",
"980070",28159,"4",2893141,"1",
"980070",30826,"5",2893141,"1",
"900030",30718,"1",2893142,"1",
"900030",30718,"2",2893142,"1",
"900030",30718,"3",2893142,"1",
"900030",30718,"4",2893142,"1",
"900030",30718,"5",2893142,"1",
"900170",2000,"1",2893142,"1",
"900170",2000,"2",2893142,"1",
"900170",2000,"3",2893142,"1",
"900170",2000,"4",2893142,"1",
"900170",2000,"5",2893142,"1",
"900190",-3959,"1",2893142,"1",
"900190",-5388,"2",2893142,"1",
"900190",-8478,"3",2893142,"1",
"900190",-6754,"4",2893142,"1",
"900190",-1137,"5",2893142,"1",
"900210",1300,"1",2893142,"1",
"900210",1300,"2",2893142,"1",
"900210",1300,"3",2893142,"1",
"900210",1300,"4",2893142,"1",
"900210",1300,"5",2893142,"1",
"980000",30059,"1",2893142,"1",
"980000",28630,"2",2893142,"1",
"980000",25540,"3",2893142,"1",
"980000",27264,"4",2893142,"1",
"980000",32881,"5",2893142,"1",
"980070",30059,"1",2893142,"1",
"980070",28630,"2",2893142,"1",
"980070",25540,"3",2893142,"1",
"980070",27264,"4",2893142,"1",
"980070",32881,"5",2893142,"1",
"900000",30918,"1",2893191,"1",
"900000",30716,"2",2893191,"1",
"900000",31960,"3",2893191,"1",
"900000",30492,"4",2893191,"1",
"900000",35710,"5",2893191,"1",
"980000",30918,"1",2893191,"1",
"980000",30716,"2",2893191,"1",
"980000",31960,"3",2893191,"1",
"980000",30492,"4",2893191,"1",
"980000",35710,"5",2893191,"1",
"980070",30918,"1",2893191,"1",
"980070",30716,"2",2893191,"1",
"980070",31960,"3",2893191,"1",
"980070",30492,"4",2893191,"1",
"980070",35710,"5",2893191,"1",
"900000",39261,"1",2893192,"1",
"900000",33639,"2",2893192,"1",
"900000",37717,"3",2893192,"1",
"900000",32086,"4",2893192,"1",
"900000",37285,"5",2893192,"1",
"980000",39261,"1",2893192,"1",
"980000",33639,"2",2893192,"1",
"980000",37717,"3",2893192,"1",
"980000",32086,"4",2893192,"1",
"980000",37285,"5",2893192,"1",
"980070",39261,"1",2893192,"1",
"980070",33639,"2",2893192,"1",
"980070",37717,"3",2893192,"1",
"980070",32086,"4",2893192,"1",
"980070",37285,"5",2893192,"1",
"900030",16558,"1",2893201,"1",
"900030",16558,"2",2893201,"1",
"900030",16558,"3",2893201,"1",
"900030",16558,"4",2893201,"1",
"900030",16558,"5",2893201,"1",
"980000",16558,"1",2893201,"1",
"980000",16558,"2",2893201,"1",
"980000",16558,"3",2893201,"1",
"980000",16558,"4",2893201,"1",
"980000",16558,"5",2893201,"1",
"980070",16558,"1",2893201,"1",
"980070",16558,"2",2893201,"1",
"980070",16558,"3",2893201,"1",
"980070",16558,"4",2893201,"1",
"980070",16558,"5",2893201,"1",
"900030",16558,"1",2893202,"1",
"900030",16558,"2",2893202,"1",
"900030",16558,"3",2893202,"1",
"900030",16558,"4",2893202,"1",
"900030",16558,"5",2893202,"1",
"980000",16558,"1",2893202,"1",
"980000",16558,"2",2893202,"1",
"980000",16558,"3",2893202,"1",
"980000",16558,"4",2893202,"1",
"980000",16558,"5",2893202,"1",
"980070",16558,"1",2893202,"1",
"980070",16558,"2",2893202,"1",
"980070",16558,"3",2893202,"1",
"980070",16558,"4",2893202,"1",
"980070",16558,"5",2893202,"1",
"800940",4885,"1",2893211,"1",
"800940",7619,"2",2893211,"1",
"800940",3912,"3",2893211,"1",
"800940",6309,"4",2893211,"1",
"800940",5283,"5",2893211,"1",
"900000",51130,"1",2893211,"1",
"900000",44816,"2",2893211,"1",
"900000",30053,"3",2893211,"1",
"900000",32566,"4",2893211,"1",
"900000",35273,"5",2893211,"1",
"900150",2400,"1",2893211,"1",
"900150",2400,"2",2893211,"1",
"900150",2400,"3",2893211,"1",
"900150",2400,"4",2893211,"1",
"900150",2400,"5",2893211,"1",
"900160",6361,"1",2893211,"1",
"900160",27391,"2",2893211,"1",
"900160",10542,"3",2893211,"1",
"900160",24953,"4",2893211,"1",
"900160",16890,"5",2893211,"1",
"980000",59891,"1",2893211,"1",
"980000",74607,"2",2893211,"1",
"980000",42995,"3",2893211,"1",
"980000",59919,"4",2893211,"1",
"980000",54563,"5",2893211,"1",
"980070",59891,"1",2893211,"1",
"980070",74607,"2",2893211,"1",
"980070",42995,"3",2893211,"1",
"980070",59919,"4",2893211,"1",
"980070",54563,"5",2893211,"1",
"800940",5067,"1",2893212,"1",
"800940",4287,"2",2893212,"1",
"800940",10897,"3",2893212,"1",
"800940",2694,"4",2893212,"1",
"800940",8685,"5",2893212,"1",
"900000",49851,"1",2893212,"1",
"900000",38423,"2",2893212,"1",
"900000",32324,"3",2893212,"1",
"900000",28566,"4",2893212,"1",
"900000",67730,"5",2893212,"1",
"900150",2400,"1",2893212,"1",
"900150",2400,"2",2893212,"1",
"900150",2400,"3",2893212,"1",
"900150",2400,"4",2893212,"1",
"900150",2400,"5",2893212,"1",
"900160",8194,"1",2893212,"1",
"900160",8803,"2",2893212,"1",
"900160",55061,"3",2893212,"1",
"900160",3323,"4",2893212,"1",
"900160",22900,"5",2893212,"1",
"980000",60445,"1",2893212,"1",
"980000",49626,"2",2893212,"1",
"980000",89785,"3",2893212,"1",
"980000",34289,"4",2893212,"1",
"980000",93030,"5",2893212,"1",
"980070",60445,"1",2893212,"1",
"980070",49626,"2",2893212,"1",
"980070",89785,"3",2893212,"1",
"980070",34289,"4",2893212,"1",
"980070",93030,"5",2893212,"1",
"900030",14699,"1",2893221,"1",
"900030",15311,"2",2893221,"1",
"900030",14963,"3",2893221,"1",
"900030",16799,"4",2893221,"1",
"900030",14027,"5",2893221,"1",
"900160",1,"1",2893221,"1",
"900160",1,"2",2893221,"1",
"900160",1,"3",2893221,"1",
"900160",1,"4",2893221,"1",
"900160",1,"5",2893221,"1",
"980000",14700,"1",2893221,"1",
"980000",15312,"2",2893221,"1",
"980000",14964,"3",2893221,"1",
"980000",16800,"4",2893221,"1",
"980000",14028,"5",2893221,"1",
"980070",14700,"1",2893221,"1",
"980070",15312,"2",2893221,"1",
"980070",14964,"3",2893221,"1",
"980070",16800,"4",2893221,"1",
"980070",14028,"5",2893221,"1",
"900030",16211,"1",2893222,"1",
"900030",14507,"2",2893222,"1",
"900030",13835,"3",2893222,"1",
"900030",15623,"4",2893222,"1",
"900030",14291,"5",2893222,"1",
"900160",1,"1",2893222,"1",
"900160",1,"2",2893222,"1",
"900160",1,"3",2893222,"1",
"900160",1,"4",2893222,"1",
"900160",1,"5",2893222,"1",
"980000",16212,"1",2893222,"1",
"980000",14508,"2",2893222,"1",
"980000",13836,"3",2893222,"1",
"980000",15624,"4",2893222,"1",
"980000",14292,"5",2893222,"1",
"980070",16212,"1",2893222,"1",
"980070",14508,"2",2893222,"1",
"980070",13836,"3",2893222,"1",
"980070",15624,"4",2893222,"1",
"980070",14292,"5",2893222,"1",
"900000",29500,"1",2893241,"1",
"900000",29500,"2",2893241,"1",
"900000",29500,"3",2893241,"1",
"900000",29500,"4",2893241,"1",
"900000",29500,"5",2893241,"1",
"980000",29500,"1",2893241,"1",
"980000",29500,"2",2893241,"1",
"980000",29500,"3",2893241,"1",
"980000",29500,"4",2893241,"1",
"980000",29500,"5",2893241,"1",
"980070",30300,"1",2893241,"1",
"980070",30300,"2",2893241,"1",
"980070",30300,"3",2893241,"1",
"980070",30300,"4",2893241,"1",
"980070",30300,"5",2893241,"1",
"900000",29500,"1",2893242,"1",
"900000",29500,"2",2893242,"1",
"900000",29500,"3",2893242,"1",
"900000",29500,"4",2893242,"1",
"900000",29500,"5",2893242,"1",
"980000",29500,"1",2893242,"1",
"980000",29500,"2",2893242,"1",
"980000",29500,"3",2893242,"1",
"980000",29500,"4",2893242,"1",
"980000",29500,"5",2893242,"1",
"980070",30300,"1",2893242,"1",
"980070",30300,"2",2893242,"1",
"980070",30300,"3",2893242,"1",
"980070",30300,"4",2893242,"1",
"980070",30300,"5",2893242,"1",
"900030",19116,"1",2893251,"1",
"900030",12456,"2",2893251,"1",
"900030",11472,"3",2893251,"1",
"900030",11112,"4",2893251,"1",
"900030",6000,"5",2893251,"1",
"900170",6549,"1",2893251,"1",
"900170",243,"2",2893251,"1",
"900170",2537,"3",2893251,"1",
"900170",2162,"4",2893251,"1",
"900170",8706,"5",2893251,"1",
"980000",25665,"1",2893251,"1",
"980000",12699,"2",2893251,"1",
"980000",14009,"3",2893251,"1",
"980000",13274,"4",2893251,"1",
"980000",14706,"5",2893251,"1",
"980070",25665,"1",2893251,"1",
"980070",12699,"2",2893251,"1",
"980070",14009,"3",2893251,"1",
"980070",13274,"4",2893251,"1",
"980070",14706,"5",2893251,"1",
"900030",10356,"1",2893252,"1",
"900030",17784,"2",2893252,"1",
"900030",11352,"3",2893252,"1",
"900030",11316,"4",2893252,"1",
"900030",7668,"5",2893252,"1",
"900170",10512,"1",2893252,"1",
"900170",274,"2",2893252,"1",
"900170",9754,"3",2893252,"1",
"900170",2373,"4",2893252,"1",
"900170",999,"5",2893252,"1",
"980000",20868,"1",2893252,"1",
"980000",18058,"2",2893252,"1",
"980000",21106,"3",2893252,"1",
"980000",13689,"4",2893252,"1",
"980000",8667,"5",2893252,"1",
"980070",20868,"1",2893252,"1",
"980070",18058,"2",2893252,"1",
"980070",21106,"3",2893252,"1",
"980070",13689,"4",2893252,"1",
"980070",8667,"5",2893252,"1",
"900030",3060,"1",2893261,"1",
"900030",21060,"2",2893261,"1",
"900030",13212,"3",2893261,"1",
"900030",22452,"4",2893261,"1",
"900030",18588,"5",2893261,"1",
"980000",3060,"1",2893261,"1",
"980000",21060,"2",2893261,"1",
"980000",13212,"3",2893261,"1",
"980000",22452,"4",2893261,"1",
"980000",18588,"5",2893261,"1",
"980070",3060,"1",2893261,"1",
"980070",21060,"2",2893261,"1",
"980070",13212,"3",2893261,"1",
"980070",22452,"4",2893261,"1",
"980070",18588,"5",2893261,"1",
"900170",26220,"1",2893262,"1",
"900170",1069,"2",2893262,"1",
"900170",45960,"3",2893262,"1",
"900170",5388,"4",2893262,"1",
"900170",21813,"5",2893262,"1",
"980000",26220,"1",2893262,"1",
"980000",1069,"2",2893262,"1",
"980000",45960,"3",2893262,"1",
"980000",5388,"4",2893262,"1",
"980000",21813,"5",2893262,"1",
"980070",26220,"1",2893262,"1",
"980070",1069,"2",2893262,"1",
"980070",45960,"3",2893262,"1",
"980070",5388,"4",2893262,"1",
"980070",21813,"5",2893262,"1",
"900030",20338,"1",2893281,"1",
"900030",20338,"2",2893281,"1",
"900030",20338,"3",2893281,"1",
"900030",20338,"4",2893281,"1",
"900030",20338,"5",2893281,"1",
"900090",2216,"1",2893281,"1",
"900090",2690,"2",2893281,"1",
"900090",2084,"3",2893281,"1",
"900090",2737,"4",2893281,"1",
"900090",2647,"5",2893281,"1",
"900170",2082,"1",2893281,"1",
"900170",2005,"2",2893281,"1",
"900170",2862,"3",2893281,"1",
"900170",2237,"4",2893281,"1",
"900170",2265,"5",2893281,"1",
"900210",2516,"1",2893281,"1",
"900210",2451,"2",2893281,"1",
"900210",2817,"3",2893281,"1",
"900210",2009,"4",2893281,"1",
"900210",2966,"5",2893281,"1",
"980000",27152,"1",2893281,"1",
"980000",27484,"2",2893281,"1",
"980000",28101,"3",2893281,"1",
"980000",27321,"4",2893281,"1",
"980000",28216,"5",2893281,"1",
"980070",27152,"1",2893281,"1",
"980070",27484,"2",2893281,"1",
"980070",28101,"3",2893281,"1",
"980070",27321,"4",2893281,"1",
"980070",28216,"5",2893281,"1",
"900030",20338,"1",2893282,"1",
"900030",20338,"2",2893282,"1",
"900030",20338,"3",2893282,"1",
"900030",20338,"4",2893282,"1",
"900030",20338,"5",2893282,"1",
"900090",2958,"1",2893282,"1",
"900090",2870,"2",2893282,"1",
"900090",2242,"3",2893282,"1",
"900090",2895,"4",2893282,"1",
"900090",2645,"5",2893282,"1",
"900170",2904,"1",2893282,"1",
"900170",2087,"2",2893282,"1",
"900170",2224,"3",2893282,"1",
"900170",2491,"4",2893282,"1",
"900170",2643,"5",2893282,"1",
"900210",2041,"1",2893282,"1",
"900210",2342,"2",2893282,"1",
"900210",2355,"3",2893282,"1",
"900210",2973,"4",2893282,"1",
"900210",2503,"5",2893282,"1",
"980000",28241,"1",2893282,"1",
"980000",27637,"2",2893282,"1",
"980000",27159,"3",2893282,"1",
"980000",28697,"4",2893282,"1",
"980000",28129,"5",2893282,"1",
"980070",28241,"1",2893282,"1",
"980070",27637,"2",2893282,"1",
"980070",27159,"3",2893282,"1",
"980070",28697,"4",2893282,"1",
"980070",28129,"5",2893282,"1",
"900000",32000,"1",2893292,"1",
"900000",32000,"2",2893292,"1",
"900000",32000,"3",2893292,"1",
"900000",32000,"4",2893292,"1",
"900000",32000,"5",2893292,"1",
"980000",32000,"1",2893292,"1",
"980000",32000,"2",2893292,"1",
"980000",32000,"3",2893292,"1",
"980000",32000,"4",2893292,"1",
"980000",32000,"5",2893292,"1",
"980070",31600,"1",2893292,"1",
"980070",31600,"2",2893292,"1",
"980070",31600,"3",2893292,"1",
"980070",31600,"4",2893292,"1",
"980070",31600,"5",2893292,"1",
"900030",30118,"1",2893301,"1",
"900030",30118,"2",2893301,"1",
"900030",30118,"3",2893301,"1",
"900030",30118,"4",2893301,"1",
"900030",30118,"5",2893301,"1",
"900170",4000,"1",2893301,"1",
"900170",4000,"2",2893301,"1",
"900170",4000,"3",2893301,"1",
"900170",4000,"4",2893301,"1",
"900170",4000,"5",2893301,"1",
"900180",2056,"1",2893301,"1",
"900180",2398,"2",2893301,"1",
"900180",2008,"3",2893301,"1",
"900180",2028,"4",2893301,"1",
"900180",2147,"5",2893301,"1",
"980000",36174,"1",2893301,"1",
"980000",36516,"2",2893301,"1",
"980000",36126,"3",2893301,"1",
"980000",36146,"4",2893301,"1",
"980000",36265,"5",2893301,"1",
"980070",36174,"1",2893301,"1",
"980070",36516,"2",2893301,"1",
"980070",36126,"3",2893301,"1",
"980070",36146,"4",2893301,"1",
"980070",36265,"5",2893301,"1",
"900030",30118,"1",2893302,"1",
"900030",30118,"2",2893302,"1",
"900030",30118,"3",2893302,"1",
"900030",30118,"4",2893302,"1",
"900030",30118,"5",2893302,"1",
"900170",4000,"1",2893302,"1",
"900170",4000,"2",2893302,"1",
"900170",4000,"3",2893302,"1",
"900170",4000,"4",2893302,"1",
"900170",4000,"5",2893302,"1",
"900180",2188,"1",2893302,"1",
"900180",2077,"2",2893302,"1",
"900180",2413,"3",2893302,"1",
"900180",2190,"4",2893302,"1",
"900180",2132,"5",2893302,"1",
"980000",36306,"1",2893302,"1",
"980000",36195,"2",2893302,"1",
"980000",36531,"3",2893302,"1",
"980000",36308,"4",2893302,"1",
"980000",36250,"5",2893302,"1",
"980070",36306,"1",2893302,"1",
"980070",36195,"2",2893302,"1",
"980070",36531,"3",2893302,"1",
"980070",36308,"4",2893302,"1",
"980070",36250,"5",2893302,"1",
"900000",84000,"1",2893311,"1",
"900000",84000,"2",2893311,"1",
"900000",84000,"3",2893311,"1",
"900000",84000,"4",2893311,"1",
"900000",84000,"5",2893311,"1",
"980000",84000,"1",2893311,"1",
"980000",84000,"2",2893311,"1",
"980000",84000,"3",2893311,"1",
"980000",84000,"4",2893311,"1",
"980000",84000,"5",2893311,"1",
"980070",90900,"1",2893311,"1",
"980070",90900,"2",2893311,"1",
"980070",90900,"3",2893311,"1",
"980070",90900,"4",2893311,"1",
"980070",90900,"5",2893311,"1",
"900000",84000,"1",2893312,"1",
"900000",84000,"2",2893312,"1",
"900000",84000,"3",2893312,"1",
"900000",84000,"4",2893312,"1",
"900000",84000,"5",2893312,"1",
"980000",84000,"1",2893312,"1",
"980000",84000,"2",2893312,"1",
"980000",84000,"3",2893312,"1",
"980000",84000,"4",2893312,"1",
"980000",84000,"5",2893312,"1",
"980070",90900,"1",2893312,"1",
"980070",90900,"2",2893312,"1",
"980070",90900,"3",2893312,"1",
"980070",90900,"4",2893312,"1",
"980070",90900,"5",2893312,"1",
"900000",80000,"1",2893321,"1",
"900000",80000,"2",2893321,"1",
"900000",80000,"3",2893321,"1",
"900000",80000,"4",2893321,"1",
"900000",80000,"5",2893321,"1",
"900180",20,"1",2893321,"1",
"900180",20,"2",2893321,"1",
"900180",20,"3",2893321,"1",
"900180",20,"4",2893321,"1",
"900180",20,"5",2893321,"1",
"980000",80020,"1",2893321,"1",
"980000",80020,"2",2893321,"1",
"980000",80020,"3",2893321,"1",
"980000",80020,"4",2893321,"1",
"980000",80020,"5",2893321,"1",
"980070",82120,"1",2893321,"1",
"980070",82120,"2",2893321,"1",
"980070",82120,"3",2893321,"1",
"980070",82120,"4",2893321,"1",
"980070",82120,"5",2893321,"1",
"900000",80000,"1",2893322,"1",
"900000",80000,"2",2893322,"1",
"900000",80000,"3",2893322,"1",
"900000",80000,"4",2893322,"1",
"900000",80000,"5",2893322,"1",
"900180",20,"1",2893322,"1",
"900180",20,"2",2893322,"1",
"900180",20,"3",2893322,"1",
"900180",20,"4",2893322,"1",
"900180",20,"5",2893322,"1",
"980000",80020,"1",2893322,"1",
"980000",80020,"2",2893322,"1",
"980000",80020,"3",2893322,"1",
"980000",80020,"4",2893322,"1",
"980000",80020,"5",2893322,"1",
"980070",82120,"1",2893322,"1",
"980070",82120,"2",2893322,"1",
"980070",82120,"3",2893322,"1",
"980070",82120,"4",2893322,"1",
"980070",82120,"5",2893322,"1",
"900000",35000,"1",2893351,"1",
"900000",35000,"2",2893351,"1",
"900000",35000,"3",2893351,"1",
"900000",35000,"4",2893351,"1",
"900000",35000,"5",2893351,"1",
"900180",870,"1",2893351,"1",
"900180",71,"2",2893351,"1",
"900180",21,"3",2893351,"1",
"900180",68,"4",2893351,"1",
"900180",846,"5",2893351,"1",
"980000",35870,"1",2893351,"1",
"980000",35071,"2",2893351,"1",
"980000",35021,"3",2893351,"1",
"980000",35068,"4",2893351,"1",
"980000",35846,"5",2893351,"1",
"980070",39102,"1",2893351,"1",
"980070",38303,"2",2893351,"1",
"980070",38253,"3",2893351,"1",
"980070",38300,"4",2893351,"1",
"980070",39078,"5",2893351,"1",
"900000",35000,"1",2893352,"1",
"900000",35000,"2",2893352,"1",
"900000",35000,"3",2893352,"1",
"900000",35000,"4",2893352,"1",
"900000",35000,"5",2893352,"1",
"900180",97,"1",2893352,"1",
"900180",670,"2",2893352,"1",
"900180",22,"3",2893352,"1",
"900180",98,"4",2893352,"1",
"900180",48,"5",2893352,"1",
"980000",35097,"1",2893352,"1",
"980000",35670,"2",2893352,"1",
"980000",35022,"3",2893352,"1",
"980000",35098,"4",2893352,"1",
"980000",35048,"5",2893352,"1",
"980070",38329,"1",2893352,"1",
"980070",38902,"2",2893352,"1",
"980070",38254,"3",2893352,"1",
"980070",38330,"4",2893352,"1",
"980070",38280,"5",2893352,"1",
"900000",77170,"1",2893361,"1",
"900000",63035,"2",2893361,"1",
"900000",58917,"3",2893361,"1",
"900000",72021,"4",2893361,"1",
"900000",55945,"5",2893361,"1",
"900190",14400,"1",2893361,"1",
"900190",14400,"2",2893361,"1",
"900190",14400,"3",2893361,"1",
"900190",14400,"4",2893361,"1",
"900190",14400,"5",2893361,"1",
"980000",91570,"1",2893361,"1",
"980000",77435,"2",2893361,"1",
"980000",73317,"3",2893361,"1",
"980000",86421,"4",2893361,"1",
"980000",70345,"5",2893361,"1",
"980070",97870,"1",2893361,"1",
"980070",83735,"2",2893361,"1",
"980070",79617,"3",2893361,"1",
"980070",92721,"4",2893361,"1",
"980070",76645,"5",2893361,"1",
"900000",63797,"1",2893362,"1",
"900000",90619,"2",2893362,"1",
"900000",61244,"3",2893362,"1",
"900000",85002,"4",2893362,"1",
"900000",57991,"5",2893362,"1",
"900190",14400,"1",2893362,"1",
"900190",14400,"2",2893362,"1",
"900190",14400,"3",2893362,"1",
"900190",14400,"4",2893362,"1",
"900190",14400,"5",2893362,"1",
"980000",78197,"1",2893362,"1",
"980000",105019,"2",2893362,"1",
"980000",75644,"3",2893362,"1",
"980000",99402,"4",2893362,"1",
"980000",72391,"5",2893362,"1",
"980070",84497,"1",2893362,"1",
"980070",111319,"2",2893362,"1",
"980070",81944,"3",2893362,"1",
"980070",105702,"4",2893362,"1",
"980070",78691,"5",2893362,"1",
"900030",20400,"1",2893391,"1",
"900030",20400,"2",2893391,"1",
"900030",20400,"3",2893391,"1",
"900030",20400,"4",2893391,"1",
"900030",20400,"5",2893391,"1",
"900160",35521,"1",2893391,"1",
"900160",86213,"2",2893391,"1",
"900160",4008,"3",2893391,"1",
"900160",22269,"4",2893391,"1",
"900160",8463,"5",2893391,"1",
"980000",55921,"1",2893391,"1",
"980000",106613,"2",2893391,"1",
"980000",24408,"3",2893391,"1",
"980000",42669,"4",2893391,"1",
"980000",28863,"5",2893391,"1",
"980070",56123,"1",2893391,"1",
"980070",106815,"2",2893391,"1",
"980070",24610,"3",2893391,"1",
"980070",42871,"4",2893391,"1",
"980070",29065,"5",2893391,"1",
"900030",20400,"1",2893392,"1",
"900030",20400,"2",2893392,"1",
"900030",20400,"3",2893392,"1",
"900030",20400,"4",2893392,"1",
"900030",20400,"5",2893392,"1",
"900160",13039,"1",2893392,"1",
"900160",50502,"2",2893392,"1",
"900160",9293,"3",2893392,"1",
"900160",10350,"4",2893392,"1",
"900160",32907,"5",2893392,"1",
"980000",33439,"1",2893392,"1",
"980000",70902,"2",2893392,"1",
"980000",29693,"3",2893392,"1",
"980000",30750,"4",2893392,"1",
"980000",53307,"5",2893392,"1",
"980070",33641,"1",2893392,"1",
"980070",71104,"2",2893392,"1",
"980070",29895,"3",2893392,"1",
"980070",30952,"4",2893392,"1",
"980070",53509,"5",2893392,"1",
"900000",70000,"1",2893401,"1",
"900000",70000,"2",2893401,"1",
"900000",70000,"3",2893401,"1",
"900000",70000,"4",2893401,"1",
"900000",70000,"5",2893401,"1",
"950002",5833,"1",2893401,"1",
"950002",5833,"2",2893401,"1",
"950002",5833,"3",2893401,"1",
"950002",5833,"4",2893401,"1",
"950002",5833,"5",2893401,"1",
"980000",70000,"1",2893401,"1",
"980000",70000,"2",2893401,"1",
"980000",70000,"3",2893401,"1",
"980000",70000,"4",2893401,"1",
"980000",70000,"5",2893401,"1",
"980070",64752,"1",2893401,"1",
"980070",64752,"2",2893401,"1",
"980070",64752,"3",2893401,"1",
"980070",64752,"4",2893401,"1",
"980070",64752,"5",2893401,"1",
"900000",70000,"1",2893402,"1",
"900000",70000,"2",2893402,"1",
"900000",70000,"3",2893402,"1",
"900000",70000,"4",2893402,"1",
"900000",70000,"5",2893402,"1",
"950002",5833,"1",2893402,"1",
"950002",5833,"2",2893402,"1",
"950002",5833,"3",2893402,"1",
"950002",5833,"4",2893402,"1",
"950002",5833,"5",2893402,"1",
"980000",70000,"1",2893402,"1",
"980000",70000,"2",2893402,"1",
"980000",70000,"3",2893402,"1",
"980000",70000,"4",2893402,"1",
"980000",70000,"5",2893402,"1",
"980070",64752,"1",2893402,"1",
"980070",64752,"2",2893402,"1",
"980070",64752,"3",2893402,"1",
"980070",64752,"4",2893402,"1",
"980070",64752,"5",2893402,"1",
"900000",83490,"1",2893411,"1",
"900000",31701,"2",2893411,"1",
"900000",68722,"3",2893411,"1",
"900000",26706,"4",2893411,"1",
"900000",58728,"5",2893411,"1",
"980000",83490,"1",2893411,"1",
"980000",31701,"2",2893411,"1",
"980000",68722,"3",2893411,"1",
"980000",26706,"4",2893411,"1",
"980000",58728,"5",2893411,"1",
"980070",83490,"1",2893411,"1",
"980070",31701,"2",2893411,"1",
"980070",68722,"3",2893411,"1",
"980070",26706,"4",2893411,"1",
"980070",58728,"5",2893411,"1",
"900000",50906,"1",2893412,"1",
"900000",114120,"2",2893412,"1",
"900000",63683,"3",2893412,"1",
"900000",109907,"4",2893412,"1",
"900000",50070,"5",2893412,"1",
"980000",50906,"1",2893412,"1",
"980000",114120,"2",2893412,"1",
"980000",63683,"3",2893412,"1",
"980000",109907,"4",2893412,"1",
"980000",50070,"5",2893412,"1",
"980070",50906,"1",2893412,"1",
"980070",114120,"2",2893412,"1",
"980070",63683,"3",2893412,"1",
"980070",109907,"4",2893412,"1",
"980070",50070,"5",2893412,"1",
"900000",150000,"1",2893441,"1",
"900000",150000,"2",2893441,"1",
"900000",150000,"3",2893441,"1",
"900000",150000,"4",2893441,"1",
"900000",150000,"5",2893441,"1",
"900030",16007,"1",2893441,"1",
"900030",15239,"2",2893441,"1",
"900030",13679,"3",2893441,"1",
"900030",16619,"4",2893441,"1",
"900030",16307,"5",2893441,"1",
"900170",19742,"1",2893441,"1",
"900170",18993,"2",2893441,"1",
"900170",17942,"3",2893441,"1",
"900170",18539,"4",2893441,"1",
"900170",15294,"5",2893441,"1",
"900180",500,"1",2893441,"1",
"900180",500,"2",2893441,"1",
"900180",500,"3",2893441,"1",
"900180",500,"4",2893441,"1",
"900180",500,"5",2893441,"1",
"900190",24000,"1",2893441,"1",
"900190",24000,"2",2893441,"1",
"900190",24000,"3",2893441,"1",
"900190",24000,"4",2893441,"1",
"900190",24000,"5",2893441,"1",
"980000",210249,"1",2893441,"1",
"980000",208732,"2",2893441,"1",
"980000",206121,"3",2893441,"1",
"980000",209658,"4",2893441,"1",
"980000",206101,"5",2893441,"1",
"980070",210249,"1",2893441,"1",
"980070",208732,"2",2893441,"1",
"980070",206121,"3",2893441,"1",
"980070",209658,"4",2893441,"1",
"980070",206101,"5",2893441,"1",
"900000",150000,"1",2893442,"1",
"900000",150000,"2",2893442,"1",
"900000",150000,"3",2893442,"1",
"900000",150000,"4",2893442,"1",
"900000",150000,"5",2893442,"1",
"900030",14423,"1",2893442,"1",
"900030",15131,"2",2893442,"1",
"900030",13487,"3",2893442,"1",
"900030",16787,"4",2893442,"1",
"900030",16223,"5",2893442,"1",
"900170",19324,"1",2893442,"1",
"900170",18532,"2",2893442,"1",
"900170",17764,"3",2893442,"1",
"900170",17570,"4",2893442,"1",
"900170",18653,"5",2893442,"1",
"900180",500,"1",2893442,"1",
"900180",500,"2",2893442,"1",
"900180",500,"3",2893442,"1",
"900180",500,"4",2893442,"1",
"900180",500,"5",2893442,"1",
"900190",24000,"1",2893442,"1",
"900190",24000,"2",2893442,"1",
"900190",24000,"3",2893442,"1",
"900190",24000,"4",2893442,"1",
"900190",24000,"5",2893442,"1",
"980000",208247,"1",2893442,"1",
"980000",208163,"2",2893442,"1",
"980000",205751,"3",2893442,"1",
"980000",208857,"4",2893442,"1",
"980000",209376,"5",2893442,"1",
"980070",208247,"1",2893442,"1",
"980070",208163,"2",2893442,"1",
"980070",205751,"3",2893442,"1",
"980070",208857,"4",2893442,"1",
"980070",209376,"5",2893442,"1",
"900000",84025,"1",2893451,"1",
"900000",57919,"2",2893451,"1",
"900000",14663,"3",2893451,"1",
"900000",41549,"4",2893451,"1",
"900000",82124,"5",2893451,"1",
"980000",84025,"1",2893451,"1",
"980000",57919,"2",2893451,"1",
"980000",14663,"3",2893451,"1",
"980000",41549,"4",2893451,"1",
"980000",82124,"5",2893451,"1",
"980070",84025,"1",2893451,"1",
"980070",57919,"2",2893451,"1",
"980070",14663,"3",2893451,"1",
"980070",41549,"4",2893451,"1",
"980070",82124,"5",2893451,"1",
"900000",28107,"1",2893452,"1",
"900000",58239,"2",2893452,"1",
"900000",19709,"3",2893452,"1",
"900000",82194,"4",2893452,"1",
"900000",75142,"5",2893452,"1",
"980000",28107,"1",2893452,"1",
"980000",58239,"2",2893452,"1",
"980000",19709,"3",2893452,"1",
"980000",82194,"4",2893452,"1",
"980000",75142,"5",2893452,"1",
"980070",28107,"1",2893452,"1",
"980070",58239,"2",2893452,"1",
"980070",19709,"3",2893452,"1",
"980070",82194,"4",2893452,"1",
"980070",75142,"5",2893452,"1",
"800940",2459,"1",2893461,"1",
"800940",5505,"2",2893461,"1",
"800940",5695,"3",2893461,"1",
"800940",1179,"4",2893461,"1",
"800940",4334,"5",2893461,"1",
"900000",24385,"1",2893461,"1",
"900000",28049,"2",2893461,"1",
"900000",28702,"3",2893461,"1",
"900000",28638,"4",2893461,"1",
"900000",25083,"5",2893461,"1",
"900160",4072,"1",2893461,"1",
"900160",23983,"2",2893461,"1",
"900160",25224,"3",2893461,"1",
"900160",-4292,"4",2893461,"1",
"900160",16326,"5",2893461,"1",
"980000",28457,"1",2893461,"1",
"980000",52032,"2",2893461,"1",
"980000",53926,"3",2893461,"1",
"980000",24346,"4",2893461,"1",
"980000",41409,"5",2893461,"1",
"980070",28457,"1",2893461,"1",
"980070",52032,"2",2893461,"1",
"980070",53926,"3",2893461,"1",
"980070",24346,"4",2893461,"1",
"980070",41409,"5",2893461,"1",
"800940",2023,"1",2893462,"1",
"800940",4963,"2",2893462,"1",
"800940",2228,"3",2893462,"1",
"800940",9729,"4",2893462,"1",
"800940",6640,"5",2893462,"1",
"900000",24511,"1",2893462,"1",
"900000",24854,"2",2893462,"1",
"900000",24561,"3",2893462,"1",
"900000",25193,"4",2893462,"1",
"900000",28575,"5",2893462,"1",
"900160",1220,"1",2893462,"1",
"900160",20440,"2",2893462,"1",
"900160",2565,"3",2893462,"1",
"900160",51589,"4",2893462,"1",
"900160",31399,"5",2893462,"1",
"980000",25731,"1",2893462,"1",
"980000",45294,"2",2893462,"1",
"980000",27126,"3",2893462,"1",
"980000",76782,"4",2893462,"1",
"980000",59974,"5",2893462,"1",
"980070",25731,"1",2893462,"1",
"980070",45294,"2",2893462,"1",
"980070",27126,"3",2893462,"1",
"980070",76782,"4",2893462,"1",
"980070",59974,"5",2893462,"1",
"900000",92000,"1",2893481,"1",
"900000",92000,"2",2893481,"1",
"900000",92000,"3",2893481,"1",
"900000",92000,"4",2893481,"1",
"900000",92000,"5",2893481,"1",
"900180",50,"1",2893481,"1",
"900180",50,"2",2893481,"1",
"900180",50,"3",2893481,"1",
"900180",50,"4",2893481,"1",
"900180",50,"5",2893481,"1",
"950002",10173,"1",2893481,"1",
"950002",10173,"2",2893481,"1",
"950002",10173,"3",2893481,"1",
"950002",10173,"4",2893481,"1",
"950002",10173,"5",2893481,"1",
"950012",6397,"1",2893481,"1",
"950012",6397,"2",2893481,"1",
"950012",6397,"3",2893481,"1",
"950012",6397,"4",2893481,"1",
"950012",6397,"5",2893481,"1",
"980000",92050,"1",2893481,"1",
"980000",92050,"2",2893481,"1",
"980000",92050,"3",2893481,"1",
"980000",92050,"4",2893481,"1",
"980000",92050,"5",2893481,"1",
"980070",76180,"1",2893481,"1",
"980070",76180,"2",2893481,"1",
"980070",76180,"3",2893481,"1",
"980070",76180,"4",2893481,"1",
"980070",76180,"5",2893481,"1",
"900000",92000,"1",2893482,"1",
"900000",92000,"2",2893482,"1",
"900000",92000,"3",2893482,"1",
"900000",92000,"4",2893482,"1",
"900000",92000,"5",2893482,"1",
"900180",50,"1",2893482,"1",
"900180",50,"2",2893482,"1",
"900180",50,"3",2893482,"1",
"900180",50,"4",2893482,"1",
"900180",50,"5",2893482,"1",
"950002",10173,"1",2893482,"1",
"950002",10173,"2",2893482,"1",
"950002",10173,"3",2893482,"1",
"950002",10173,"4",2893482,"1",
"950002",10173,"5",2893482,"1",
"950012",6397,"1",2893482,"1",
"950012",6397,"2",2893482,"1",
"950012",6397,"3",2893482,"1",
"950012",6397,"4",2893482,"1",
"950012",6397,"5",2893482,"1",
"980000",92050,"1",2893482,"1",
"980000",92050,"2",2893482,"1",
"980000",92050,"3",2893482,"1",
"980000",92050,"4",2893482,"1",
"980000",92050,"5",2893482,"1",
"980070",76180,"1",2893482,"1",
"980070",76180,"2",2893482,"1",
"980070",76180,"3",2893482,"1",
"980070",76180,"4",2893482,"1",
"980070",76180,"5",2893482,"1",
"900000",40000,"1",2893531,"1",
"900000",40000,"2",2893531,"1",
"900000",40000,"3",2893531,"1",
"900000",40000,"4",2893531,"1",
"900000",40000,"5",2893531,"1",
"900030",7200,"1",2893531,"1",
"900030",7200,"2",2893531,"1",
"900030",7200,"3",2893531,"1",
"900030",7200,"4",2893531,"1",
"900030",7200,"5",2893531,"1",
"980000",47200,"1",2893531,"1",
"980000",47200,"2",2893531,"1",
"980000",47200,"3",2893531,"1",
"980000",47200,"4",2893531,"1",
"980000",47200,"5",2893531,"1",
"980070",48200,"1",2893531,"1",
"980070",48200,"2",2893531,"1",
"980070",48200,"3",2893531,"1",
"980070",48200,"4",2893531,"1",
"980070",48200,"5",2893531,"1",
"900000",40000,"1",2893532,"1",
"900000",40000,"2",2893532,"1",
"900000",40000,"3",2893532,"1",
"900000",40000,"4",2893532,"1",
"900000",40000,"5",2893532,"1",
"900030",7200,"1",2893532,"1",
"900030",7200,"2",2893532,"1",
"900030",7200,"3",2893532,"1",
"900030",7200,"4",2893532,"1",
"900030",7200,"5",2893532,"1",
"980000",47200,"1",2893532,"1",
"980000",47200,"2",2893532,"1",
"980000",47200,"3",2893532,"1",
"980000",47200,"4",2893532,"1",
"980000",47200,"5",2893532,"1",
"980070",48200,"1",2893532,"1",
"980070",48200,"2",2893532,"1",
"980070",48200,"3",2893532,"1",
"980070",48200,"4",2893532,"1",
"980070",48200,"5",2893532,"1",
"900030",14387,"1",2893541,"1",
"900030",14387,"2",2893541,"1",
"900030",14387,"3",2893541,"1",
"900030",14387,"4",2893541,"1",
"900030",14387,"5",2893541,"1",
"900150",180,"1",2893541,"1",
"900150",180,"2",2893541,"1",
"900150",180,"3",2893541,"1",
"900150",180,"4",2893541,"1",
"900150",180,"5",2893541,"1",
"980000",14567,"1",2893541,"1",
"980000",14567,"2",2893541,"1",
"980000",14567,"3",2893541,"1",
"980000",14567,"4",2893541,"1",
"980000",14567,"5",2893541,"1",
"980070",14567,"1",2893541,"1",
"980070",14567,"2",2893541,"1",
"980070",14567,"3",2893541,"1",
"980070",14567,"4",2893541,"1",
"980070",14567,"5",2893541,"1",
"900030",14387,"1",2893542,"1",
"900030",14387,"2",2893542,"1",
"900030",14387,"3",2893542,"1",
"900030",14387,"4",2893542,"1",
"900030",14387,"5",2893542,"1",
"900150",180,"1",2893542,"1",
"900150",180,"2",2893542,"1",
"900150",180,"3",2893542,"1",
"900150",180,"4",2893542,"1",
"900150",180,"5",2893542,"1",
"980000",14567,"1",2893542,"1",
"980000",14567,"2",2893542,"1",
"980000",14567,"3",2893542,"1",
"980000",14567,"4",2893542,"1",
"980000",14567,"5",2893542,"1",
"980070",14567,"1",2893542,"1",
"980070",14567,"2",2893542,"1",
"980070",14567,"3",2893542,"1",
"980070",14567,"4",2893542,"1",
"980070",14567,"5",2893542,"1",
"900000",86756,"1",2893571,"1",
"900000",89018,"2",2893571,"1",
"900000",85946,"3",2893571,"1",
"900000",89440,"4",2893571,"1",
"900000",86734,"5",2893571,"1",
"950002",1750,"1",2893571,"1",
"950002",1750,"2",2893571,"1",
"950002",1750,"3",2893571,"1",
"950002",1750,"4",2893571,"1",
"950002",1750,"5",2893571,"1",
"950012",1159,"1",2893571,"1",
"950012",1159,"2",2893571,"1",
"950012",1159,"3",2893571,"1",
"950012",1159,"4",2893571,"1",
"950012",1159,"5",2893571,"1",
"980000",86756,"1",2893571,"1",
"980000",89018,"2",2893571,"1",
"980000",85946,"3",2893571,"1",
"980000",89440,"4",2893571,"1",
"980000",86734,"5",2893571,"1",
"980070",85170,"1",2893571,"1",
"980070",87432,"2",2893571,"1",
"980070",84360,"3",2893571,"1",
"980070",87854,"4",2893571,"1",
"980070",85148,"5",2893571,"1",
"900000",86750,"1",2893572,"1",
"900000",89939,"2",2893572,"1",
"900000",85472,"3",2893572,"1",
"900000",86848,"4",2893572,"1",
"900000",85955,"5",2893572,"1",
"950002",1750,"1",2893572,"1",
"950002",1750,"2",2893572,"1",
"950002",1750,"3",2893572,"1",
"950002",1750,"4",2893572,"1",
"950002",1750,"5",2893572,"1",
"950012",1159,"1",2893572,"1",
"950012",1159,"2",2893572,"1",
"950012",1159,"3",2893572,"1",
"950012",1159,"4",2893572,"1",
"950012",1159,"5",2893572,"1",
"980000",86750,"1",2893572,"1",
"980000",89939,"2",2893572,"1",
"980000",85472,"3",2893572,"1",
"980000",86848,"4",2893572,"1",
"980000",85955,"5",2893572,"1",
"980070",85164,"1",2893572,"1",
"980070",88353,"2",2893572,"1",
"980070",83886,"3",2893572,"1",
"980070",85262,"4",2893572,"1",
"980070",84369,"5",2893572,"1",
"900030",21876,"1",2893611,"1",
"900030",29988,"2",2893611,"1",
"900030",35268,"3",2893611,"1",
"900030",44088,"4",2893611,"1",
"900030",38364,"5",2893611,"1",
"980000",21876,"1",2893611,"1",
"980000",29988,"2",2893611,"1",
"980000",35268,"3",2893611,"1",
"980000",44088,"4",2893611,"1",
"980000",38364,"5",2893611,"1",
"980070",21876,"1",2893611,"1",
"980070",29988,"2",2893611,"1",
"980070",35268,"3",2893611,"1",
"980070",44088,"4",2893611,"1",
"980070",38364,"5",2893611,"1",
"900030",12864,"1",2893612,"1",
"900030",7344,"2",2893612,"1",
"900030",18756,"3",2893612,"1",
"900030",6288,"4",2893612,"1",
"900030",10116,"5",2893612,"1",
"900170",7187,"1",2893612,"1",
"900170",3190,"2",2893612,"1",
"900170",737,"3",2893612,"1",
"900170",25645,"4",2893612,"1",
"900170",7316,"5",2893612,"1",
"980000",20051,"1",2893612,"1",
"980000",10534,"2",2893612,"1",
"980000",19493,"3",2893612,"1",
"980000",31933,"4",2893612,"1",
"980000",17432,"5",2893612,"1",
"980070",20051,"1",2893612,"1",
"980070",10534,"2",2893612,"1",
"980070",19493,"3",2893612,"1",
"980070",31933,"4",2893612,"1",
"980070",17432,"5",2893612,"1",
"900030",36250,"1",2893621,"1",
"900030",36250,"2",2893621,"1",
"900030",36250,"3",2893621,"1",
"900030",36250,"4",2893621,"1",
"900030",36250,"5",2893621,"1",
"980000",36250,"1",2893621,"1",
"980000",36250,"2",2893621,"1",
"980000",36250,"3",2893621,"1",
"980000",36250,"4",2893621,"1",
"980000",36250,"5",2893621,"1",
"980070",36250,"1",2893621,"1",
"980070",36250,"2",2893621,"1",
"980070",36250,"3",2893621,"1",
"980070",36250,"4",2893621,"1",
"980070",36250,"5",2893621,"1",
"900030",36250,"1",2893622,"1",
"900030",36250,"2",2893622,"1",
"900030",36250,"3",2893622,"1",
"900030",36250,"4",2893622,"1",
"900030",36250,"5",2893622,"1",
"980000",36250,"1",2893622,"1",
"980000",36250,"2",2893622,"1",
"980000",36250,"3",2893622,"1",
"980000",36250,"4",2893622,"1",
"980000",36250,"5",2893622,"1",
"980070",36250,"1",2893622,"1",
"980070",36250,"2",2893622,"1",
"980070",36250,"3",2893622,"1",
"980070",36250,"4",2893622,"1",
"980070",36250,"5",2893622,"1",
"900030",4211,"1",2893631,"1",
"900030",4211,"2",2893631,"1",
"900030",4211,"3",2893631,"1",
"900030",4211,"4",2893631,"1",
"900030",4211,"5",2893631,"1",
"900090",495,"1",2893631,"1",
"900090",495,"2",2893631,"1",
"900090",495,"3",2893631,"1",
"900090",495,"4",2893631,"1",
"900090",495,"5",2893631,"1",
"900150",840,"1",2893631,"1",
"900150",840,"2",2893631,"1",
"900150",840,"3",2893631,"1",
"900150",840,"4",2893631,"1",
"900150",840,"5",2893631,"1",
"980000",5546,"1",2893631,"1",
"980000",5546,"2",2893631,"1",
"980000",5546,"3",2893631,"1",
"980000",5546,"4",2893631,"1",
"980000",5546,"5",2893631,"1",
"980070",5546,"1",2893631,"1",
"980070",5546,"2",2893631,"1",
"980070",5546,"3",2893631,"1",
"980070",5546,"4",2893631,"1",
"980070",5546,"5",2893631,"1",
"900000",16000,"1",2893641,"1",
"900000",16000,"2",2893641,"1",
"900000",16000,"3",2893641,"1",
"900000",16000,"4",2893641,"1",
"900000",16000,"5",2893641,"1",
"900170",36000,"1",2893641,"1",
"900170",36000,"2",2893641,"1",
"900170",36000,"3",2893641,"1",
"900170",36000,"4",2893641,"1",
"900170",36000,"5",2893641,"1",
"980000",52000,"1",2893641,"1",
"980000",52000,"2",2893641,"1",
"980000",52000,"3",2893641,"1",
"980000",52000,"4",2893641,"1",
"980000",52000,"5",2893641,"1",
"980070",52500,"1",2893641,"1",
"980070",52500,"2",2893641,"1",
"980070",52500,"3",2893641,"1",
"980070",52500,"4",2893641,"1",
"980070",52500,"5",2893641,"1",
"900000",16000,"1",2893642,"1",
"900000",16000,"2",2893642,"1",
"900000",16000,"3",2893642,"1",
"900000",16000,"4",2893642,"1",
"900000",16000,"5",2893642,"1",
"900170",36000,"1",2893642,"1",
"900170",36000,"2",2893642,"1",
"900170",36000,"3",2893642,"1",
"900170",36000,"4",2893642,"1",
"900170",36000,"5",2893642,"1",
"980000",52000,"1",2893642,"1",
"980000",52000,"2",2893642,"1",
"980000",52000,"3",2893642,"1",
"980000",52000,"4",2893642,"1",
"980000",52000,"5",2893642,"1",
"980070",52500,"1",2893642,"1",
"980070",52500,"2",2893642,"1",
"980070",52500,"3",2893642,"1",
"980070",52500,"4",2893642,"1",
"980070",52500,"5",2893642,"1",
"900000",29000,"1",2893681,"1",
"900000",29000,"2",2893681,"1",
"900000",29000,"3",2893681,"1",
"900000",29000,"4",2893681,"1",
"900000",29000,"5",2893681,"1",
"950002",4543,"1",2893681,"1",
"950002",4543,"2",2893681,"1",
"950002",4543,"3",2893681,"1",
"950002",4543,"4",2893681,"1",
"950002",4543,"5",2893681,"1",
"980000",29000,"1",2893681,"1",
"980000",29000,"2",2893681,"1",
"980000",29000,"3",2893681,"1",
"980000",29000,"4",2893681,"1",
"980000",29000,"5",2893681,"1",
"980070",24457,"1",2893681,"1",
"980070",24457,"2",2893681,"1",
"980070",24457,"3",2893681,"1",
"980070",24457,"4",2893681,"1",
"980070",24457,"5",2893681,"1",
"900000",29000,"1",2893682,"1",
"900000",29000,"2",2893682,"1",
"900000",29000,"3",2893682,"1",
"900000",29000,"4",2893682,"1",
"900000",29000,"5",2893682,"1",
"950002",4543,"1",2893682,"1",
"950002",4543,"2",2893682,"1",
"950002",4543,"3",2893682,"1",
"950002",4543,"4",2893682,"1",
"950002",4543,"5",2893682,"1",
"980000",29000,"1",2893682,"1",
"980000",29000,"2",2893682,"1",
"980000",29000,"3",2893682,"1",
"980000",29000,"4",2893682,"1",
"980000",29000,"5",2893682,"1",
"980070",24457,"1",2893682,"1",
"980070",24457,"2",2893682,"1",
"980070",24457,"3",2893682,"1",
"980070",24457,"4",2893682,"1",
"980070",24457,"5",2893682,"1",
"900000",57097,"1",2893691,"1",
"900000",50962,"2",2893691,"1",
"900000",59713,"3",2893691,"1",
"900000",64992,"4",2893691,"1",
"900000",55572,"5",2893691,"1",
"980000",57097,"1",2893691,"1",
"980000",50962,"2",2893691,"1",
"980000",59713,"3",2893691,"1",
"980000",64992,"4",2893691,"1",
"980000",55572,"5",2893691,"1",
"980070",57097,"1",2893691,"1",
"980070",50962,"2",2893691,"1",
"980070",59713,"3",2893691,"1",
"980070",64992,"4",2893691,"1",
"980070",55572,"5",2893691,"1",
"900000",56225,"1",2893692,"1",
"900000",66244,"2",2893692,"1",
"900000",51380,"3",2893692,"1",
"900000",61469,"4",2893692,"1",
"900000",66544,"5",2893692,"1",
"980000",56225,"1",2893692,"1",
"980000",66244,"2",2893692,"1",
"980000",51380,"3",2893692,"1",
"980000",61469,"4",2893692,"1",
"980000",66544,"5",2893692,"1",
"980070",56225,"1",2893692,"1",
"980070",66244,"2",2893692,"1",
"980070",51380,"3",2893692,"1",
"980070",61469,"4",2893692,"1",
"980070",66544,"5",2893692,"1",
"900160",33921,"1",2893711,"1",
"900160",31196,"2",2893711,"1",
"900160",30239,"3",2893711,"1",
"900160",34883,"4",2893711,"1",
"900160",32099,"5",2893711,"1",
"980000",33921,"1",2893711,"1",
"980000",31196,"2",2893711,"1",
"980000",30239,"3",2893711,"1",
"980000",34883,"4",2893711,"1",
"980000",32099,"5",2893711,"1",
"980070",33921,"1",2893711,"1",
"980070",31196,"2",2893711,"1",
"980070",30239,"3",2893711,"1",
"980070",34883,"4",2893711,"1",
"980070",32099,"5",2893711,"1",
"900160",33535,"1",2893712,"1",
"900160",30313,"2",2893712,"1",
"900160",32968,"3",2893712,"1",
"900160",37481,"4",2893712,"1",
"900160",31519,"5",2893712,"1",
"980000",33535,"1",2893712,"1",
"980000",30313,"2",2893712,"1",
"980000",32968,"3",2893712,"1",
"980000",37481,"4",2893712,"1",
"980000",31519,"5",2893712,"1",
"980070",33535,"1",2893712,"1",
"980070",30313,"2",2893712,"1",
"980070",32968,"3",2893712,"1",
"980070",37481,"4",2893712,"1",
"980070",31519,"5",2893712,"1",
"900000",81507,"1",2893721,"1",
"900000",84905,"2",2893721,"1",
"900000",80803,"3",2893721,"1",
"900000",83209,"4",2893721,"1",
"900000",82423,"5",2893721,"1",
"900030",6984,"1",2893721,"1",
"900030",6984,"2",2893721,"1",
"900030",6984,"3",2893721,"1",
"900030",6984,"4",2893721,"1",
"900030",6984,"5",2893721,"1",
"980000",88491,"1",2893721,"1",
"980000",91889,"2",2893721,"1",
"980000",87787,"3",2893721,"1",
"980000",90193,"4",2893721,"1",
"980000",89407,"5",2893721,"1",
"980070",88491,"1",2893721,"1",
"980070",91889,"2",2893721,"1",
"980070",87787,"3",2893721,"1",
"980070",90193,"4",2893721,"1",
"980070",89407,"5",2893721,"1",
"900000",80585,"1",2893722,"1",
"900000",80158,"2",2893722,"1",
"900000",82232,"3",2893722,"1",
"900000",80521,"4",2893722,"1",
"900000",82750,"5",2893722,"1",
"900030",6984,"1",2893722,"1",
"900030",6984,"2",2893722,"1",
"900030",6984,"3",2893722,"1",
"900030",6984,"4",2893722,"1",
"900030",6984,"5",2893722,"1",
"980000",87569,"1",2893722,"1",
"980000",87142,"2",2893722,"1",
"980000",89216,"3",2893722,"1",
"980000",87505,"4",2893722,"1",
"980000",89734,"5",2893722,"1",
"980070",87569,"1",2893722,"1",
"980070",87142,"2",2893722,"1",
"980070",89216,"3",2893722,"1",
"980070",87505,"4",2893722,"1",
"980070",89734,"5",2893722,"1",
"900030",12408,"1",2893731,"1",
"900030",12408,"2",2893731,"1",
"900030",12408,"3",2893731,"1",
"900030",12408,"4",2893731,"1",
"900030",12408,"5",2893731,"1",
"900150",864,"1",2893731,"1",
"900150",864,"2",2893731,"1",
"900150",864,"3",2893731,"1",
"900150",864,"4",2893731,"1",
"900150",864,"5",2893731,"1",
"980000",13272,"1",2893731,"1",
"980000",13272,"2",2893731,"1",
"980000",13272,"3",2893731,"1",
"980000",13272,"4",2893731,"1",
"980000",13272,"5",2893731,"1",
"980070",13382,"1",2893731,"1",
"980070",13382,"2",2893731,"1",
"980070",13382,"3",2893731,"1",
"980070",13382,"4",2893731,"1",
"980070",13382,"5",2893731,"1",
"900030",12408,"1",2893732,"1",
"900030",12408,"2",2893732,"1",
"900030",12408,"3",2893732,"1",
"900030",12408,"4",2893732,"1",
"900030",12408,"5",2893732,"1",
"900150",864,"1",2893732,"1",
"900150",864,"2",2893732,"1",
"900150",864,"3",2893732,"1",
"900150",864,"4",2893732,"1",
"900150",864,"5",2893732,"1",
"980000",13272,"1",2893732,"1",
"980000",13272,"2",2893732,"1",
"980000",13272,"3",2893732,"1",
"980000",13272,"4",2893732,"1",
"980000",13272,"5",2893732,"1",
"980070",13382,"1",2893732,"1",
"980070",13382,"2",2893732,"1",
"980070",13382,"3",2893732,"1",
"980070",13382,"4",2893732,"1",
"980070",13382,"5",2893732,"1",
"900000",3000,"1",2893761,"1",
"900000",3000,"2",2893761,"1",
"900000",3000,"3",2893761,"1",
"900000",3000,"4",2893761,"1",
"900000",3000,"5",2893761,"1",
"900030",39687,"1",2893761,"1",
"900030",39687,"2",2893761,"1",
"900030",39687,"3",2893761,"1",
"900030",39687,"4",2893761,"1",
"900030",39687,"5",2893761,"1",
"900090",152,"1",2893761,"1",
"900090",152,"2",2893761,"1",
"900090",152,"3",2893761,"1",
"900090",152,"4",2893761,"1",
"900090",152,"5",2893761,"1",
"900120",1500,"1",2893761,"1",
"900120",1500,"2",2893761,"1",
"900120",1500,"3",2893761,"1",
"900120",1500,"4",2893761,"1",
"900120",1500,"5",2893761,"1",
"900150",4200,"1",2893761,"1",
"900150",4200,"2",2893761,"1",
"900150",4200,"3",2893761,"1",
"900150",4200,"4",2893761,"1",
"900150",4200,"5",2893761,"1",
"980000",48539,"1",2893761,"1",
"980000",48539,"2",2893761,"1",
"980000",48539,"3",2893761,"1",
"980000",48539,"4",2893761,"1",
"980000",48539,"5",2893761,"1",
"980070",51739,"1",2893761,"1",
"980070",51739,"2",2893761,"1",
"980070",51739,"3",2893761,"1",
"980070",51739,"4",2893761,"1",
"980070",51739,"5",2893761,"1",
"900000",3000,"1",2893762,"1",
"900000",3000,"2",2893762,"1",
"900000",3000,"3",2893762,"1",
"900000",3000,"4",2893762,"1",
"900000",3000,"5",2893762,"1",
"900030",39687,"1",2893762,"1",
"900030",39687,"2",2893762,"1",
"900030",39687,"3",2893762,"1",
"900030",39687,"4",2893762,"1",
"900030",39687,"5",2893762,"1",
"900090",152,"1",2893762,"1",
"900090",152,"2",2893762,"1",
"900090",152,"3",2893762,"1",
"900090",152,"4",2893762,"1",
"900090",152,"5",2893762,"1",
"900120",1500,"1",2893762,"1",
"900120",1500,"2",2893762,"1",
"900120",1500,"3",2893762,"1",
"900120",1500,"4",2893762,"1",
"900120",1500,"5",2893762,"1",
"900150",4200,"1",2893762,"1",
"900150",4200,"2",2893762,"1",
"900150",4200,"3",2893762,"1",
"900150",4200,"4",2893762,"1",
"900150",4200,"5",2893762,"1",
"980000",48539,"1",2893762,"1",
"980000",48539,"2",2893762,"1",
"980000",48539,"3",2893762,"1",
"980000",48539,"4",2893762,"1",
"980000",48539,"5",2893762,"1",
"980070",51739,"1",2893762,"1",
"980070",51739,"2",2893762,"1",
"980070",51739,"3",2893762,"1",
"980070",51739,"4",2893762,"1",
"980070",51739,"5",2893762,"1",
"900000",58919,"1",2893771,"1",
"900000",63987,"2",2893771,"1",
"900000",35831,"3",2893771,"1",
"900000",115562,"4",2893771,"1",
"900000",101813,"5",2893771,"1",
"980000",58919,"1",2893771,"1",
"980000",63987,"2",2893771,"1",
"980000",35831,"3",2893771,"1",
"980000",115562,"4",2893771,"1",
"980000",101813,"5",2893771,"1",
"980070",58919,"1",2893771,"1",
"980070",63987,"2",2893771,"1",
"980070",35831,"3",2893771,"1",
"980070",115562,"4",2893771,"1",
"980070",101813,"5",2893771,"1",
"900000",103787,"1",2893772,"1",
"900000",50727,"2",2893772,"1",
"900000",85598,"3",2893772,"1",
"900000",105371,"4",2893772,"1",
"900000",43255,"5",2893772,"1",
"980000",103787,"1",2893772,"1",
"980000",50727,"2",2893772,"1",
"980000",85598,"3",2893772,"1",
"980000",105371,"4",2893772,"1",
"980000",43255,"5",2893772,"1",
"980070",103787,"1",2893772,"1",
"980070",50727,"2",2893772,"1",
"980070",85598,"3",2893772,"1",
"980070",105371,"4",2893772,"1",
"980070",43255,"5",2893772,"1",
"900030",13259,"1",2893781,"1",
"900030",13259,"2",2893781,"1",
"900030",13259,"3",2893781,"1",
"900030",13259,"4",2893781,"1",
"900030",13259,"5",2893781,"1",
"900170",9600,"1",2893781,"1",
"900170",9600,"2",2893781,"1",
"900170",9600,"3",2893781,"1",
"900170",9600,"4",2893781,"1",
"900170",9600,"5",2893781,"1",
"900180",10000,"1",2893781,"1",
"900180",10000,"2",2893781,"1",
"900180",10000,"3",2893781,"1",
"900180",10000,"4",2893781,"1",
"900180",10000,"5",2893781,"1",
"980000",32859,"1",2893781,"1",
"980000",32859,"2",2893781,"1",
"980000",32859,"3",2893781,"1",
"980000",32859,"4",2893781,"1",
"980000",32859,"5",2893781,"1",
"980070",31459,"1",2893781,"1",
"980070",31459,"2",2893781,"1",
"980070",31459,"3",2893781,"1",
"980070",31459,"4",2893781,"1",
"980070",31459,"5",2893781,"1",
"900030",13259,"1",2893782,"1",
"900030",13259,"2",2893782,"1",
"900030",13259,"3",2893782,"1",
"900030",13259,"4",2893782,"1",
"900030",13259,"5",2893782,"1",
"900170",9600,"1",2893782,"1",
"900170",9600,"2",2893782,"1",
"900170",9600,"3",2893782,"1",
"900170",9600,"4",2893782,"1",
"900170",9600,"5",2893782,"1",
"900180",10000,"1",2893782,"1",
"900180",10000,"2",2893782,"1",
"900180",10000,"3",2893782,"1",
"900180",10000,"4",2893782,"1",
"900180",10000,"5",2893782,"1",
"980000",32859,"1",2893782,"1",
"980000",32859,"2",2893782,"1",
"980000",32859,"3",2893782,"1",
"980000",32859,"4",2893782,"1",
"980000",32859,"5",2893782,"1",
"980070",31459,"1",2893782,"1",
"980070",31459,"2",2893782,"1",
"980070",31459,"3",2893782,"1",
"980070",31459,"4",2893782,"1",
"980070",31459,"5",2893782,"1",
"900000",94129,"1",2893801,"1",
"900000",32726,"2",2893801,"1",
"900000",36246,"3",2893801,"1",
"900000",20095,"4",2893801,"1",
"900000",38173,"5",2893801,"1",
"980000",94129,"1",2893801,"1",
"980000",32726,"2",2893801,"1",
"980000",36246,"3",2893801,"1",
"980000",20095,"4",2893801,"1",
"980000",38173,"5",2893801,"1",
"980070",94129,"1",2893801,"1",
"980070",32726,"2",2893801,"1",
"980070",36246,"3",2893801,"1",
"980070",20095,"4",2893801,"1",
"980070",38173,"5",2893801,"1",
"900000",67943,"1",2893802,"1",
"900000",40029,"2",2893802,"1",
"900000",69941,"3",2893802,"1",
"900000",26912,"4",2893802,"1",
"900000",53077,"5",2893802,"1",
"980000",67943,"1",2893802,"1",
"980000",40029,"2",2893802,"1",
"980000",69941,"3",2893802,"1",
"980000",26912,"4",2893802,"1",
"980000",53077,"5",2893802,"1",
"980070",67943,"1",2893802,"1",
"980070",40029,"2",2893802,"1",
"980070",69941,"3",2893802,"1",
"980070",26912,"4",2893802,"1",
"980070",53077,"5",2893802,"1",
"900000",229586,"1",2893861,"1","T"
"900000",229586,"2",2893861,"1","T"
"900000",229586,"3",2893861,"1","T"
"900000",229586,"4",2893861,"1","T"
"900000",229586,"5",2893861,"1","T"
"900160",207100,"1",2893861,"1",
"900160",144028,"2",2893861,"1",
"900160",630355,"3",2893861,"1",
"900160",132083,"4",2893861,"1",
"900160",136198,"5",2893861,"1",
"980000",479539,"1",2893861,"1","T"
"980000",479539,"2",2893861,"1","T"
"980000",479539,"3",2893861,"1","T"
"980000",479539,"4",2893861,"1","T"
"980000",479539,"5",2893861,"1","T"
"980070",479539,"1",2893861,"1","T"
"980070",479539,"2",2893861,"1","T"
"980070",479539,"3",2893861,"1","T"
"980070",479539,"4",2893861,"1","T"
"980070",479539,"5",2893861,"1","T"
"900000",229334,"1",2893862,"1","T"
"900000",229334,"2",2893862,"1","T"
"900000",229334,"3",2893862,"1","T"
"900000",229334,"4",2893862,"1","T"
"900000",229334,"5",2893862,"1","T"
"900160",142274,"1",2893862,"1",
"900160",252580,"2",2893862,"1",
"900160",707368,"3",2893862,"1",
"900160",188571,"4",2893862,"1",
"900160",216485,"5",2893862,"1",
"980000",530789,"1",2893862,"1","T"
"980000",530789,"2",2893862,"1","T"
"980000",530789,"3",2893862,"1","T"
"980000",530789,"4",2893862,"1","T"
"980000",530789,"5",2893862,"1","T"
"980070",530789,"1",2893862,"1","T"
"980070",530789,"2",2893862,"1","T"
"980070",530789,"3",2893862,"1","T"
"980070",530789,"4",2893862,"1","T"
"980070",530789,"5",2893862,"1","T"
"900000",93800,"1",2893871,"1",
"900000",93800,"2",2893871,"1",
"900000",93800,"3",2893871,"1",
"900000",93800,"4",2893871,"1",
"900000",93800,"5",2893871,"1",
"900180",101,"1",2893871,"1",
"900180",127,"2",2893871,"1",
"900180",0,"3",2893871,"1",
"900180",138,"4",2893871,"1",
"900180",30,"5",2893871,"1",
"980000",93901,"1",2893871,"1",
"980000",93927,"2",2893871,"1",
"980000",93800,"3",2893871,"1",
"980000",93938,"4",2893871,"1",
"980000",93830,"5",2893871,"1",
"980070",94501,"1",2893871,"1",
"980070",94527,"2",2893871,"1",
"980070",94400,"3",2893871,"1",
"980070",94538,"4",2893871,"1",
"980070",94430,"5",2893871,"1",
"900000",93800,"1",2893872,"1",
"900000",93800,"2",2893872,"1",
"900000",93800,"3",2893872,"1",
"900000",93800,"4",2893872,"1",
"900000",93800,"5",2893872,"1",
"900180",55,"1",2893872,"1",
"900180",107,"2",2893872,"1",
"900180",98,"3",2893872,"1",
"900180",58,"4",2893872,"1",
"900180",102,"5",2893872,"1",
"980000",93855,"1",2893872,"1",
"980000",93907,"2",2893872,"1",
"980000",93898,"3",2893872,"1",
"980000",93858,"4",2893872,"1",
"980000",93902,"5",2893872,"1",
"980070",94455,"1",2893872,"1",
"980070",94507,"2",2893872,"1",
"980070",94498,"3",2893872,"1",
"980070",94458,"4",2893872,"1",
"980070",94502,"5",2893872,"1",
"900000",37616,"1",2893891,"1",
"900000",65993,"2",2893891,"1",
"900000",36275,"3",2893891,"1",
"900000",48333,"4",2893891,"1",
"900000",41285,"5",2893891,"1",
"980000",37616,"1",2893891,"1",
"980000",65993,"2",2893891,"1",
"980000",36275,"3",2893891,"1",
"980000",48333,"4",2893891,"1",
"980000",41285,"5",2893891,"1",
"980070",40266,"1",2893891,"1",
"980070",68643,"2",2893891,"1",
"980070",38925,"3",2893891,"1",
"980070",50983,"4",2893891,"1",
"980070",43935,"5",2893891,"1",
"900000",34142,"1",2893892,"1",
"900000",41776,"2",2893892,"1",
"900000",37005,"3",2893892,"1",
"900000",29495,"4",2893892,"1",
"900000",26600,"5",2893892,"1",
"980000",34142,"1",2893892,"1",
"980000",41776,"2",2893892,"1",
"980000",37005,"3",2893892,"1",
"980000",29495,"4",2893892,"1",
"980000",26600,"5",2893892,"1",
"980070",36792,"1",2893892,"1",
"980070",44426,"2",2893892,"1",
"980070",39655,"3",2893892,"1",
"980070",32145,"4",2893892,"1",
"980070",29250,"5",2893892,"1",
"900160",33700,"1",2893901,"1",
"900160",3312,"2",2893901,"1",
"900160",10525,"3",2893901,"1",
"900160",1855,"4",2893901,"1",
"900160",12000,"5",2893901,"1",
"980000",33700,"1",2893901,"1",
"980000",3312,"2",2893901,"1",
"980000",10525,"3",2893901,"1",
"980000",1855,"4",2893901,"1",
"980000",12000,"5",2893901,"1",
"980070",33700,"1",2893901,"1",
"980070",3312,"2",2893901,"1",
"980070",10525,"3",2893901,"1",
"980070",1855,"4",2893901,"1",
"980070",12000,"5",2893901,"1",
"900120",7080,"1",2893921,"1",
"900120",7080,"2",2893921,"1",
"900120",7080,"3",2893921,"1",
"900120",7080,"4",2893921,"1",
"900120",7080,"5",2893921,"1",
"900150",4644,"1",2893921,"1",
"900150",4644,"2",2893921,"1",
"900150",4644,"3",2893921,"1",
"900150",4644,"4",2893921,"1",
"900150",4644,"5",2893921,"1",
"900210",17000,"1",2893921,"1",
"900210",17000,"2",2893921,"1",
"900210",17000,"3",2893921,"1",
"900210",17000,"4",2893921,"1",
"900210",17000,"5",2893921,"1",
"980000",28724,"1",2893921,"1",
"980000",28724,"2",2893921,"1",
"980000",28724,"3",2893921,"1",
"980000",28724,"4",2893921,"1",
"980000",28724,"5",2893921,"1",
"980070",30124,"1",2893921,"1",
"980070",30124,"2",2893921,"1",
"980070",30124,"3",2893921,"1",
"980070",30124,"4",2893921,"1",
"980070",30124,"5",2893921,"1",
"900120",7080,"1",2893922,"1",
"900120",7080,"2",2893922,"1",
"900120",7080,"3",2893922,"1",
"900120",7080,"4",2893922,"1",
"900120",7080,"5",2893922,"1",
"900150",4644,"1",2893922,"1",
"900150",4644,"2",2893922,"1",
"900150",4644,"3",2893922,"1",
"900150",4644,"4",2893922,"1",
"900150",4644,"5",2893922,"1",
"900210",17000,"1",2893922,"1",
"900210",17000,"2",2893922,"1",
"900210",17000,"3",2893922,"1",
"900210",17000,"4",2893922,"1",
"900210",17000,"5",2893922,"1",
"980000",28724,"1",2893922,"1",
"980000",28724,"2",2893922,"1",
"980000",28724,"3",2893922,"1",
"980000",28724,"4",2893922,"1",
"980000",28724,"5",2893922,"1",
"980070",30124,"1",2893922,"1",
"980070",30124,"2",2893922,"1",
"980070",30124,"3",2893922,"1",
"980070",30124,"4",2893922,"1",
"980070",30124,"5",2893922,"1",
"900000",106721,"1",2893931,"1",
"900000",93367,"2",2893931,"1",
"900000",108482,"3",2893931,"1",
"900000",110380,"4",2893931,"1",
"900000",107508,"5",2893931,"1",
"980000",106721,"1",2893931,"1",
"980000",93367,"2",2893931,"1",
"980000",108482,"3",2893931,"1",
"980000",110380,"4",2893931,"1",
"980000",107508,"5",2893931,"1",
"980070",106721,"1",2893931,"1",
"980070",93367,"2",2893931,"1",
"980070",108482,"3",2893931,"1",
"980070",110380,"4",2893931,"1",
"980070",107508,"5",2893931,"1",
"900000",102902,"1",2893932,"1",
"900000",102878,"2",2893932,"1",
"900000",93434,"3",2893932,"1",
"900000",101063,"4",2893932,"1",
"900000",103451,"5",2893932,"1",
"980000",102902,"1",2893932,"1",
"980000",102878,"2",2893932,"1",
"980000",93434,"3",2893932,"1",
"980000",101063,"4",2893932,"1",
"980000",103451,"5",2893932,"1",
"980070",102902,"1",2893932,"1",
"980070",102878,"2",2893932,"1",
"980070",93434,"3",2893932,"1",
"980070",101063,"4",2893932,"1",
"980070",103451,"5",2893932,"1",
"900030",14879,"1",2893941,"1",
"900030",14879,"2",2893941,"1",
"900030",14879,"3",2893941,"1",
"900030",14879,"4",2893941,"1",
"900030",14879,"5",2893941,"1",
"900170",9600,"1",2893941,"1",
"900170",9600,"2",2893941,"1",
"900170",9600,"3",2893941,"1",
"900170",9600,"4",2893941,"1",
"900170",9600,"5",2893941,"1",
"900190",850,"1",2893941,"1",
"900190",850,"2",2893941,"1",
"900190",850,"3",2893941,"1",
"900190",850,"4",2893941,"1",
"900190",850,"5",2893941,"1",
"980000",25329,"1",2893941,"1",
"980000",25329,"2",2893941,"1",
"980000",25329,"3",2893941,"1",
"980000",25329,"4",2893941,"1",
"980000",25329,"5",2893941,"1",
"980070",25329,"1",2893941,"1",
"980070",25329,"2",2893941,"1",
"980070",25329,"3",2893941,"1",
"980070",25329,"4",2893941,"1",
"980070",25329,"5",2893941,"1",
"900030",14879,"1",2893942,"1",
"900030",14879,"2",2893942,"1",
"900030",14879,"3",2893942,"1",
"900030",14879,"4",2893942,"1",
"900030",14879,"5",2893942,"1",
"900170",9600,"1",2893942,"1",
"900170",9600,"2",2893942,"1",
"900170",9600,"3",2893942,"1",
"900170",9600,"4",2893942,"1",
"900170",9600,"5",2893942,"1",
"900190",850,"1",2893942,"1",
"900190",850,"2",2893942,"1",
"900190",850,"3",2893942,"1",
"900190",850,"4",2893942,"1",
"900190",850,"5",2893942,"1",
"980000",25329,"1",2893942,"1",
"980000",25329,"2",2893942,"1",
"980000",25329,"3",2893942,"1",
"980000",25329,"4",2893942,"1",
"980000",25329,"5",2893942,"1",
"980070",25329,"1",2893942,"1",
"980070",25329,"2",2893942,"1",
"980070",25329,"3",2893942,"1",
"980070",25329,"4",2893942,"1",
"980070",25329,"5",2893942,"1",
"800940",2836,"1",2893951,"1",
"800940",2609,"2",2893951,"1",
"800940",2414,"3",2893951,"1",
"800940",2798,"4",2893951,"1",
"800940",2489,"5",2893951,"1",
"900000",57504,"1",2893951,"1",
"900000",60056,"2",2893951,"1",
"900000",61123,"3",2893951,"1",
"900000",64096,"4",2893951,"1",
"900000",56897,"5",2893951,"1",
"900160",200,"1",2893951,"1",
"900160",200,"2",2893951,"1",
"900160",200,"3",2893951,"1",
"900160",200,"4",2893951,"1",
"900160",200,"5",2893951,"1",
"900180",110,"1",2893951,"1",
"900180",380,"2",2893951,"1",
"900180",16,"3",2893951,"1",
"900180",142,"4",2893951,"1",
"900180",152,"5",2893951,"1",
"980000",57814,"1",2893951,"1",
"980000",60636,"2",2893951,"1",
"980000",61339,"3",2893951,"1",
"980000",64438,"4",2893951,"1",
"980000",57249,"5",2893951,"1",
"980070",58214,"1",2893951,"1",
"980070",61036,"2",2893951,"1",
"980070",61739,"3",2893951,"1",
"980070",64838,"4",2893951,"1",
"980070",57649,"5",2893951,"1",
"800940",2901,"1",2893952,"1",
"800940",3054,"2",2893952,"1",
"800940",3019,"3",2893952,"1",
"800940",2768,"4",2893952,"1",
"800940",2669,"5",2893952,"1",
"900000",62280,"1",2893952,"1",
"900000",66826,"2",2893952,"1",
"900000",67774,"3",2893952,"1",
"900000",62711,"4",2893952,"1",
"900000",55330,"5",2893952,"1",
"900160",200,"1",2893952,"1",
"900160",200,"2",2893952,"1",
"900160",200,"3",2893952,"1",
"900160",200,"4",2893952,"1",
"900160",200,"5",2893952,"1",
"900180",85,"1",2893952,"1",
"900180",88,"2",2893952,"1",
"900180",987,"3",2893952,"1",
"900180",111,"4",2893952,"1",
"900180",23,"5",2893952,"1",
"980000",62565,"1",2893952,"1",
"980000",67114,"2",2893952,"1",
"980000",68961,"3",2893952,"1",
"980000",63022,"4",2893952,"1",
"980000",55553,"5",2893952,"1",
"980070",62965,"1",2893952,"1",
"980070",67514,"2",2893952,"1",
"980070",69361,"3",2893952,"1",
"980070",63422,"4",2893952,"1",
"980070",55953,"5",2893952,"1",
"900150",7584,"1",2893961,"1",
"900150",7584,"2",2893961,"1",
"900150",7584,"3",2893961,"1",
"900150",7584,"4",2893961,"1",
"900150",7584,"5",2893961,"1",
"980000",7584,"1",2893961,"1",
"980000",7584,"2",2893961,"1",
"980000",7584,"3",2893961,"1",
"980000",7584,"4",2893961,"1",
"980000",7584,"5",2893961,"1",
"980070",7584,"1",2893961,"1",
"980070",7584,"2",2893961,"1",
"980070",7584,"3",2893961,"1",
"980070",7584,"4",2893961,"1",
"980070",7584,"5",2893961,"1",
"900150",7584,"1",2893962,"1",
"900150",7584,"2",2893962,"1",
"900150",7584,"3",2893962,"1",
"900150",7584,"4",2893962,"1",
"900150",7584,"5",2893962,"1",
"980000",7584,"1",2893962,"1",
"980000",7584,"2",2893962,"1",
"980000",7584,"3",2893962,"1",
"980000",7584,"4",2893962,"1",
"980000",7584,"5",2893962,"1",
"980070",7584,"1",2893962,"1",
"980070",7584,"2",2893962,"1",
"980070",7584,"3",2893962,"1",
"980070",7584,"4",2893962,"1",
"980070",7584,"5",2893962,"1",
"900000",108000,"1",2894001,"1",
"900000",108000,"2",2894001,"1",
"900000",108000,"3",2894001,"1",
"900000",108000,"4",2894001,"1",
"900000",108000,"5",2894001,"1",
"900030",20459,"1",2894001,"1",
"900030",20459,"2",2894001,"1",
"900030",20459,"3",2894001,"1",
"900030",20459,"4",2894001,"1",
"900030",20459,"5",2894001,"1",
"900170",900,"1",2894001,"1",
"900170",900,"2",2894001,"1",
"900170",900,"3",2894001,"1",
"900170",900,"4",2894001,"1",
"900170",900,"5",2894001,"1",
"980000",129359,"1",2894001,"1",
"980000",129359,"2",2894001,"1",
"980000",129359,"3",2894001,"1",
"980000",129359,"4",2894001,"1",
"980000",129359,"5",2894001,"1",
"980070",129359,"1",2894001,"1",
"980070",129359,"2",2894001,"1",
"980070",129359,"3",2894001,"1",
"980070",129359,"4",2894001,"1",
"980070",129359,"5",2894001,"1",
"900000",108000,"1",2894002,"1",
"900000",108000,"2",2894002,"1",
"900000",108000,"3",2894002,"1",
"900000",108000,"4",2894002,"1",
"900000",108000,"5",2894002,"1",
"900030",20459,"1",2894002,"1",
"900030",20459,"2",2894002,"1",
"900030",20459,"3",2894002,"1",
"900030",20459,"4",2894002,"1",
"900030",20459,"5",2894002,"1",
"900170",900,"1",2894002,"1",
"900170",900,"2",2894002,"1",
"900170",900,"3",2894002,"1",
"900170",900,"4",2894002,"1",
"900170",900,"5",2894002,"1",
"980000",129359,"1",2894002,"1",
"980000",129359,"2",2894002,"1",
"980000",129359,"3",2894002,"1",
"980000",129359,"4",2894002,"1",
"980000",129359,"5",2894002,"1",
"980070",129359,"1",2894002,"1",
"980070",129359,"2",2894002,"1",
"980070",129359,"3",2894002,"1",
"980070",129359,"4",2894002,"1",
"980070",129359,"5",2894002,"1",
"900170",3200,"1",2894011,"1",
"900170",3200,"2",2894011,"1",
"900170",3200,"3",2894011,"1",
"900170",3200,"4",2894011,"1",
"900170",3200,"5",2894011,"1",
"980000",3200,"1",2894011,"1",
"980000",3200,"2",2894011,"1",
"980000",3200,"3",2894011,"1",
"980000",3200,"4",2894011,"1",
"980000",3200,"5",2894011,"1",
"980070",3200,"1",2894011,"1",
"980070",3200,"2",2894011,"1",
"980070",3200,"3",2894011,"1",
"980070",3200,"4",2894011,"1",
"980070",3200,"5",2894011,"1",
"900170",3200,"1",2894012,"1",
"900170",3200,"2",2894012,"1",
"900170",3200,"3",2894012,"1",
"900170",3200,"4",2894012,"1",
"900170",3200,"5",2894012,"1",
"980000",3200,"1",2894012,"1",
"980000",3200,"2",2894012,"1",
"980000",3200,"3",2894012,"1",
"980000",3200,"4",2894012,"1",
"980000",3200,"5",2894012,"1",
"980070",3200,"1",2894012,"1",
"980070",3200,"2",2894012,"1",
"980070",3200,"3",2894012,"1",
"980070",3200,"4",2894012,"1",
"980070",3200,"5",2894012,"1",
"900000",22111,"1",2894031,"1",
"900000",51881,"2",2894031,"1",
"900000",32204,"3",2894031,"1",
"900000",37076,"4",2894031,"1",
"900000",32312,"5",2894031,"1",
"900090",9000,"1",2894031,"1",
"900090",9000,"2",2894031,"1",
"900090",9000,"3",2894031,"1",
"900090",9000,"4",2894031,"1",
"900090",9000,"5",2894031,"1",
"900170",9000,"1",2894031,"1",
"900170",9000,"2",2894031,"1",
"900170",9000,"3",2894031,"1",
"900170",9000,"4",2894031,"1",
"900170",9000,"5",2894031,"1",
"980000",40111,"1",2894031,"1",
"980000",69881,"2",2894031,"1",
"980000",50204,"3",2894031,"1",
"980000",55076,"4",2894031,"1",
"980000",50312,"5",2894031,"1",
"980070",40111,"1",2894031,"1",
"980070",69881,"2",2894031,"1",
"980070",50204,"3",2894031,"1",
"980070",55076,"4",2894031,"1",
"980070",50312,"5",2894031,"1",
"900000",43779,"1",2894032,"1",
"900000",33720,"2",2894032,"1",
"900000",35150,"3",2894032,"1",
"900000",16739,"4",2894032,"1",
"900000",65198,"5",2894032,"1",
"900090",9000,"1",2894032,"1",
"900090",9000,"2",2894032,"1",
"900090",9000,"3",2894032,"1",
"900090",9000,"4",2894032,"1",
"900090",9000,"5",2894032,"1",
"900170",9000,"1",2894032,"1",
"900170",9000,"2",2894032,"1",
"900170",9000,"3",2894032,"1",
"900170",9000,"4",2894032,"1",
"900170",9000,"5",2894032,"1",
"980000",61779,"1",2894032,"1",
"980000",51720,"2",2894032,"1",
"980000",53150,"3",2894032,"1",
"980000",34739,"4",2894032,"1",
"980000",83198,"5",2894032,"1",
"980070",61779,"1",2894032,"1",
"980070",51720,"2",2894032,"1",
"980070",53150,"3",2894032,"1",
"980070",34739,"4",2894032,"1",
"980070",83198,"5",2894032,"1",
"800940",10967,"1",2894051,"1","T"
"800940",10967,"2",2894051,"1","T"
"800940",10967,"3",2894051,"1","T"
"800940",10967,"4",2894051,"1","T"
"800940",10967,"5",2894051,"1","T"
"900000",173626,"1",2894051,"1",
"900000",149029,"2",2894051,"1",
"900000",178851,"3",2894051,"1",
"900000",114468,"4",2894051,"1",
"900000",117699,"5",2894051,"1",
"900160",3563,"1",2894051,"1",
"900160",15549,"2",2894051,"1",
"900160",15534,"3",2894051,"1",
"900160",78224,"4",2894051,"1",
"900160",71989,"5",2894051,"1",
"980000",177189,"1",2894051,"1",
"980000",164578,"2",2894051,"1",
"980000",194385,"3",2894051,"1",
"980000",192692,"4",2894051,"1",
"980000",189688,"5",2894051,"1",
"980070",177189,"1",2894051,"1",
"980070",164578,"2",2894051,"1",
"980070",194385,"3",2894051,"1",
"980070",192692,"4",2894051,"1",
"980070",189688,"5",2894051,"1",
"800940",10967,"1",2894052,"1","T"
"800940",10967,"2",2894052,"1","T"
"800940",10967,"3",2894052,"1","T"
"800940",10967,"4",2894052,"1","T"
"800940",10967,"5",2894052,"1","T"
"900000",262358,"1",2894052,"1","T"
"900000",262358,"2",2894052,"1","T"
"900000",262358,"3",2894052,"1","T"
"900000",262358,"4",2894052,"1","T"
"900000",262358,"5",2894052,"1","T"
"900160",25321,"1",2894052,"1",
"900160",12270,"2",2894052,"1",
"900160",1633,"3",2894052,"1",
"900160",8303,"4",2894052,"1",
"900160",102199,"5",2894052,"1",
"980000",292304,"1",2894052,"1","T"
"980000",292304,"2",2894052,"1","T"
"980000",292304,"3",2894052,"1","T"
"980000",292304,"4",2894052,"1","T"
"980000",292304,"5",2894052,"1","T"
"980070",292304,"1",2894052,"1","T"
"980070",292304,"2",2894052,"1","T"
"980070",292304,"3",2894052,"1","T"
"980070",292304,"4",2894052,"1","T"
"980070",292304,"5",2894052,"1","T"
"900000",67000,"1",2894061,"1",
"900000",67000,"2",2894061,"1",
"900000",67000,"3",2894061,"1",
"900000",67000,"4",2894061,"1",
"900000",67000,"5",2894061,"1",
"980000",67000,"1",2894061,"1",
"980000",67000,"2",2894061,"1",
"980000",67000,"3",2894061,"1",
"980000",67000,"4",2894061,"1",
"980000",67000,"5",2894061,"1",
"980070",68500,"1",2894061,"1",
"980070",68500,"2",2894061,"1",
"980070",68500,"3",2894061,"1",
"980070",68500,"4",2894061,"1",
"980070",68500,"5",2894061,"1",
"900000",67000,"1",2894062,"1",
"900000",67000,"2",2894062,"1",
"900000",67000,"3",2894062,"1",
"900000",67000,"4",2894062,"1",
"900000",67000,"5",2894062,"1",
"980000",67000,"1",2894062,"1",
"980000",67000,"2",2894062,"1",
"980000",67000,"3",2894062,"1",
"980000",67000,"4",2894062,"1",
"980000",67000,"5",2894062,"1",
"980070",68500,"1",2894062,"1",
"980070",68500,"2",2894062,"1",
"980070",68500,"3",2894062,"1",
"980070",68500,"4",2894062,"1",
"980070",68500,"5",2894062,"1",
"900000",71279,"1",2894101,"1",
"900000",85251,"2",2894101,"1",
"900000",47588,"3",2894101,"1",
"900000",92904,"4",2894101,"1",
"900000",55623,"5",2894101,"1",
"980000",71279,"1",2894101,"1",
"980000",85251,"2",2894101,"1",
"980000",47588,"3",2894101,"1",
"980000",92904,"4",2894101,"1",
"980000",55623,"5",2894101,"1",
"980070",71179,"1",2894101,"1",
"980070",85151,"2",2894101,"1",
"980070",47488,"3",2894101,"1",
"980070",92804,"4",2894101,"1",
"980070",55523,"5",2894101,"1",
"900000",134626,"1",2894102,"1",
"900000",91816,"2",2894102,"1",
"900000",46999,"3",2894102,"1",
"900000",87131,"4",2894102,"1",
"900000",34774,"5",2894102,"1",
"980000",134626,"1",2894102,"1",
"980000",91816,"2",2894102,"1",
"980000",46999,"3",2894102,"1",
"980000",87131,"4",2894102,"1",
"980000",34774,"5",2894102,"1",
"980070",134526,"1",2894102,"1",
"980070",91716,"2",2894102,"1",
"980070",46899,"3",2894102,"1",
"980070",87031,"4",2894102,"1",
"980070",34674,"5",2894102,"1",
"900030",15718,"1",2894111,"1",
"900030",15718,"2",2894111,"1",
"900030",15718,"3",2894111,"1",
"900030",15718,"4",2894111,"1",
"900030",15718,"5",2894111,"1",
"900180",255,"1",2894111,"1",
"900180",408,"2",2894111,"1",
"900180",9,"3",2894111,"1",
"900180",51,"4",2894111,"1",
"900180",535,"5",2894111,"1",
"980000",15973,"1",2894111,"1",
"980000",16126,"2",2894111,"1",
"980000",15727,"3",2894111,"1",
"980000",15769,"4",2894111,"1",
"980000",16253,"5",2894111,"1",
"980070",15973,"1",2894111,"1",
"980070",16126,"2",2894111,"1",
"980070",15727,"3",2894111,"1",
"980070",15769,"4",2894111,"1",
"980070",16253,"5",2894111,"1",
"900030",15718,"1",2894112,"1",
"900030",15718,"2",2894112,"1",
"900030",15718,"3",2894112,"1",
"900030",15718,"4",2894112,"1",
"900030",15718,"5",2894112,"1",
"900180",3597,"1",2894112,"1",
"900180",1462,"2",2894112,"1",
"900180",105,"3",2894112,"1",
"900180",42,"4",2894112,"1",
"900180",612,"5",2894112,"1",
"980000",19315,"1",2894112,"1",
"980000",17180,"2",2894112,"1",
"980000",15823,"3",2894112,"1",
"980000",15760,"4",2894112,"1",
"980000",16330,"5",2894112,"1",
"980070",19315,"1",2894112,"1",
"980070",17180,"2",2894112,"1",
"980070",15823,"3",2894112,"1",
"980070",15760,"4",2894112,"1",
"980070",16330,"5",2894112,"1",
"900030",15647,"1",2894131,"1",
"900030",6467,"2",2894131,"1",
"900030",8075,"3",2894131,"1",
"900030",9935,"4",2894131,"1",
"900030",16415,"5",2894131,"1",
"900170",22734,"1",2894131,"1",
"900170",14342,"2",2894131,"1",
"900170",25911,"3",2894131,"1",
"900170",45381,"4",2894131,"1",
"900170",20010,"5",2894131,"1",
"980000",38381,"1",2894131,"1",
"980000",20809,"2",2894131,"1",
"980000",33986,"3",2894131,"1",
"980000",55316,"4",2894131,"1",
"980000",36425,"5",2894131,"1",
"980070",38381,"1",2894131,"1",
"980070",20809,"2",2894131,"1",
"980070",33986,"3",2894131,"1",
"980070",55316,"4",2894131,"1",
"980070",36425,"5",2894131,"1",
"900030",17711,"1",2894132,"1",
"900030",12479,"2",2894132,"1",
"900030",12635,"3",2894132,"1",
"900030",18395,"4",2894132,"1",
"900030",12167,"5",2894132,"1",
"900170",4894,"1",2894132,"1",
"900170",52679,"2",2894132,"1",
"900170",3752,"3",2894132,"1",
"900170",8092,"4",2894132,"1",
"900170",3068,"5",2894132,"1",
"980000",22605,"1",2894132,"1",
"980000",65158,"2",2894132,"1",
"980000",16387,"3",2894132,"1",
"980000",26487,"4",2894132,"1",
"980000",15235,"5",2894132,"1",
"980070",22605,"1",2894132,"1",
"980070",65158,"2",2894132,"1",
"980070",16387,"3",2894132,"1",
"980070",26487,"4",2894132,"1",
"980070",15235,"5",2894132,"1",
"900000",64511,"1",2894171,"1",
"900000",19303,"2",2894171,"1",
"900000",13327,"3",2894171,"1",
"900000",52623,"4",2894171,"1",
"900000",29857,"5",2894171,"1",
"980000",64511,"1",2894171,"1",
"980000",19303,"2",2894171,"1",
"980000",13327,"3",2894171,"1",
"980000",52623,"4",2894171,"1",
"980000",29857,"5",2894171,"1",
"980070",64511,"1",2894171,"1",
"980070",19303,"2",2894171,"1",
"980070",13327,"3",2894171,"1",
"980070",52623,"4",2894171,"1",
"980070",29857,"5",2894171,"1",
"900000",26869,"1",2894172,"1",
"900000",55952,"2",2894172,"1",
"900000",31332,"3",2894172,"1",
"900000",28262,"4",2894172,"1",
"900000",56144,"5",2894172,"1",
"980000",26869,"1",2894172,"1",
"980000",55952,"2",2894172,"1",
"980000",31332,"3",2894172,"1",
"980000",28262,"4",2894172,"1",
"980000",56144,"5",2894172,"1",
"980070",26869,"1",2894172,"1",
"980070",55952,"2",2894172,"1",
"980070",31332,"3",2894172,"1",
"980070",28262,"4",2894172,"1",
"980070",56144,"5",2894172,"1",
"800940",4590,"1",2894191,"1",
"800940",4590,"2",2894191,"1",
"800940",4590,"3",2894191,"1",
"800940",4590,"4",2894191,"1",
"800940",4590,"5",2894191,"1",
"900000",50000,"1",2894191,"1",
"900000",50000,"2",2894191,"1",
"900000",50000,"3",2894191,"1",
"900000",50000,"4",2894191,"1",
"900000",50000,"5",2894191,"1",
"900160",5000,"1",2894191,"1",
"900160",5000,"2",2894191,"1",
"900160",5000,"3",2894191,"1",
"900160",5000,"4",2894191,"1",
"900160",5000,"5",2894191,"1",
"980000",55000,"1",2894191,"1",
"980000",55000,"2",2894191,"1",
"980000",55000,"3",2894191,"1",
"980000",55000,"4",2894191,"1",
"980000",55000,"5",2894191,"1",
"980070",59000,"1",2894191,"1",
"980070",59000,"2",2894191,"1",
"980070",59000,"3",2894191,"1",
"980070",59000,"4",2894191,"1",
"980070",59000,"5",2894191,"1",
"800940",4590,"1",2894192,"1",
"800940",4590,"2",2894192,"1",
"800940",4590,"3",2894192,"1",
"800940",4590,"4",2894192,"1",
"800940",4590,"5",2894192,"1",
"900000",50000,"1",2894192,"1",
"900000",50000,"2",2894192,"1",
"900000",50000,"3",2894192,"1",
"900000",50000,"4",2894192,"1",
"900000",50000,"5",2894192,"1",
"900160",5000,"1",2894192,"1",
"900160",5000,"2",2894192,"1",
"900160",5000,"3",2894192,"1",
"900160",5000,"4",2894192,"1",
"900160",5000,"5",2894192,"1",
"980000",55000,"1",2894192,"1",
"980000",55000,"2",2894192,"1",
"980000",55000,"3",2894192,"1",
"980000",55000,"4",2894192,"1",
"980000",55000,"5",2894192,"1",
"980070",59000,"1",2894192,"1",
"980070",59000,"2",2894192,"1",
"980070",59000,"3",2894192,"1",
"980070",59000,"4",2894192,"1",
"980070",59000,"5",2894192,"1",
"900000",96557,"1",2894221,"1",
"900000",97488,"2",2894221,"1",
"900000",91890,"3",2894221,"1",
"900000",98076,"4",2894221,"1",
"900000",96657,"5",2894221,"1",
"980000",96557,"1",2894221,"1",
"980000",97488,"2",2894221,"1",
"980000",91890,"3",2894221,"1",
"980000",98076,"4",2894221,"1",
"980000",96657,"5",2894221,"1",
"980070",98057,"1",2894221,"1",
"980070",98988,"2",2894221,"1",
"980070",93390,"3",2894221,"1",
"980070",99576,"4",2894221,"1",
"980070",98157,"5",2894221,"1",
"900000",91558,"1",2894222,"1",
"900000",96268,"2",2894222,"1",
"900000",93100,"3",2894222,"1",
"900000",94456,"4",2894222,"1",
"900000",92157,"5",2894222,"1",
"980000",91558,"1",2894222,"1",
"980000",96268,"2",2894222,"1",
"980000",93100,"3",2894222,"1",
"980000",94456,"4",2894222,"1",
"980000",92157,"5",2894222,"1",
"980070",93058,"1",2894222,"1",
"980070",97768,"2",2894222,"1",
"980070",94600,"3",2894222,"1",
"980070",95956,"4",2894222,"1",
"980070",93657,"5",2894222,"1",
"900030",14843,"1",2894231,"1",
"900030",14843,"2",2894231,"1",
"900030",14843,"3",2894231,"1",
"900030",14843,"4",2894231,"1",
"900030",14843,"5",2894231,"1",
"980000",14843,"1",2894231,"1",
"980000",14843,"2",2894231,"1",
"980000",14843,"3",2894231,"1",
"980000",14843,"4",2894231,"1",
"980000",14843,"5",2894231,"1",
"980070",14843,"1",2894231,"1",
"980070",14843,"2",2894231,"1",
"980070",14843,"3",2894231,"1",
"980070",14843,"4",2894231,"1",
"980070",14843,"5",2894231,"1",
"900030",14843,"1",2894232,"1",
"900030",14843,"2",2894232,"1",
"900030",14843,"3",2894232,"1",
"900030",14843,"4",2894232,"1",
"900030",14843,"5",2894232,"1",
"980000",14843,"1",2894232,"1",
"980000",14843,"2",2894232,"1",
"980000",14843,"3",2894232,"1",
"980000",14843,"4",2894232,"1",
"980000",14843,"5",2894232,"1",
"980070",14843,"1",2894232,"1",
"980070",14843,"2",2894232,"1",
"980070",14843,"3",2894232,"1",
"980070",14843,"4",2894232,"1",
"980070",14843,"5",2894232,"1",
"800940",10967,"1",2894251,"1","T"
"800940",10967,"2",2894251,"1","T"
"800940",10967,"3",2894251,"1","T"
"800940",10967,"4",2894251,"1","T"
"800940",10967,"5",2894251,"1","T"
"900000",23000,"1",2894251,"1",
"900000",23000,"2",2894251,"1",
"900000",23000,"3",2894251,"1",
"900000",23000,"4",2894251,"1",
"900000",23000,"5",2894251,"1",
"900160",81959,"1",2894251,"1",
"900160",69911,"2",2894251,"1",
"900160",8723,"3",2894251,"1",
"900160",5992,"4",2894251,"1",
"900160",68454,"5",2894251,"1",
"900180",20000,"1",2894251,"1",
"900180",20000,"2",2894251,"1",
"900180",20000,"3",2894251,"1",
"900180",20000,"4",2894251,"1",
"900180",20000,"5",2894251,"1",
"980000",124959,"1",2894251,"1",
"980000",112911,"2",2894251,"1",
"980000",51723,"3",2894251,"1",
"980000",48992,"4",2894251,"1",
"980000",111454,"5",2894251,"1",
"980070",124959,"1",2894251,"1",
"980070",112911,"2",2894251,"1",
"980070",51723,"3",2894251,"1",
"980070",48992,"4",2894251,"1",
"980070",111454,"5",2894251,"1",
"800940",10967,"1",2894252,"1","T"
"800940",10967,"2",2894252,"1","T"
"800940",10967,"3",2894252,"1","T"
"800940",10967,"4",2894252,"1","T"
"800940",10967,"5",2894252,"1","T"
"900000",23000,"1",2894252,"1",
"900000",23000,"2",2894252,"1",
"900000",23000,"3",2894252,"1",
"900000",23000,"4",2894252,"1",
"900000",23000,"5",2894252,"1",
"900160",11004,"1",2894252,"1",
"900160",218379,"2",2894252,"1",
"900160",10882,"3",2894252,"1",
"900160",28724,"4",2894252,"1",
"900160",50310,"5",2894252,"1",
"900180",20000,"1",2894252,"1",
"900180",20000,"2",2894252,"1",
"900180",20000,"3",2894252,"1",
"900180",20000,"4",2894252,"1",
"900180",20000,"5",2894252,"1",
"980000",54004,"1",2894252,"1",
"980000",261379,"2",2894252,"1",
"980000",53882,"3",2894252,"1",
"980000",71724,"4",2894252,"1",
"980000",93310,"5",2894252,"1",
"980070",54004,"1",2894252,"1",
"980070",261379,"2",2894252,"1",
"980070",53882,"3",2894252,"1",
"980070",71724,"4",2894252,"1",
"980070",93310,"5",2894252,"1",
"800940",4890,"1",2894261,"1",
"800940",2116,"2",2894261,"1",
"800940",709,"3",2894261,"1",
"800940",7578,"4",2894261,"1",
"800940",8182,"5",2894261,"1",
"900000",41301,"1",2894261,"1",
"900000",27494,"2",2894261,"1",
"900000",31000,"3",2894261,"1",
"900000",38173,"4",2894261,"1",
"900000",65000,"5",2894261,"1",
"900160",11311,"1",2894261,"1",
"900160",81,"2",2894261,"1",
"900160",-10869,"3",2894261,"1",
"900160",30441,"4",2894261,"1",
"900160",20979,"5",2894261,"1",
"980000",52612,"1",2894261,"1",
"980000",27575,"2",2894261,"1",
"980000",20131,"3",2894261,"1",
"980000",68614,"4",2894261,"1",
"980000",85979,"5",2894261,"1",
"980070",52612,"1",2894261,"1",
"980070",27575,"2",2894261,"1",
"980070",20131,"3",2894261,"1",
"980070",68614,"4",2894261,"1",
"980070",85979,"5",2894261,"1",
"800940",7247,"1",2894262,"1",
"800940",5358,"2",2894262,"1",
"800940",7020,"3",2894262,"1",
"800940",2237,"4",2894262,"1",
"800940",2723,"5",2894262,"1",
"900000",37977,"1",2894262,"1",
"900000",24832,"2",2894262,"1",
"900000",57160,"3",2894262,"1",
"900000",17588,"4",2894262,"1",
"900000",30591,"5",2894262,"1",
"900160",28377,"1",2894262,"1",
"900160",22602,"2",2894262,"1",
"900160",17304,"3",2894262,"1",
"900160",5830,"4",2894262,"1",
"900160",2505,"5",2894262,"1",
"980000",66354,"1",2894262,"1",
"980000",47434,"2",2894262,"1",
"980000",74464,"3",2894262,"1",
"980000",23418,"4",2894262,"1",
"980000",33096,"5",2894262,"1",
"980070",66354,"1",2894262,"1",
"980070",47434,"2",2894262,"1",
"980070",74464,"3",2894262,"1",
"980070",23418,"4",2894262,"1",
"980070",33096,"5",2894262,"1",
"800940",2572,"1",2894271,"1",
"800940",2563,"2",2894271,"1",
"800940",1752,"3",2894271,"1",
"800940",3213,"4",2894271,"1",
"800940",1818,"5",2894271,"1",
"900000",32719,"1",2894271,"1",
"900000",32601,"2",2894271,"1",
"900000",22000,"3",2894271,"1",
"900000",41094,"4",2894271,"1",
"900000",22860,"5",2894271,"1",
"900140",1800,"1",2894271,"1",
"900140",1800,"2",2894271,"1",
"900140",1800,"3",2894271,"1",
"900140",1800,"4",2894271,"1",
"900140",1800,"5",2894271,"1",
"900160",450,"1",2894271,"1",
"900160",450,"2",2894271,"1",
"900160",450,"3",2894271,"1",
"900160",450,"4",2894271,"1",
"900160",450,"5",2894271,"1",
"900170",21600,"1",2894271,"1",
"900170",21600,"2",2894271,"1",
"900170",21600,"3",2894271,"1",
"900170",21600,"4",2894271,"1",
"900170",21600,"5",2894271,"1",
"900180",4000,"1",2894271,"1",
"900180",4000,"2",2894271,"1",
"900180",4000,"3",2894271,"1",
"900180",4000,"4",2894271,"1",
"900180",4000,"5",2894271,"1",
"980000",60569,"1",2894271,"1",
"980000",60451,"2",2894271,"1",
"980000",49850,"3",2894271,"1",
"980000",68944,"4",2894271,"1",
"980000",50710,"5",2894271,"1",
"980070",64219,"1",2894271,"1",
"980070",64101,"2",2894271,"1",
"980070",53500,"3",2894271,"1",
"980070",72594,"4",2894271,"1",
"980070",54360,"5",2894271,"1",
"800940",3475,"1",2894272,"1",
"800940",465,"2",2894272,"1",
"800940",1003,"3",2894272,"1",
"800940",1703,"4",2894272,"1",
"800940",2801,"5",2894272,"1",
"900000",44530,"1",2894272,"1",
"900000",5178,"2",2894272,"1",
"900000",12215,"3",2894272,"1",
"900000",21365,"4",2894272,"1",
"900000",35709,"5",2894272,"1",
"900140",1800,"1",2894272,"1",
"900140",1800,"2",2894272,"1",
"900140",1800,"3",2894272,"1",
"900140",1800,"4",2894272,"1",
"900140",1800,"5",2894272,"1",
"900160",450,"1",2894272,"1",
"900160",450,"2",2894272,"1",
"900160",450,"3",2894272,"1",
"900160",450,"4",2894272,"1",
"900160",450,"5",2894272,"1",
"900170",21600,"1",2894272,"1",
"900170",21600,"2",2894272,"1",
"900170",21600,"3",2894272,"1",
"900170",21600,"4",2894272,"1",
"900170",21600,"5",2894272,"1",
"900180",4000,"1",2894272,"1",
"900180",4000,"2",2894272,"1",
"900180",4000,"3",2894272,"1",
"900180",4000,"4",2894272,"1",
"900180",4000,"5",2894272,"1",
"980000",72380,"1",2894272,"1",
"980000",33028,"2",2894272,"1",
"980000",40065,"3",2894272,"1",
"980000",49215,"4",2894272,"1",
"980000",63559,"5",2894272,"1",
"980070",76030,"1",2894272,"1",
"980070",36678,"2",2894272,"1",
"980070",43715,"3",2894272,"1",
"980070",52865,"4",2894272,"1",
"980070",67209,"5",2894272,"1",
"900000",43000,"1",2894281,"1",
"900000",43000,"2",2894281,"1",
"900000",43000,"3",2894281,"1",
"900000",43000,"4",2894281,"1",
"900000",43000,"5",2894281,"1",
"980000",43000,"1",2894281,"1",
"980000",43000,"2",2894281,"1",
"980000",43000,"3",2894281,"1",
"980000",43000,"4",2894281,"1",
"980000",43000,"5",2894281,"1",
"980070",44280,"1",2894281,"1",
"980070",44280,"2",2894281,"1",
"980070",44280,"3",2894281,"1",
"980070",44280,"4",2894281,"1",
"980070",44280,"5",2894281,"1",
"900000",43000,"1",2894282,"1",
"900000",43000,"2",2894282,"1",
"900000",43000,"3",2894282,"1",
"900000",43000,"4",2894282,"1",
"900000",43000,"5",2894282,"1",
"980000",43000,"1",2894282,"1",
"980000",43000,"2",2894282,"1",
"980000",43000,"3",2894282,"1",
"980000",43000,"4",2894282,"1",
"980000",43000,"5",2894282,"1",
"980070",44280,"1",2894282,"1",
"980070",44280,"2",2894282,"1",
"980070",44280,"3",2894282,"1",
"980070",44280,"4",2894282,"1",
"980070",44280,"5",2894282,"1",
"900000",63013,"1",2894301,"1",
"900000",161784,"2",2894301,"1",
"900000",95006,"3",2894301,"1",
"900000",50979,"4",2894301,"1",
"900000",117509,"5",2894301,"1",
"980000",63013,"1",2894301,"1",
"980000",161784,"2",2894301,"1",
"980000",95006,"3",2894301,"1",
"980000",50979,"4",2894301,"1",
"980000",117509,"5",2894301,"1",
"980070",63013,"1",2894301,"1",
"980070",161784,"2",2894301,"1",
"980070",95006,"3",2894301,"1",
"980070",50979,"4",2894301,"1",
"980070",117509,"5",2894301,"1",
"900000",153066,"1",2894302,"1",
"900000",131282,"2",2894302,"1",
"900000",53545,"3",2894302,"1",
"900000",76108,"4",2894302,"1",
"900000",92585,"5",2894302,"1",
"980000",153066,"1",2894302,"1",
"980000",131282,"2",2894302,"1",
"980000",53545,"3",2894302,"1",
"980000",76108,"4",2894302,"1",
"980000",92585,"5",2894302,"1",
"980070",153066,"1",2894302,"1",
"980070",131282,"2",2894302,"1",
"980070",53545,"3",2894302,"1",
"980070",76108,"4",2894302,"1",
"980070",92585,"5",2894302,"1",
"900000",89000,"1",2894331,"1",
"900000",89000,"2",2894331,"1",
"900000",89000,"3",2894331,"1",
"900000",89000,"4",2894331,"1",
"900000",89000,"5",2894331,"1",
"950002",9223,"1",2894331,"1",
"950002",9223,"2",2894331,"1",
"950002",9223,"3",2894331,"1",
"950002",9223,"4",2894331,"1",
"950002",9223,"5",2894331,"1",
"950012",1867,"1",2894331,"1",
"950012",1867,"2",2894331,"1",
"950012",1867,"3",2894331,"1",
"950012",1867,"4",2894331,"1",
"950012",1867,"5",2894331,"1",
"980000",89000,"1",2894331,"1",
"980000",89000,"2",2894331,"1",
"980000",89000,"3",2894331,"1",
"980000",89000,"4",2894331,"1",
"980000",89000,"5",2894331,"1",
"980070",83910,"1",2894331,"1",
"980070",83910,"2",2894331,"1",
"980070",83910,"3",2894331,"1",
"980070",83910,"4",2894331,"1",
"980070",83910,"5",2894331,"1",
"900000",89000,"1",2894332,"1",
"900000",89000,"2",2894332,"1",
"900000",89000,"3",2894332,"1",
"900000",89000,"4",2894332,"1",
"900000",89000,"5",2894332,"1",
"950002",9223,"1",2894332,"1",
"950002",9223,"2",2894332,"1",
"950002",9223,"3",2894332,"1",
"950002",9223,"4",2894332,"1",
"950002",9223,"5",2894332,"1",
"950012",1867,"1",2894332,"1",
"950012",1867,"2",2894332,"1",
"950012",1867,"3",2894332,"1",
"950012",1867,"4",2894332,"1",
"950012",1867,"5",2894332,"1",
"980000",89000,"1",2894332,"1",
"980000",89000,"2",2894332,"1",
"980000",89000,"3",2894332,"1",
"980000",89000,"4",2894332,"1",
"980000",89000,"5",2894332,"1",
"980070",83910,"1",2894332,"1",
"980070",83910,"2",2894332,"1",
"980070",83910,"3",2894332,"1",
"980070",83910,"4",2894332,"1",
"980070",83910,"5",2894332,"1",
"900000",205487,"1",2894351,"1","T"
"900000",205487,"2",2894351,"1","T"
"900000",205487,"3",2894351,"1","T"
"900000",205487,"4",2894351,"1","T"
"900000",205487,"5",2894351,"1","T"
"900180",50,"1",2894351,"1",
"900180",47,"2",2894351,"1",
"900180",42,"3",2894351,"1",
"900180",94,"4",2894351,"1",
"900180",39,"5",2894351,"1",
"980000",205541,"1",2894351,"1","T"
"980000",205541,"2",2894351,"1","T"
"980000",205541,"3",2894351,"1","T"
"980000",205541,"4",2894351,"1","T"
"980000",205541,"5",2894351,"1","T"
"980070",131781,"1",2894351,"1","T"
"980070",131781,"2",2894351,"1","T"
"980070",131781,"3",2894351,"1","T"
"980070",131781,"4",2894351,"1","T"
"980070",131781,"5",2894351,"1","T"
"900000",205487,"1",2894352,"1","T"
"900000",205487,"2",2894352,"1","T"
"900000",205487,"3",2894352,"1","T"
"900000",205487,"4",2894352,"1","T"
"900000",205487,"5",2894352,"1","T"
"900180",22,"1",2894352,"1",
"900180",47,"2",2894352,"1",
"900180",100,"3",2894352,"1",
"900180",123,"4",2894352,"1",
"900180",89,"5",2894352,"1",
"980000",205563,"1",2894352,"1","T"
"980000",205563,"2",2894352,"1","T"
"980000",205563,"3",2894352,"1","T"
"980000",205563,"4",2894352,"1","T"
"980000",205563,"5",2894352,"1","T"
"980070",131802,"1",2894352,"1","T"
"980070",131802,"2",2894352,"1","T"
"980070",131802,"3",2894352,"1","T"
"980070",131802,"4",2894352,"1","T"
"980070",131802,"5",2894352,"1","T"
"800940",10967,"1",2894392,"1","T"
"800940",10967,"2",2894392,"1","T"
"800940",10967,"3",2894392,"1","T"
"800940",10967,"4",2894392,"1","T"
"800940",10967,"5",2894392,"1","T"
"900000",14400,"1",2894392,"1",
"900000",14400,"2",2894392,"1",
"900000",14400,"3",2894392,"1",
"900000",14400,"4",2894392,"1",
"900000",14400,"5",2894392,"1",
"900030",9108,"1",2894392,"1",
"900030",9108,"2",2894392,"1",
"900030",9108,"3",2894392,"1",
"900030",9108,"4",2894392,"1",
"900030",9108,"5",2894392,"1",
"900160",4707,"1",2894392,"1",
"900160",138647,"2",2894392,"1",
"900160",-39620,"3",2894392,"1",
"900160",13588,"4",2894392,"1",
"900160",50000,"5",2894392,"1",
"900180",153,"1",2894392,"1",
"900180",469,"2",2894392,"1",
"900180",38,"3",2894392,"1",
"900180",61,"4",2894392,"1",
"900180",117,"5",2894392,"1",
"980000",28368,"1",2894392,"1",
"980000",162624,"2",2894392,"1",
"980000",-16074,"3",2894392,"1",
"980000",37157,"4",2894392,"1",
"980000",73625,"5",2894392,"1",
"980070",27982,"1",2894392,"1",
"980070",162238,"2",2894392,"1",
"980070",-16460,"3",2894392,"1",
"980070",36771,"4",2894392,"1",
"980070",73239,"5",2894392,"1",
"900000",33535,"1",2894411,"1",
"900000",24000,"2",2894411,"1",
"900000",39901,"3",2894411,"1",
"900000",54533,"4",2894411,"1",
"900000",33138,"5",2894411,"1",
"980000",33535,"1",2894411,"1",
"980000",24000,"2",2894411,"1",
"980000",39901,"3",2894411,"1",
"980000",54533,"4",2894411,"1",
"980000",33138,"5",2894411,"1",
"980070",33535,"1",2894411,"1",
"980070",24000,"2",2894411,"1",
"980070",39901,"3",2894411,"1",
"980070",54533,"4",2894411,"1",
"980070",33138,"5",2894411,"1",
"900000",31084,"1",2894412,"1",
"900000",17626,"2",2894412,"1",
"900000",3100,"3",2894412,"1",
"900000",32974,"4",2894412,"1",
"900000",4198,"5",2894412,"1",
"980000",31084,"1",2894412,"1",
"980000",17626,"2",2894412,"1",
"980000",3100,"3",2894412,"1",
"980000",32974,"4",2894412,"1",
"980000",4198,"5",2894412,"1",
"980070",31084,"1",2894412,"1",
"980070",17626,"2",2894412,"1",
"980070",3100,"3",2894412,"1",
"980070",32974,"4",2894412,"1",
"980070",4198,"5",2894412,"1",
"900000",20855,"1",2894431,"1",
"900000",21026,"2",2894431,"1",
"900000",3329,"3",2894431,"1",
"900000",6459,"4",2894431,"1",
"900000",7487,"5",2894431,"1",
"980000",20855,"1",2894431,"1",
"980000",21026,"2",2894431,"1",
"980000",3329,"3",2894431,"1",
"980000",6459,"4",2894431,"1",
"980000",7487,"5",2894431,"1",
"980070",20855,"1",2894431,"1",
"980070",21026,"2",2894431,"1",
"980070",3329,"3",2894431,"1",
"980070",6459,"4",2894431,"1",
"980070",7487,"5",2894431,"1",
"900000",16907,"1",2894432,"1",
"900000",9769,"2",2894432,"1",
"900000",1351,"3",2894432,"1",
"900000",6943,"4",2894432,"1",
"900000",988,"5",2894432,"1",
"980000",16907,"1",2894432,"1",
"980000",9769,"2",2894432,"1",
"980000",1351,"3",2894432,"1",
"980000",6943,"4",2894432,"1",
"980000",988,"5",2894432,"1",
"980070",16907,"1",2894432,"1",
"980070",9769,"2",2894432,"1",
"980070",1351,"3",2894432,"1",
"980070",6943,"4",2894432,"1",
"980070",988,"5",2894432,"1",
"900000",110000,"1",2894461,"1",
"900000",110000,"2",2894461,"1",
"900000",110000,"3",2894461,"1",
"900000",110000,"4",2894461,"1",
"900000",110000,"5",2894461,"1",
"980000",110000,"1",2894461,"1",
"980000",110000,"2",2894461,"1",
"980000",110000,"3",2894461,"1",
"980000",110000,"4",2894461,"1",
"980000",110000,"5",2894461,"1",
"980070",112800,"1",2894461,"1",
"980070",112800,"2",2894461,"1",
"980070",112800,"3",2894461,"1",
"980070",112800,"4",2894461,"1",
"980070",112800,"5",2894461,"1",
"900000",110000,"1",2894462,"1",
"900000",110000,"2",2894462,"1",
"900000",110000,"3",2894462,"1",
"900000",110000,"4",2894462,"1",
"900000",110000,"5",2894462,"1",
"980000",110000,"1",2894462,"1",
"980000",110000,"2",2894462,"1",
"980000",110000,"3",2894462,"1",
"980000",110000,"4",2894462,"1",
"980000",110000,"5",2894462,"1",
"980070",112800,"1",2894462,"1",
"980070",112800,"2",2894462,"1",
"980070",112800,"3",2894462,"1",
"980070",112800,"4",2894462,"1",
"980070",112800,"5",2894462,"1",
"900000",55388,"1",2894471,"1",
"900000",51168,"2",2894471,"1",
"900000",58252,"3",2894471,"1",
"900000",59172,"4",2894471,"1",
"900000",59225,"5",2894471,"1",
"900030",10651,"1",2894471,"1",
"900030",11071,"2",2894471,"1",
"900030",10987,"3",2894471,"1",
"900030",13879,"4",2894471,"1",
"900030",10771,"5",2894471,"1",
"900170",8277,"1",2894471,"1",
"900170",7747,"2",2894471,"1",
"900170",9657,"3",2894471,"1",
"900170",9277,"4",2894471,"1",
"900170",8350,"5",2894471,"1",
"900180",69,"1",2894471,"1",
"900180",547,"2",2894471,"1",
"900180",957,"3",2894471,"1",
"900180",976,"4",2894471,"1",
"900180",75,"5",2894471,"1",
"980000",74385,"1",2894471,"1",
"980000",70533,"2",2894471,"1",
"980000",79853,"3",2894471,"1",
"980000",83304,"4",2894471,"1",
"980000",78421,"5",2894471,"1",
"980070",73935,"1",2894471,"1",
"980070",70083,"2",2894471,"1",
"980070",79403,"3",2894471,"1",
"980070",82854,"4",2894471,"1",
"980070",77971,"5",2894471,"1",
"900000",53805,"1",2894472,"1",
"900000",56246,"2",2894472,"1",
"900000",67087,"3",2894472,"1",
"900000",69880,"4",2894472,"1",
"900000",59728,"5",2894472,"1",
"900030",13387,"1",2894472,"1",
"900030",13291,"2",2894472,"1",
"900030",12199,"3",2894472,"1",
"900030",13411,"4",2894472,"1",
"900030",12103,"5",2894472,"1",
"900170",7016,"1",2894472,"1",
"900170",7339,"2",2894472,"1",
"900170",7707,"3",2894472,"1",
"900170",6501,"4",2894472,"1",
"900170",6793,"5",2894472,"1",
"900180",113,"1",2894472,"1",
"900180",75,"2",2894472,"1",
"900180",2,"3",2894472,"1",
"900180",99,"4",2894472,"1",
"900180",111,"5",2894472,"1",
"980000",74321,"1",2894472,"1",
"980000",76951,"2",2894472,"1",
"980000",86995,"3",2894472,"1",
"980000",89891,"4",2894472,"1",
"980000",78735,"5",2894472,"1",
"980070",73871,"1",2894472,"1",
"980070",76501,"2",2894472,"1",
"980070",86545,"3",2894472,"1",
"980070",89441,"4",2894472,"1",
"980070",78285,"5",2894472,"1",
"900000",54400,"1",2894511,"1",
"900000",54400,"2",2894511,"1",
"900000",54400,"3",2894511,"1",
"900000",54400,"4",2894511,"1",
"900000",54400,"5",2894511,"1",
"900140",4344,"1",2894511,"1",
"900140",4344,"2",2894511,"1",
"900140",4344,"3",2894511,"1",
"900140",4344,"4",2894511,"1",
"900140",4344,"5",2894511,"1",
"900180",10,"1",2894511,"1",
"900180",10,"2",2894511,"1",
"900180",10,"3",2894511,"1",
"900180",10,"4",2894511,"1",
"900180",10,"5",2894511,"1",
"980000",58754,"1",2894511,"1",
"980000",58754,"2",2894511,"1",
"980000",58754,"3",2894511,"1",
"980000",58754,"4",2894511,"1",
"980000",58754,"5",2894511,"1",
"980070",63254,"1",2894511,"1",
"980070",63254,"2",2894511,"1",
"980070",63254,"3",2894511,"1",
"980070",63254,"4",2894511,"1",
"980070",63254,"5",2894511,"1",
"900000",54400,"1",2894512,"1",
"900000",54400,"2",2894512,"1",
"900000",54400,"3",2894512,"1",
"900000",54400,"4",2894512,"1",
"900000",54400,"5",2894512,"1",
"900140",4344,"1",2894512,"1",
"900140",4344,"2",2894512,"1",
"900140",4344,"3",2894512,"1",
"900140",4344,"4",2894512,"1",
"900140",4344,"5",2894512,"1",
"900180",10,"1",2894512,"1",
"900180",10,"2",2894512,"1",
"900180",10,"3",2894512,"1",
"900180",10,"4",2894512,"1",
"900180",10,"5",2894512,"1",
"980000",58754,"1",2894512,"1",
"980000",58754,"2",2894512,"1",
"980000",58754,"3",2894512,"1",
"980000",58754,"4",2894512,"1",
"980000",58754,"5",2894512,"1",
"980070",63254,"1",2894512,"1",
"980070",63254,"2",2894512,"1",
"980070",63254,"3",2894512,"1",
"980070",63254,"4",2894512,"1",
"980070",63254,"5",2894512,"1",
"900000",47000,"1",2894541,"1",
"900000",47000,"2",2894541,"1",
"900000",47000,"3",2894541,"1",
"900000",47000,"4",2894541,"1",
"900000",47000,"5",2894541,"1",
"980000",47000,"1",2894541,"1",
"980000",47000,"2",2894541,"1",
"980000",47000,"3",2894541,"1",
"980000",47000,"4",2894541,"1",
"980000",47000,"5",2894541,"1",
"980070",56161,"1",2894541,"1","T"
"980070",56161,"2",2894541,"1","T"
"980070",56161,"3",2894541,"1","T"
"980070",56161,"4",2894541,"1","T"
"980070",56161,"5",2894541,"1","T"
"900000",47000,"1",2894542,"1",
"900000",47000,"2",2894542,"1",
"900000",47000,"3",2894542,"1",
"900000",47000,"4",2894542,"1",
"900000",47000,"5",2894542,"1",
"980000",47000,"1",2894542,"1",
"980000",47000,"2",2894542,"1",
"980000",47000,"3",2894542,"1",
"980000",47000,"4",2894542,"1",
"980000",47000,"5",2894542,"1",
"980070",56161,"1",2894542,"1","T"
"980070",56161,"2",2894542,"1","T"
"980070",56161,"3",2894542,"1","T"
"980070",56161,"4",2894542,"1","T"
"980070",56161,"5",2894542,"1","T"
"900000",13000,"1",2894561,"1",
"900000",13000,"2",2894561,"1",
"900000",13000,"3",2894561,"1",
"900000",13000,"4",2894561,"1",
"900000",13000,"5",2894561,"1",
"980000",13000,"1",2894561,"1",
"980000",13000,"2",2894561,"1",
"980000",13000,"3",2894561,"1",
"980000",13000,"4",2894561,"1",
"980000",13000,"5",2894561,"1",
"980070",13000,"1",2894561,"1",
"980070",13000,"2",2894561,"1",
"980070",13000,"3",2894561,"1",
"980070",13000,"4",2894561,"1",
"980070",13000,"5",2894561,"1",
"900000",13000,"1",2894562,"1",
"900000",13000,"2",2894562,"1",
"900000",13000,"3",2894562,"1",
"900000",13000,"4",2894562,"1",
"900000",13000,"5",2894562,"1",
"980000",13000,"1",2894562,"1",
"980000",13000,"2",2894562,"1",
"980000",13000,"3",2894562,"1",
"980000",13000,"4",2894562,"1",
"980000",13000,"5",2894562,"1",
"980070",13000,"1",2894562,"1",
"980070",13000,"2",2894562,"1",
"980070",13000,"3",2894562,"1",
"980070",13000,"4",2894562,"1",
"980070",13000,"5",2894562,"1",
"900000",22000,"1",2894581,"1",
"900000",22000,"2",2894581,"1",
"900000",22000,"3",2894581,"1",
"900000",22000,"4",2894581,"1",
"900000",22000,"5",2894581,"1",
"980000",22000,"1",2894581,"1",
"980000",22000,"2",2894581,"1",
"980000",22000,"3",2894581,"1",
"980000",22000,"4",2894581,"1",
"980000",22000,"5",2894581,"1",
"980070",22000,"1",2894581,"1",
"980070",22000,"2",2894581,"1",
"980070",22000,"3",2894581,"1",
"980070",22000,"4",2894581,"1",
"980070",22000,"5",2894581,"1",
"900000",22000,"1",2894582,"1",
"900000",22000,"2",2894582,"1",
"900000",22000,"3",2894582,"1",
"900000",22000,"4",2894582,"1",
"900000",22000,"5",2894582,"1",
"980000",22000,"1",2894582,"1",
"980000",22000,"2",2894582,"1",
"980000",22000,"3",2894582,"1",
"980000",22000,"4",2894582,"1",
"980000",22000,"5",2894582,"1",
"980070",22000,"1",2894582,"1",
"980070",22000,"2",2894582,"1",
"980070",22000,"3",2894582,"1",
"980070",22000,"4",2894582,"1",
"980070",22000,"5",2894582,"1",
"900000",43207,"1",2894591,"1",
"900000",47677,"2",2894591,"1",
"900000",48629,"3",2894591,"1",
"900000",41443,"4",2894591,"1",
"900000",40987,"5",2894591,"1",
"980000",43207,"1",2894591,"1",
"980000",47677,"2",2894591,"1",
"980000",48629,"3",2894591,"1",
"980000",41443,"4",2894591,"1",
"980000",40987,"5",2894591,"1",
"980070",41627,"1",2894591,"1",
"980070",46097,"2",2894591,"1",
"980070",47049,"3",2894591,"1",
"980070",39863,"4",2894591,"1",
"980070",39407,"5",2894591,"1",
"900000",46288,"1",2894592,"1",
"900000",49021,"2",2894592,"1",
"900000",45372,"3",2894592,"1",
"900000",43838,"4",2894592,"1",
"900000",43472,"5",2894592,"1",
"980000",46288,"1",2894592,"1",
"980000",49021,"2",2894592,"1",
"980000",45372,"3",2894592,"1",
"980000",43838,"4",2894592,"1",
"980000",43472,"5",2894592,"1",
"980070",44708,"1",2894592,"1",
"980070",47441,"2",2894592,"1",
"980070",43792,"3",2894592,"1",
"980070",42258,"4",2894592,"1",
"980070",41892,"5",2894592,"1",
"900000",27492,"1",2894601,"1",
"900000",43486,"2",2894601,"1",
"900000",54457,"3",2894601,"1",
"900000",71094,"4",2894601,"1",
"900000",30057,"5",2894601,"1",
"980000",27492,"1",2894601,"1",
"980000",43486,"2",2894601,"1",
"980000",54457,"3",2894601,"1",
"980000",71094,"4",2894601,"1",
"980000",30057,"5",2894601,"1",
"980070",27492,"1",2894601,"1",
"980070",43486,"2",2894601,"1",
"980070",54457,"3",2894601,"1",
"980070",71094,"4",2894601,"1",
"980070",30057,"5",2894601,"1",
"900150",600,"1",2894611,"1",
"900150",600,"2",2894611,"1",
"900150",600,"3",2894611,"1",
"900150",600,"4",2894611,"1",
"900150",600,"5",2894611,"1",
"980000",600,"1",2894611,"1",
"980000",600,"2",2894611,"1",
"980000",600,"3",2894611,"1",
"980000",600,"4",2894611,"1",
"980000",600,"5",2894611,"1",
"980070",600,"1",2894611,"1",
"980070",600,"2",2894611,"1",
"980070",600,"3",2894611,"1",
"980070",600,"4",2894611,"1",
"980070",600,"5",2894611,"1",
"900150",600,"1",2894612,"1",
"900150",600,"2",2894612,"1",
"900150",600,"3",2894612,"1",
"900150",600,"4",2894612,"1",
"900150",600,"5",2894612,"1",
"980000",600,"1",2894612,"1",
"980000",600,"2",2894612,"1",
"980000",600,"3",2894612,"1",
"980000",600,"4",2894612,"1",
"980000",600,"5",2894612,"1",
"980070",600,"1",2894612,"1",
"980070",600,"2",2894612,"1",
"980070",600,"3",2894612,"1",
"980070",600,"4",2894612,"1",
"980070",600,"5",2894612,"1",
"900000",71063,"1",2894641,"1",
"900000",72797,"2",2894641,"1",
"900000",73762,"3",2894641,"1",
"900000",72298,"4",2894641,"1",
"900000",71144,"5",2894641,"1",
"980000",71063,"1",2894641,"1",
"980000",72797,"2",2894641,"1",
"980000",73762,"3",2894641,"1",
"980000",72298,"4",2894641,"1",
"980000",71144,"5",2894641,"1",
"980070",72213,"1",2894641,"1",
"980070",73947,"2",2894641,"1",
"980070",74912,"3",2894641,"1",
"980070",73448,"4",2894641,"1",
"980070",72294,"5",2894641,"1",
"900000",70405,"1",2894642,"1",
"900000",73639,"2",2894642,"1",
"900000",69443,"3",2894642,"1",
"900000",73278,"4",2894642,"1",
"900000",72355,"5",2894642,"1",
"980000",70405,"1",2894642,"1",
"980000",73639,"2",2894642,"1",
"980000",69443,"3",2894642,"1",
"980000",73278,"4",2894642,"1",
"980000",72355,"5",2894642,"1",
"980070",71555,"1",2894642,"1",
"980070",74789,"2",2894642,"1",
"980070",70593,"3",2894642,"1",
"980070",74428,"4",2894642,"1",
"980070",73505,"5",2894642,"1",
"900030",35459,"1",2894651,"1",
"900030",35459,"2",2894651,"1",
"900030",35459,"3",2894651,"1",
"900030",35459,"4",2894651,"1",
"900030",35459,"5",2894651,"1",
"980000",35459,"1",2894651,"1",
"980000",35459,"2",2894651,"1",
"980000",35459,"3",2894651,"1",
"980000",35459,"4",2894651,"1",
"980000",35459,"5",2894651,"1",
"980070",42459,"1",2894651,"1",
"980070",42459,"2",2894651,"1",
"980070",42459,"3",2894651,"1",
"980070",42459,"4",2894651,"1",
"980070",42459,"5",2894651,"1",
"900030",35459,"1",2894652,"1",
"900030",35459,"2",2894652,"1",
"900030",35459,"3",2894652,"1",
"900030",35459,"4",2894652,"1",
"900030",35459,"5",2894652,"1",
"980000",35459,"1",2894652,"1",
"980000",35459,"2",2894652,"1",
"980000",35459,"3",2894652,"1",
"980000",35459,"4",2894652,"1",
"980000",35459,"5",2894652,"1",
"980070",42459,"1",2894652,"1",
"980070",42459,"2",2894652,"1",
"980070",42459,"3",2894652,"1",
"980070",42459,"4",2894652,"1",
"980070",42459,"5",2894652,"1",
"800940",10967,"1",2894681,"1","T"
"800940",10967,"2",2894681,"1","T"
"800940",10967,"3",2894681,"1","T"
"800940",10967,"4",2894681,"1","T"
"800940",10967,"5",2894681,"1","T"
"900000",268487,"1",2894681,"1","T"
"900000",268487,"2",2894681,"1","T"
"900000",268487,"3",2894681,"1","T"
"900000",268487,"4",2894681,"1","T"
"900000",268487,"5",2894681,"1","T"
"900160",2000,"1",2894681,"1",
"900160",2000,"2",2894681,"1",
"900160",2000,"3",2894681,"1",
"900160",2000,"4",2894681,"1",
"900160",2000,"5",2894681,"1",
"980000",270487,"1",2894681,"1","T"
"980000",270487,"2",2894681,"1","T"
"980000",270487,"3",2894681,"1","T"
"980000",270487,"4",2894681,"1","T"
"980000",270487,"5",2894681,"1","T"
"980070",273587,"1",2894681,"1","T"
"980070",273587,"2",2894681,"1","T"
"980070",273587,"3",2894681,"1","T"
"980070",273587,"4",2894681,"1","T"
"980070",273587,"5",2894681,"1","T"
"800940",10967,"1",2894682,"1","T"
"800940",10967,"2",2894682,"1","T"
"800940",10967,"3",2894682,"1","T"
"800940",10967,"4",2894682,"1","T"
"800940",10967,"5",2894682,"1","T"
"900000",268487,"1",2894682,"1","T"
"900000",268487,"2",2894682,"1","T"
"900000",268487,"3",2894682,"1","T"
"900000",268487,"4",2894682,"1","T"
"900000",268487,"5",2894682,"1","T"
"900160",2000,"1",2894682,"1",
"900160",2000,"2",2894682,"1",
"900160",2000,"3",2894682,"1",
"900160",2000,"4",2894682,"1",
"900160",2000,"5",2894682,"1",
"980000",270487,"1",2894682,"1","T"
"980000",270487,"2",2894682,"1","T"
"980000",270487,"3",2894682,"1","T"
"980000",270487,"4",2894682,"1","T"
"980000",270487,"5",2894682,"1","T"
"980070",273587,"1",2894682,"1","T"
"980070",273587,"2",2894682,"1","T"
"980070",273587,"3",2894682,"1","T"
"980070",273587,"4",2894682,"1","T"
"980070",273587,"5",2894682,"1","T"
"900000",234821,"1",2894691,"1","T"
"900000",234821,"2",2894691,"1","T"
"900000",234821,"3",2894691,"1","T"
"900000",234821,"4",2894691,"1","T"
"900000",234821,"5",2894691,"1","T"
"980000",234821,"1",2894691,"1","T"
"980000",234821,"2",2894691,"1","T"
"980000",234821,"3",2894691,"1","T"
"980000",234821,"4",2894691,"1","T"
"980000",234821,"5",2894691,"1","T"
"980070",234821,"1",2894691,"1","T"
"980070",234821,"2",2894691,"1","T"
"980070",234821,"3",2894691,"1","T"
"980070",234821,"4",2894691,"1","T"
"980070",234821,"5",2894691,"1","T"
"900000",53958,"1",2894692,"1",
"900000",131904,"2",2894692,"1",
"900000",84015,"3",2894692,"1",
"900000",67456,"4",2894692,"1",
"900000",126732,"5",2894692,"1",
"980000",53958,"1",2894692,"1",
"980000",131904,"2",2894692,"1",
"980000",84015,"3",2894692,"1",
"980000",67456,"4",2894692,"1",
"980000",126732,"5",2894692,"1",
"980070",53958,"1",2894692,"1",
"980070",131904,"2",2894692,"1",
"980070",84015,"3",2894692,"1",
"980070",67456,"4",2894692,"1",
"980070",126732,"5",2894692,"1",
"900000",136585,"1",2894701,"1",
"900000",104317,"2",2894701,"1",
"900000",96132,"3",2894701,"1",
"900000",100404,"4",2894701,"1",
"900000",69591,"5",2894701,"1",
"900150",1440,"1",2894701,"1",
"900150",1440,"2",2894701,"1",
"900150",1440,"3",2894701,"1",
"900150",1440,"4",2894701,"1",
"900150",1440,"5",2894701,"1",
"980000",138025,"1",2894701,"1",
"980000",105757,"2",2894701,"1",
"980000",97572,"3",2894701,"1",
"980000",101844,"4",2894701,"1",
"980000",71031,"5",2894701,"1",
"980070",141725,"1",2894701,"1",
"980070",109457,"2",2894701,"1",
"980070",101272,"3",2894701,"1",
"980070",105544,"4",2894701,"1",
"980070",74731,"5",2894701,"1",
"900000",136450,"1",2894702,"1",
"900000",135507,"2",2894702,"1",
"900000",105747,"3",2894702,"1",
"900000",134673,"4",2894702,"1",
"900000",57305,"5",2894702,"1",
"900150",1440,"1",2894702,"1",
"900150",1440,"2",2894702,"1",
"900150",1440,"3",2894702,"1",
"900150",1440,"4",2894702,"1",
"900150",1440,"5",2894702,"1",
"980000",137890,"1",2894702,"1",
"980000",136947,"2",2894702,"1",
"980000",107187,"3",2894702,"1",
"980000",136113,"4",2894702,"1",
"980000",58745,"5",2894702,"1",
"980070",141590,"1",2894702,"1",
"980070",140647,"2",2894702,"1",
"980070",110887,"3",2894702,"1",
"980070",139813,"4",2894702,"1",
"980070",62445,"5",2894702,"1",
"800940",2974,"1",2894711,"1",
"800940",2024,"2",2894711,"1",
"800940",2439,"3",2894711,"1",
"800940",3810,"4",2894711,"1",
"800940",875,"5",2894711,"1",
"900000",9800,"1",2894711,"1",
"900000",9800,"2",2894711,"1",
"900000",9800,"3",2894711,"1",
"900000",9800,"4",2894711,"1",
"900000",9800,"5",2894711,"1",
"900160",15540,"1",2894711,"1",
"900160",9328,"2",2894711,"1",
"900160",12043,"3",2894711,"1",
"900160",21003,"4",2894711,"1",
"900160",1821,"5",2894711,"1",
"980000",25340,"1",2894711,"1",
"980000",19128,"2",2894711,"1",
"980000",21843,"3",2894711,"1",
"980000",30803,"4",2894711,"1",
"980000",11621,"5",2894711,"1",
"980070",25340,"1",2894711,"1",
"980070",19128,"2",2894711,"1",
"980070",21843,"3",2894711,"1",
"980070",30803,"4",2894711,"1",
"980070",11621,"5",2894711,"1",
"800940",3795,"1",2894712,"1",
"800940",679,"2",2894712,"1",
"800940",597,"3",2894712,"1",
"800940",1899,"4",2894712,"1",
"800940",3755,"5",2894712,"1",
"900000",9800,"1",2894712,"1",
"900000",9800,"2",2894712,"1",
"900000",9800,"3",2894712,"1",
"900000",9800,"4",2894712,"1",
"900000",9800,"5",2894712,"1",
"900160",20902,"1",2894712,"1",
"900160",541,"2",2894712,"1",
"900160",1,"3",2894712,"1",
"900160",8511,"4",2894712,"1",
"900160",20642,"5",2894712,"1",
"980000",30702,"1",2894712,"1",
"980000",10341,"2",2894712,"1",
"980000",9801,"3",2894712,"1",
"980000",18311,"4",2894712,"1",
"980000",30442,"5",2894712,"1",
"980070",30702,"1",2894712,"1",
"980070",10341,"2",2894712,"1",
"980070",9801,"3",2894712,"1",
"980070",18311,"4",2894712,"1",
"980070",30442,"5",2894712,"1",
"900000",150000,"1",2894741,"1",
"900000",150000,"2",2894741,"1",
"900000",150000,"3",2894741,"1",
"900000",150000,"4",2894741,"1",
"900000",150000,"5",2894741,"1",
"900180",3184,"1",2894741,"1",
"900180",3099,"2",2894741,"1",
"900180",3343,"3",2894741,"1",
"900180",3874,"4",2894741,"1",
"900180",3781,"5",2894741,"1",
"980000",153184,"1",2894741,"1",
"980000",153099,"2",2894741,"1",
"980000",153343,"3",2894741,"1",
"980000",153874,"4",2894741,"1",
"980000",153781,"5",2894741,"1",
"980070",156184,"1",2894741,"1",
"980070",156099,"2",2894741,"1",
"980070",156343,"3",2894741,"1",
"980070",156874,"4",2894741,"1",
"980070",156781,"5",2894741,"1",
"900000",150000,"1",2894742,"1",
"900000",150000,"2",2894742,"1",
"900000",150000,"3",2894742,"1",
"900000",150000,"4",2894742,"1",
"900000",150000,"5",2894742,"1",
"900180",3759,"1",2894742,"1",
"900180",3153,"2",2894742,"1",
"900180",3140,"3",2894742,"1",
"900180",3037,"4",2894742,"1",
"900180",3310,"5",2894742,"1",
"980000",153759,"1",2894742,"1",
"980000",153153,"2",2894742,"1",
"980000",153140,"3",2894742,"1",
"980000",153037,"4",2894742,"1",
"980000",153310,"5",2894742,"1",
"980070",156759,"1",2894742,"1",
"980070",156153,"2",2894742,"1",
"980070",156140,"3",2894742,"1",
"980070",156037,"4",2894742,"1",
"980070",156310,"5",2894742,"1",
"900000",52362,"1",2894761,"1",
"900000",42135,"2",2894761,"1",
"900000",10488,"3",2894761,"1",
"900000",20991,"4",2894761,"1",
"900000",37240,"5",2894761,"1",
"980000",52362,"1",2894761,"1",
"980000",42135,"2",2894761,"1",
"980000",10488,"3",2894761,"1",
"980000",20991,"4",2894761,"1",
"980000",37240,"5",2894761,"1",
"980070",52362,"1",2894761,"1",
"980070",42135,"2",2894761,"1",
"980070",10488,"3",2894761,"1",
"980070",20991,"4",2894761,"1",
"980070",37240,"5",2894761,"1",
"900000",39503,"1",2894762,"1",
"900000",32997,"2",2894762,"1",
"900000",73430,"3",2894762,"1",
"900000",44945,"4",2894762,"1",
"900000",38134,"5",2894762,"1",
"980000",39503,"1",2894762,"1",
"980000",32997,"2",2894762,"1",
"980000",73430,"3",2894762,"1",
"980000",44945,"4",2894762,"1",
"980000",38134,"5",2894762,"1",
"980070",39503,"1",2894762,"1",
"980070",32997,"2",2894762,"1",
"980070",73430,"3",2894762,"1",
"980070",44945,"4",2894762,"1",
"980070",38134,"5",2894762,"1",
"900160",28285,"1",2894771,"1",
"900160",13621,"2",2894771,"1",
"900160",25391,"3",2894771,"1",
"900160",87608,"4",2894771,"1",
"900160",10166,"5",2894771,"1",
"980000",28285,"1",2894771,"1",
"980000",13621,"2",2894771,"1",
"980000",25391,"3",2894771,"1",
"980000",87608,"4",2894771,"1",
"980000",10166,"5",2894771,"1",
"980070",28285,"1",2894771,"1",
"980070",13621,"2",2894771,"1",
"980070",25391,"3",2894771,"1",
"980070",87608,"4",2894771,"1",
"980070",10166,"5",2894771,"1",
"900160",-5855,"1",2894772,"1",
"900160",17481,"2",2894772,"1",
"900160",18758,"3",2894772,"1",
"900160",12174,"4",2894772,"1",
"900160",38197,"5",2894772,"1",
"980000",-5855,"1",2894772,"1",
"980000",17481,"2",2894772,"1",
"980000",18758,"3",2894772,"1",
"980000",12174,"4",2894772,"1",
"980000",38197,"5",2894772,"1",
"980070",-5855,"1",2894772,"1",
"980070",17481,"2",2894772,"1",
"980070",18758,"3",2894772,"1",
"980070",12174,"4",2894772,"1",
"980070",38197,"5",2894772,"1",
"900000",128000,"1",2894791,"1",
"900000",128000,"2",2894791,"1",
"900000",128000,"3",2894791,"1",
"900000",128000,"4",2894791,"1",
"900000",128000,"5",2894791,"1",
"980000",128000,"1",2894791,"1",
"980000",128000,"2",2894791,"1",
"980000",128000,"3",2894791,"1",
"980000",128000,"4",2894791,"1",
"980000",128000,"5",2894791,"1",
"980070",128000,"1",2894791,"1",
"980070",128000,"2",2894791,"1",
"980070",128000,"3",2894791,"1",
"980070",128000,"4",2894791,"1",
"980070",128000,"5",2894791,"1",
"900000",128000,"1",2894792,"1",
"900000",128000,"2",2894792,"1",
"900000",128000,"3",2894792,"1",
"900000",128000,"4",2894792,"1",
"900000",128000,"5",2894792,"1",
"980000",128000,"1",2894792,"1",
"980000",128000,"2",2894792,"1",
"980000",128000,"3",2894792,"1",
"980000",128000,"4",2894792,"1",
"980000",128000,"5",2894792,"1",
"980070",128000,"1",2894792,"1",
"980070",128000,"2",2894792,"1",
"980070",128000,"3",2894792,"1",
"980070",128000,"4",2894792,"1",
"980070",128000,"5",2894792,"1",
"900000",50000,"1",2894811,"1",
"900000",103613,"2",2894811,"1",
"900000",72460,"3",2894811,"1",
"900000",86689,"4",2894811,"1",
"900000",38469,"5",2894811,"1",
"980000",50000,"1",2894811,"1",
"980000",103613,"2",2894811,"1",
"980000",72460,"3",2894811,"1",
"980000",86689,"4",2894811,"1",
"980000",38469,"5",2894811,"1",
"980070",50000,"1",2894811,"1",
"980070",103613,"2",2894811,"1",
"980070",72460,"3",2894811,"1",
"980070",86689,"4",2894811,"1",
"980070",38469,"5",2894811,"1",
"900000",84576,"1",2894812,"1",
"900000",40666,"2",2894812,"1",
"900000",46904,"3",2894812,"1",
"900000",58253,"4",2894812,"1",
"900000",61952,"5",2894812,"1",
"980000",84576,"1",2894812,"1",
"980000",40666,"2",2894812,"1",
"980000",46904,"3",2894812,"1",
"980000",58253,"4",2894812,"1",
"980000",61952,"5",2894812,"1",
"980070",84576,"1",2894812,"1",
"980070",40666,"2",2894812,"1",
"980070",46904,"3",2894812,"1",
"980070",58253,"4",2894812,"1",
"980070",61952,"5",2894812,"1",
"900030",21612,"1",2894832,"1",
"900030",23796,"2",2894832,"1",
"900030",14100,"3",2894832,"1",
"900030",15816,"4",2894832,"1",
"900030",15672,"5",2894832,"1",
"900170",796,"1",2894832,"1",
"900170",15324,"2",2894832,"1",
"900170",20793,"3",2894832,"1",
"900170",13874,"4",2894832,"1",
"900170",16329,"5",2894832,"1",
"980000",22408,"1",2894832,"1",
"980000",39120,"2",2894832,"1",
"980000",34893,"3",2894832,"1",
"980000",29690,"4",2894832,"1",
"980000",32001,"5",2894832,"1",
"980070",22408,"1",2894832,"1",
"980070",39120,"2",2894832,"1",
"980070",34893,"3",2894832,"1",
"980070",29690,"4",2894832,"1",
"980070",32001,"5",2894832,"1",
"900000",128308,"1",2894851,"1",
"900000",123353,"2",2894851,"1",
"900000",121972,"3",2894851,"1",
"900000",123121,"4",2894851,"1",
"900000",117871,"5",2894851,"1",
"980000",128308,"1",2894851,"1",
"980000",123353,"2",2894851,"1",
"980000",121972,"3",2894851,"1",
"980000",123121,"4",2894851,"1",
"980000",117871,"5",2894851,"1",
"980070",128308,"1",2894851,"1",
"980070",123353,"2",2894851,"1",
"980070",121972,"3",2894851,"1",
"980070",123121,"4",2894851,"1",
"980070",117871,"5",2894851,"1",
"900000",123944,"1",2894852,"1",
"900000",134563,"2",2894852,"1",
"900000",126577,"3",2894852,"1",
"900000",115204,"4",2894852,"1",
"900000",119418,"5",2894852,"1",
"980000",123944,"1",2894852,"1",
"980000",134563,"2",2894852,"1",
"980000",126577,"3",2894852,"1",
"980000",115204,"4",2894852,"1",
"980000",119418,"5",2894852,"1",
"980070",123944,"1",2894852,"1",
"980070",134563,"2",2894852,"1",
"980070",126577,"3",2894852,"1",
"980070",115204,"4",2894852,"1",
"980070",119418,"5",2894852,"1",
"900000",20000,"1",2894861,"1",
"900000",20000,"2",2894861,"1",
"900000",20000,"3",2894861,"1",
"900000",20000,"4",2894861,"1",
"900000",20000,"5",2894861,"1",
"980000",20000,"1",2894861,"1",
"980000",20000,"2",2894861,"1",
"980000",20000,"3",2894861,"1",
"980000",20000,"4",2894861,"1",
"980000",20000,"5",2894861,"1",
"980070",20000,"1",2894861,"1",
"980070",20000,"2",2894861,"1",
"980070",20000,"3",2894861,"1",
"980070",20000,"4",2894861,"1",
"980070",20000,"5",2894861,"1",
"900000",20000,"1",2894862,"1",
"900000",20000,"2",2894862,"1",
"900000",20000,"3",2894862,"1",
"900000",20000,"4",2894862,"1",
"900000",20000,"5",2894862,"1",
"980000",20000,"1",2894862,"1",
"980000",20000,"2",2894862,"1",
"980000",20000,"3",2894862,"1",
"980000",20000,"4",2894862,"1",
"980000",20000,"5",2894862,"1",
"980070",20000,"1",2894862,"1",
"980070",20000,"2",2894862,"1",
"980070",20000,"3",2894862,"1",
"980070",20000,"4",2894862,"1",
"980070",20000,"5",2894862,"1",
"900000",25052,"1",2894882,"1",
"900000",27758,"2",2894882,"1",
"900000",24384,"3",2894882,"1",
"900000",25194,"4",2894882,"1",
"900000",24319,"5",2894882,"1",
"980000",25052,"1",2894882,"1",
"980000",27758,"2",2894882,"1",
"980000",24384,"3",2894882,"1",
"980000",25194,"4",2894882,"1",
"980000",24319,"5",2894882,"1",
"980070",27052,"1",2894882,"1",
"980070",29758,"2",2894882,"1",
"980070",26384,"3",2894882,"1",
"980070",27194,"4",2894882,"1",
"980070",26319,"5",2894882,"1",
"900000",6484,"1",2894891,"1",
"900000",12602,"2",2894891,"1",
"900000",11222,"3",2894891,"1",
"900000",8795,"4",2894891,"1",
"900000",58521,"5",2894891,"1",
"980000",6484,"1",2894891,"1",
"980000",12602,"2",2894891,"1",
"980000",11222,"3",2894891,"1",
"980000",8795,"4",2894891,"1",
"980000",58521,"5",2894891,"1",
"980070",6484,"1",2894891,"1",
"980070",12602,"2",2894891,"1",
"980070",11222,"3",2894891,"1",
"980070",8795,"4",2894891,"1",
"980070",58521,"5",2894891,"1",
"900000",40414,"1",2894892,"1",
"900000",8418,"2",2894892,"1",
"900000",3963,"3",2894892,"1",
"900000",45807,"4",2894892,"1",
"900000",41312,"5",2894892,"1",
"980000",40414,"1",2894892,"1",
"980000",8418,"2",2894892,"1",
"980000",3963,"3",2894892,"1",
"980000",45807,"4",2894892,"1",
"980000",41312,"5",2894892,"1",
"980070",40414,"1",2894892,"1",
"980070",8418,"2",2894892,"1",
"980070",3963,"3",2894892,"1",
"980070",45807,"4",2894892,"1",
"980070",41312,"5",2894892,"1",
"900000",42600,"1",2894901,"1",
"900000",42600,"2",2894901,"1",
"900000",42600,"3",2894901,"1",
"900000",42600,"4",2894901,"1",
"900000",42600,"5",2894901,"1",
"900030",35254,"1",2894901,"1",
"900030",35254,"2",2894901,"1",
"900030",35254,"3",2894901,"1",
"900030",35254,"4",2894901,"1",
"900030",35254,"5",2894901,"1",
"980000",77854,"1",2894901,"1",
"980000",77854,"2",2894901,"1",
"980000",77854,"3",2894901,"1",
"980000",77854,"4",2894901,"1",
"980000",77854,"5",2894901,"1",
"980070",77854,"1",2894901,"1",
"980070",77854,"2",2894901,"1",
"980070",77854,"3",2894901,"1",
"980070",77854,"4",2894901,"1",
"980070",77854,"5",2894901,"1",
"900000",42600,"1",2894902,"1",
"900000",42600,"2",2894902,"1",
"900000",42600,"3",2894902,"1",
"900000",42600,"4",2894902,"1",
"900000",42600,"5",2894902,"1",
"900030",35254,"1",2894902,"1",
"900030",35254,"2",2894902,"1",
"900030",35254,"3",2894902,"1",
"900030",35254,"4",2894902,"1",
"900030",35254,"5",2894902,"1",
"980000",77854,"1",2894902,"1",
"980000",77854,"2",2894902,"1",
"980000",77854,"3",2894902,"1",
"980000",77854,"4",2894902,"1",
"980000",77854,"5",2894902,"1",
"980070",77854,"1",2894902,"1",
"980070",77854,"2",2894902,"1",
"980070",77854,"3",2894902,"1",
"980070",77854,"4",2894902,"1",
"980070",77854,"5",2894902,"1",
"900000",76642,"1",2894911,"1",
"900000",87761,"2",2894911,"1",
"900000",79208,"3",2894911,"1",
"900000",73875,"4",2894911,"1",
"900000",77483,"5",2894911,"1",
"980000",76642,"1",2894911,"1",
"980000",87761,"2",2894911,"1",
"980000",79208,"3",2894911,"1",
"980000",73875,"4",2894911,"1",
"980000",77483,"5",2894911,"1",
"980070",79142,"1",2894911,"1",
"980070",90261,"2",2894911,"1",
"980070",81708,"3",2894911,"1",
"980070",76375,"4",2894911,"1",
"980070",79983,"5",2894911,"1",
"900000",78255,"1",2894912,"1",
"900000",77649,"2",2894912,"1",
"900000",80820,"3",2894912,"1",
"900000",84207,"4",2894912,"1",
"900000",75561,"5",2894912,"1",
"980000",78255,"1",2894912,"1",
"980000",77649,"2",2894912,"1",
"980000",80820,"3",2894912,"1",
"980000",84207,"4",2894912,"1",
"980000",75561,"5",2894912,"1",
"980070",80755,"1",2894912,"1",
"980070",80149,"2",2894912,"1",
"980070",83320,"3",2894912,"1",
"980070",86707,"4",2894912,"1",
"980070",78061,"5",2894912,"1",
"900030",14400,"1",2894931,"1",
"900030",14400,"2",2894931,"1",
"900030",14400,"3",2894931,"1",
"900030",14400,"4",2894931,"1",
"900030",14400,"5",2894931,"1",
"900150",6360,"1",2894931,"1",
"900150",6360,"2",2894931,"1",
"900150",6360,"3",2894931,"1",
"900150",6360,"4",2894931,"1",
"900150",6360,"5",2894931,"1",
"980000",20760,"1",2894931,"1",
"980000",20760,"2",2894931,"1",
"980000",20760,"3",2894931,"1",
"980000",20760,"4",2894931,"1",
"980000",20760,"5",2894931,"1",
"980070",20760,"1",2894931,"1",
"980070",20760,"2",2894931,"1",
"980070",20760,"3",2894931,"1",
"980070",20760,"4",2894931,"1",
"980070",20760,"5",2894931,"1",
"900030",14400,"1",2894932,"1",
"900030",14400,"2",2894932,"1",
"900030",14400,"3",2894932,"1",
"900030",14400,"4",2894932,"1",
"900030",14400,"5",2894932,"1",
"900150",6360,"1",2894932,"1",
"900150",6360,"2",2894932,"1",
"900150",6360,"3",2894932,"1",
"900150",6360,"4",2894932,"1",
"900150",6360,"5",2894932,"1",
"980000",20760,"1",2894932,"1",
"980000",20760,"2",2894932,"1",
"980000",20760,"3",2894932,"1",
"980000",20760,"4",2894932,"1",
"980000",20760,"5",2894932,"1",
"980070",20760,"1",2894932,"1",
"980070",20760,"2",2894932,"1",
"980070",20760,"3",2894932,"1",
"980070",20760,"4",2894932,"1",
"980070",20760,"5",2894932,"1",
"900000",18239,"1",2894952,"1",
"900000",19863,"2",2894952,"1",
"900000",15972,"3",2894952,"1",
"900000",19707,"4",2894952,"1",
"900000",15137,"5",2894952,"1",
"900150",1320,"1",2894952,"1",
"900150",1320,"2",2894952,"1",
"900150",1320,"3",2894952,"1",
"900150",1320,"4",2894952,"1",
"900150",1320,"5",2894952,"1",
"980000",19559,"1",2894952,"1",
"980000",21183,"2",2894952,"1",
"980000",17292,"3",2894952,"1",
"980000",21027,"4",2894952,"1",
"980000",16457,"5",2894952,"1",
"980070",19559,"1",2894952,"1",
"980070",21183,"2",2894952,"1",
"980070",17292,"3",2894952,"1",
"980070",21027,"4",2894952,"1",
"980070",16457,"5",2894952,"1",
"800940",10967,"1",2894971,"1","T"
"800940",10967,"2",2894971,"1","T"
"800940",10967,"3",2894971,"1","T"
"800940",10967,"4",2894971,"1","T"
"800940",10967,"5",2894971,"1","T"
"900000",185000,"1",2894971,"1",
"900000",185000,"2",2894971,"1",
"900000",185000,"3",2894971,"1",
"900000",185000,"4",2894971,"1",
"900000",185000,"5",2894971,"1",
"900160",27818,"1",2894971,"1",
"900160",9460,"2",2894971,"1",
"900160",45744,"3",2894971,"1",
"900160",32663,"4",2894971,"1",
"900160",60941,"5",2894971,"1",
"900180",1664,"1",2894971,"1",
"900180",1905,"2",2894971,"1",
"900180",1143,"3",2894971,"1",
"900180",1238,"4",2894971,"1",
"900180",1432,"5",2894971,"1",
"980000",214482,"1",2894971,"1",
"980000",196365,"2",2894971,"1",
"980000",231887,"3",2894971,"1",
"980000",218901,"4",2894971,"1",
"980000",247373,"5",2894971,"1",
"980070",204482,"1",2894971,"1",
"980070",186365,"2",2894971,"1",
"980070",221887,"3",2894971,"1",
"980070",208901,"4",2894971,"1",
"980070",237373,"5",2894971,"1",
"800940",10967,"1",2894972,"1","T"
"800940",10967,"2",2894972,"1","T"
"800940",10967,"3",2894972,"1","T"
"800940",10967,"4",2894972,"1","T"
"800940",10967,"5",2894972,"1","T"
"900000",185000,"1",2894972,"1",
"900000",185000,"2",2894972,"1",
"900000",185000,"3",2894972,"1",
"900000",185000,"4",2894972,"1",
"900000",185000,"5",2894972,"1",
"900160",16323,"1",2894972,"1",
"900160",63642,"2",2894972,"1",
"900160",63180,"3",2894972,"1",
"900160",17836,"4",2894972,"1",
"900160",12000,"5",2894972,"1",
"900180",1790,"1",2894972,"1",
"900180",1176,"2",2894972,"1",
"900180",1210,"3",2894972,"1",
"900180",1098,"4",2894972,"1",
"900180",1138,"5",2894972,"1",
"980000",203113,"1",2894972,"1",
"980000",249818,"2",2894972,"1",
"980000",249390,"3",2894972,"1",
"980000",203934,"4",2894972,"1",
"980000",198138,"5",2894972,"1",
"980070",193113,"1",2894972,"1",
"980070",239818,"2",2894972,"1",
"980070",239390,"3",2894972,"1",
"980070",193934,"4",2894972,"1",
"980070",188138,"5",2894972,"1",
"900090",8400,"1",2895001,"1",
"900090",8400,"2",2895001,"1",
"900090",8400,"3",2895001,"1",
"900090",8400,"4",2895001,"1",
"900090",8400,"5",2895001,"1",
"900150",2412,"1",2895001,"1",
"900150",2412,"2",2895001,"1",
"900150",2412,"3",2895001,"1",
"900150",2412,"4",2895001,"1",
"900150",2412,"5",2895001,"1",
"980000",10812,"1",2895001,"1",
"980000",10812,"2",2895001,"1",
"980000",10812,"3",2895001,"1",
"980000",10812,"4",2895001,"1",
"980000",10812,"5",2895001,"1",
"980070",10812,"1",2895001,"1",
"980070",10812,"2",2895001,"1",
"980070",10812,"3",2895001,"1",
"980070",10812,"4",2895001,"1",
"980070",10812,"5",2895001,"1",
"900000",122000,"1",2895021,"1",
"900000",122000,"2",2895021,"1",
"900000",122000,"3",2895021,"1",
"900000",122000,"4",2895021,"1",
"900000",122000,"5",2895021,"1",
"900180",46,"1",2895021,"1",
"900180",912,"2",2895021,"1",
"900180",106,"3",2895021,"1",
"900180",4,"4",2895021,"1",
"900180",62,"5",2895021,"1",
"980000",122046,"1",2895021,"1",
"980000",122912,"2",2895021,"1",
"980000",122106,"3",2895021,"1",
"980000",122004,"4",2895021,"1",
"980000",122062,"5",2895021,"1",
"980070",123835,"1",2895021,"1",
"980070",124701,"2",2895021,"1",
"980070",123895,"3",2895021,"1",
"980070",123793,"4",2895021,"1",
"980070",123851,"5",2895021,"1",
"900000",122000,"1",2895022,"1",
"900000",122000,"2",2895022,"1",
"900000",122000,"3",2895022,"1",
"900000",122000,"4",2895022,"1",
"900000",122000,"5",2895022,"1",
"900180",1,"1",2895022,"1",
"900180",130,"2",2895022,"1",
"900180",123,"3",2895022,"1",
"900180",68,"4",2895022,"1",
"900180",107,"5",2895022,"1",
"980000",122001,"1",2895022,"1",
"980000",122130,"2",2895022,"1",
"980000",122123,"3",2895022,"1",
"980000",122068,"4",2895022,"1",
"980000",122107,"5",2895022,"1",
"980070",123790,"1",2895022,"1",
"980070",123919,"2",2895022,"1",
"980070",123912,"3",2895022,"1",
"980070",123857,"4",2895022,"1",
"980070",123896,"5",2895022,"1",
"900030",34332,"1",2895051,"1",
"900030",11688,"2",2895051,"1",
"900030",24792,"3",2895051,"1",
"900030",18648,"4",2895051,"1",
"900030",18096,"5",2895051,"1",
"980000",34332,"1",2895051,"1",
"980000",11688,"2",2895051,"1",
"980000",24792,"3",2895051,"1",
"980000",18648,"4",2895051,"1",
"980000",18096,"5",2895051,"1",
"980070",34482,"1",2895051,"1",
"980070",11838,"2",2895051,"1",
"980070",24942,"3",2895051,"1",
"980070",18798,"4",2895051,"1",
"980070",18246,"5",2895051,"1",
"900030",17172,"1",2895052,"1",
"900030",30924,"2",2895052,"1",
"900030",21120,"3",2895052,"1",
"900030",23112,"4",2895052,"1",
"900030",36696,"5",2895052,"1",
"980000",17172,"1",2895052,"1",
"980000",30924,"2",2895052,"1",
"980000",21120,"3",2895052,"1",
"980000",23112,"4",2895052,"1",
"980000",36696,"5",2895052,"1",
"980070",17322,"1",2895052,"1",
"980070",31074,"2",2895052,"1",
"980070",21270,"3",2895052,"1",
"980070",23262,"4",2895052,"1",
"980070",36846,"5",2895052,"1",
"900000",31504,"1",2895061,"1",
"900000",39948,"2",2895061,"1",
"900000",43211,"3",2895061,"1",
"900000",25457,"4",2895061,"1",
"900000",27450,"5",2895061,"1",
"980000",31504,"1",2895061,"1",
"980000",39948,"2",2895061,"1",
"980000",43211,"3",2895061,"1",
"980000",25457,"4",2895061,"1",
"980000",27450,"5",2895061,"1",
"980070",31504,"1",2895061,"1",
"980070",39948,"2",2895061,"1",
"980070",43211,"3",2895061,"1",
"980070",25457,"4",2895061,"1",
"980070",27450,"5",2895061,"1",
"900000",32776,"1",2895062,"1",
"900000",712,"2",2895062,"1",
"900000",4000,"3",2895062,"1",
"900000",11040,"4",2895062,"1",
"900000",30548,"5",2895062,"1",
"980000",32776,"1",2895062,"1",
"980000",712,"2",2895062,"1",
"980000",4000,"3",2895062,"1",
"980000",11040,"4",2895062,"1",
"980000",30548,"5",2895062,"1",
"980070",32776,"1",2895062,"1",
"980070",712,"2",2895062,"1",
"980070",4000,"3",2895062,"1",
"980070",11040,"4",2895062,"1",
"980070",30548,"5",2895062,"1",
"900000",92291,"1",2895071,"1",
"900000",109388,"2",2895071,"1",
"900000",129261,"3",2895071,"1",
"900000",138593,"4",2895071,"1",
"900000",123881,"5",2895071,"1",
"980000",92291,"1",2895071,"1",
"980000",109388,"2",2895071,"1",
"980000",129261,"3",2895071,"1",
"980000",138593,"4",2895071,"1",
"980000",123881,"5",2895071,"1",
"980070",92291,"1",2895071,"1",
"980070",109388,"2",2895071,"1",
"980070",129261,"3",2895071,"1",
"980070",138593,"4",2895071,"1",
"980070",123881,"5",2895071,"1",
"900000",107306,"1",2895072,"1",
"900000",70507,"2",2895072,"1",
"900000",80272,"3",2895072,"1",
"900000",93422,"4",2895072,"1",
"900000",139795,"5",2895072,"1",
"980000",107306,"1",2895072,"1",
"980000",70507,"2",2895072,"1",
"980000",80272,"3",2895072,"1",
"980000",93422,"4",2895072,"1",
"980000",139795,"5",2895072,"1",
"980070",107306,"1",2895072,"1",
"980070",70507,"2",2895072,"1",
"980070",80272,"3",2895072,"1",
"980070",93422,"4",2895072,"1",
"980070",139795,"5",2895072,"1",
"900030",11699,"1",2895091,"1",
"900030",11699,"2",2895091,"1",
"900030",11699,"3",2895091,"1",
"900030",11699,"4",2895091,"1",
"900030",11699,"5",2895091,"1",
"900170",1000,"1",2895091,"1",
"900170",1000,"2",2895091,"1",
"900170",1000,"3",2895091,"1",
"900170",1000,"4",2895091,"1",
"900170",1000,"5",2895091,"1",
"980000",12699,"1",2895091,"1",
"980000",12699,"2",2895091,"1",
"980000",12699,"3",2895091,"1",
"980000",12699,"4",2895091,"1",
"980000",12699,"5",2895091,"1",
"980070",12899,"1",2895091,"1",
"980070",12899,"2",2895091,"1",
"980070",12899,"3",2895091,"1",
"980070",12899,"4",2895091,"1",
"980070",12899,"5",2895091,"1",
"900030",11699,"1",2895092,"1",
"900030",11699,"2",2895092,"1",
"900030",11699,"3",2895092,"1",
"900030",11699,"4",2895092,"1",
"900030",11699,"5",2895092,"1",
"900170",1000,"1",2895092,"1",
"900170",1000,"2",2895092,"1",
"900170",1000,"3",2895092,"1",
"900170",1000,"4",2895092,"1",
"900170",1000,"5",2895092,"1",
"980000",12699,"1",2895092,"1",
"980000",12699,"2",2895092,"1",
"980000",12699,"3",2895092,"1",
"980000",12699,"4",2895092,"1",
"980000",12699,"5",2895092,"1",
"980070",12899,"1",2895092,"1",
"980070",12899,"2",2895092,"1",
"980070",12899,"3",2895092,"1",
"980070",12899,"4",2895092,"1",
"980070",12899,"5",2895092,"1",
"900000",30000,"1",2895101,"1",
"900000",30000,"2",2895101,"1",
"900000",30000,"3",2895101,"1",
"900000",30000,"4",2895101,"1",
"900000",30000,"5",2895101,"1",
"900180",1,"1",2895101,"1",
"900180",1,"2",2895101,"1",
"900180",1,"3",2895101,"1",
"900180",1,"4",2895101,"1",
"900180",1,"5",2895101,"1",
"980000",30001,"1",2895101,"1",
"980000",30001,"2",2895101,"1",
"980000",30001,"3",2895101,"1",
"980000",30001,"4",2895101,"1",
"980000",30001,"5",2895101,"1",
"980070",30251,"1",2895101,"1",
"980070",30251,"2",2895101,"1",
"980070",30251,"3",2895101,"1",
"980070",30251,"4",2895101,"1",
"980070",30251,"5",2895101,"1",
"900000",30000,"1",2895102,"1",
"900000",30000,"2",2895102,"1",
"900000",30000,"3",2895102,"1",
"900000",30000,"4",2895102,"1",
"900000",30000,"5",2895102,"1",
"900180",1,"1",2895102,"1",
"900180",1,"2",2895102,"1",
"900180",1,"3",2895102,"1",
"900180",1,"4",2895102,"1",
"900180",1,"5",2895102,"1",
"980000",30001,"1",2895102,"1",
"980000",30001,"2",2895102,"1",
"980000",30001,"3",2895102,"1",
"980000",30001,"4",2895102,"1",
"980000",30001,"5",2895102,"1",
"980070",30251,"1",2895102,"1",
"980070",30251,"2",2895102,"1",
"980070",30251,"3",2895102,"1",
"980070",30251,"4",2895102,"1",
"980070",30251,"5",2895102,"1",
"900030",16750,"1",2895111,"1",
"900030",16750,"2",2895111,"1",
"900030",16750,"3",2895111,"1",
"900030",16750,"4",2895111,"1",
"900030",16750,"5",2895111,"1",
"900170",4000,"1",2895111,"1",
"900170",4000,"2",2895111,"1",
"900170",4000,"3",2895111,"1",
"900170",4000,"4",2895111,"1",
"900170",4000,"5",2895111,"1",
"980000",20750,"1",2895111,"1",
"980000",20750,"2",2895111,"1",
"980000",20750,"3",2895111,"1",
"980000",20750,"4",2895111,"1",
"980000",20750,"5",2895111,"1",
"980070",20953,"1",2895111,"1",
"980070",20953,"2",2895111,"1",
"980070",20953,"3",2895111,"1",
"980070",20953,"4",2895111,"1",
"980070",20953,"5",2895111,"1",
"900030",16750,"1",2895112,"1",
"900030",16750,"2",2895112,"1",
"900030",16750,"3",2895112,"1",
"900030",16750,"4",2895112,"1",
"900030",16750,"5",2895112,"1",
"900170",4000,"1",2895112,"1",
"900170",4000,"2",2895112,"1",
"900170",4000,"3",2895112,"1",
"900170",4000,"4",2895112,"1",
"900170",4000,"5",2895112,"1",
"980000",20750,"1",2895112,"1",
"980000",20750,"2",2895112,"1",
"980000",20750,"3",2895112,"1",
"980000",20750,"4",2895112,"1",
"980000",20750,"5",2895112,"1",
"980070",20953,"1",2895112,"1",
"980070",20953,"2",2895112,"1",
"980070",20953,"3",2895112,"1",
"980070",20953,"4",2895112,"1",
"980070",20953,"5",2895112,"1",
"900000",94389,"1",2895131,"1",
"900000",94554,"2",2895131,"1",
"900000",104678,"3",2895131,"1",
"900000",99506,"4",2895131,"1",
"900000",106807,"5",2895131,"1",
"950002",2353,"1",2895131,"1",
"950002",2353,"2",2895131,"1",
"950002",2353,"3",2895131,"1",
"950002",2353,"4",2895131,"1",
"950002",2353,"5",2895131,"1",
"950012",1176,"1",2895131,"1",
"950012",1176,"2",2895131,"1",
"950012",1176,"3",2895131,"1",
"950012",1176,"4",2895131,"1",
"950012",1176,"5",2895131,"1",
"980000",94389,"1",2895131,"1",
"980000",94554,"2",2895131,"1",
"980000",104678,"3",2895131,"1",
"980000",99506,"4",2895131,"1",
"980000",106807,"5",2895131,"1",
"980070",95160,"1",2895131,"1",
"980070",95325,"2",2895131,"1",
"980070",105449,"3",2895131,"1",
"980070",100277,"4",2895131,"1",
"980070",107578,"5",2895131,"1",
"900000",99560,"1",2895132,"1",
"900000",108756,"2",2895132,"1",
"900000",95856,"3",2895132,"1",
"900000",93271,"4",2895132,"1",
"900000",103904,"5",2895132,"1",
"950002",2353,"1",2895132,"1",
"950002",2353,"2",2895132,"1",
"950002",2353,"3",2895132,"1",
"950002",2353,"4",2895132,"1",
"950002",2353,"5",2895132,"1",
"950012",1176,"1",2895132,"1",
"950012",1176,"2",2895132,"1",
"950012",1176,"3",2895132,"1",
"950012",1176,"4",2895132,"1",
"950012",1176,"5",2895132,"1",
"980000",99560,"1",2895132,"1",
"980000",108756,"2",2895132,"1",
"980000",95856,"3",2895132,"1",
"980000",93271,"4",2895132,"1",
"980000",103904,"5",2895132,"1",
"980070",100331,"1",2895132,"1",
"980070",109527,"2",2895132,"1",
"980070",96627,"3",2895132,"1",
"980070",94042,"4",2895132,"1",
"980070",104675,"5",2895132,"1",
"900000",43263,"1",2895141,"1",
"900000",42470,"2",2895141,"1",
"900000",44637,"3",2895141,"1",
"900000",46868,"4",2895141,"1",
"900000",43984,"5",2895141,"1",
"900150",4296,"1",2895141,"1",
"900150",408,"2",2895141,"1",
"900150",6888,"3",2895141,"1",
"900150",4536,"4",2895141,"1",
"900150",7740,"5",2895141,"1",
"980000",47559,"1",2895141,"1",
"980000",42878,"2",2895141,"1",
"980000",51525,"3",2895141,"1",
"980000",51404,"4",2895141,"1",
"980000",51724,"5",2895141,"1",
"980070",47559,"1",2895141,"1",
"980070",42878,"2",2895141,"1",
"980070",51525,"3",2895141,"1",
"980070",51404,"4",2895141,"1",
"980070",51724,"5",2895141,"1",
"900000",41802,"1",2895142,"1",
"900000",45714,"2",2895142,"1",
"900000",41905,"3",2895142,"1",
"900000",48413,"4",2895142,"1",
"900000",42316,"5",2895142,"1",
"900150",2544,"1",2895142,"1",
"900150",5388,"2",2895142,"1",
"900150",3192,"3",2895142,"1",
"900150",2232,"4",2895142,"1",
"900150",984,"5",2895142,"1",
"980000",44346,"1",2895142,"1",
"980000",51102,"2",2895142,"1",
"980000",45097,"3",2895142,"1",
"980000",50645,"4",2895142,"1",
"980000",43300,"5",2895142,"1",
"980070",44346,"1",2895142,"1",
"980070",51102,"2",2895142,"1",
"980070",45097,"3",2895142,"1",
"980070",50645,"4",2895142,"1",
"980070",43300,"5",2895142,"1",
"900000",15519,"1",2895151,"1",
"900000",42561,"2",2895151,"1",
"900000",26335,"3",2895151,"1",
"900000",8135,"4",2895151,"1",
"900000",79013,"5",2895151,"1",
"980000",15519,"1",2895151,"1",
"980000",42561,"2",2895151,"1",
"980000",26335,"3",2895151,"1",
"980000",8135,"4",2895151,"1",
"980000",79013,"5",2895151,"1",
"980070",15519,"1",2895151,"1",
"980070",42561,"2",2895151,"1",
"980070",26335,"3",2895151,"1",
"980070",8135,"4",2895151,"1",
"980070",79013,"5",2895151,"1",
"900000",13434,"1",2895152,"1",
"900000",26176,"2",2895152,"1",
"900000",27228,"3",2895152,"1",
"900000",36123,"4",2895152,"1",
"900000",16155,"5",2895152,"1",
"980000",13434,"1",2895152,"1",
"980000",26176,"2",2895152,"1",
"980000",27228,"3",2895152,"1",
"980000",36123,"4",2895152,"1",
"980000",16155,"5",2895152,"1",
"980070",13434,"1",2895152,"1",
"980070",26176,"2",2895152,"1",
"980070",27228,"3",2895152,"1",
"980070",36123,"4",2895152,"1",
"980070",16155,"5",2895152,"1",
"900030",9100,"1",2895161,"1",
"900030",9100,"2",2895161,"1",
"900030",9100,"3",2895161,"1",
"900030",9100,"4",2895161,"1",
"900030",9100,"5",2895161,"1",
"900170",250,"1",2895161,"1",
"900170",250,"2",2895161,"1",
"900170",250,"3",2895161,"1",
"900170",250,"4",2895161,"1",
"900170",250,"5",2895161,"1",
"980000",9350,"1",2895161,"1",
"980000",9350,"2",2895161,"1",
"980000",9350,"3",2895161,"1",
"980000",9350,"4",2895161,"1",
"980000",9350,"5",2895161,"1",
"980070",9350,"1",2895161,"1",
"980070",9350,"2",2895161,"1",
"980070",9350,"3",2895161,"1",
"980070",9350,"4",2895161,"1",
"980070",9350,"5",2895161,"1",
"900030",9100,"1",2895162,"1",
"900030",9100,"2",2895162,"1",
"900030",9100,"3",2895162,"1",
"900030",9100,"4",2895162,"1",
"900030",9100,"5",2895162,"1",
"900170",250,"1",2895162,"1",
"900170",250,"2",2895162,"1",
"900170",250,"3",2895162,"1",
"900170",250,"4",2895162,"1",
"900170",250,"5",2895162,"1",
"980000",9350,"1",2895162,"1",
"980000",9350,"2",2895162,"1",
"980000",9350,"3",2895162,"1",
"980000",9350,"4",2895162,"1",
"980000",9350,"5",2895162,"1",
"980070",9350,"1",2895162,"1",
"980070",9350,"2",2895162,"1",
"980070",9350,"3",2895162,"1",
"980070",9350,"4",2895162,"1",
"980070",9350,"5",2895162,"1",
"900000",236260,"1",2895172,"1","T"
"900000",236260,"2",2895172,"1","T"
"900000",236260,"3",2895172,"1","T"
"900000",236260,"4",2895172,"1","T"
"900000",236260,"5",2895172,"1","T"
"980000",236260,"1",2895172,"1","T"
"980000",236260,"2",2895172,"1","T"
"980000",236260,"3",2895172,"1","T"
"980000",236260,"4",2895172,"1","T"
"980000",236260,"5",2895172,"1","T"
"980070",241499,"1",2895172,"1","T"
"980070",241499,"2",2895172,"1","T"
"980070",241499,"3",2895172,"1","T"
"980070",241499,"4",2895172,"1","T"
"980070",241499,"5",2895172,"1","T"
"900000",43000,"1",2895191,"1",
"900000",43000,"2",2895191,"1",
"900000",43000,"3",2895191,"1",
"900000",43000,"4",2895191,"1",
"900000",43000,"5",2895191,"1",
"900170",43000,"1",2895191,"1",
"900170",43000,"2",2895191,"1",
"900170",43000,"3",2895191,"1",
"900170",43000,"4",2895191,"1",
"900170",43000,"5",2895191,"1",
"900180",45,"1",2895191,"1",
"900180",45,"2",2895191,"1",
"900180",45,"3",2895191,"1",
"900180",45,"4",2895191,"1",
"900180",45,"5",2895191,"1",
"980000",86045,"1",2895191,"1",
"980000",86045,"2",2895191,"1",
"980000",86045,"3",2895191,"1",
"980000",86045,"4",2895191,"1",
"980000",86045,"5",2895191,"1",
"980070",93120,"1",2895191,"1",
"980070",93120,"2",2895191,"1",
"980070",93120,"3",2895191,"1",
"980070",93120,"4",2895191,"1",
"980070",93120,"5",2895191,"1",
"900000",43000,"1",2895192,"1",
"900000",43000,"2",2895192,"1",
"900000",43000,"3",2895192,"1",
"900000",43000,"4",2895192,"1",
"900000",43000,"5",2895192,"1",
"900170",43000,"1",2895192,"1",
"900170",43000,"2",2895192,"1",
"900170",43000,"3",2895192,"1",
"900170",43000,"4",2895192,"1",
"900170",43000,"5",2895192,"1",
"900180",45,"1",2895192,"1",
"900180",45,"2",2895192,"1",
"900180",45,"3",2895192,"1",
"900180",45,"4",2895192,"1",
"900180",45,"5",2895192,"1",
"980000",86045,"1",2895192,"1",
"980000",86045,"2",2895192,"1",
"980000",86045,"3",2895192,"1",
"980000",86045,"4",2895192,"1",
"980000",86045,"5",2895192,"1",
"980070",93120,"1",2895192,"1",
"980070",93120,"2",2895192,"1",
"980070",93120,"3",2895192,"1",
"980070",93120,"4",2895192,"1",
"980070",93120,"5",2895192,"1",
"900030",16654,"1",2895251,"1",
"900030",16654,"2",2895251,"1",
"900030",16654,"3",2895251,"1",
"900030",16654,"4",2895251,"1",
"900030",16654,"5",2895251,"1",
"900170",1500,"1",2895251,"1",
"900170",1500,"2",2895251,"1",
"900170",1500,"3",2895251,"1",
"900170",1500,"4",2895251,"1",
"900170",1500,"5",2895251,"1",
"980000",18154,"1",2895251,"1",
"980000",18154,"2",2895251,"1",
"980000",18154,"3",2895251,"1",
"980000",18154,"4",2895251,"1",
"980000",18154,"5",2895251,"1",
"980070",21654,"1",2895251,"1",
"980070",21654,"2",2895251,"1",
"980070",21654,"3",2895251,"1",
"980070",21654,"4",2895251,"1",
"980070",21654,"5",2895251,"1",
"900030",16654,"1",2895252,"1",
"900030",16654,"2",2895252,"1",
"900030",16654,"3",2895252,"1",
"900030",16654,"4",2895252,"1",
"900030",16654,"5",2895252,"1",
"900170",1500,"1",2895252,"1",
"900170",1500,"2",2895252,"1",
"900170",1500,"3",2895252,"1",
"900170",1500,"4",2895252,"1",
"900170",1500,"5",2895252,"1",
"980000",18154,"1",2895252,"1",
"980000",18154,"2",2895252,"1",
"980000",18154,"3",2895252,"1",
"980000",18154,"4",2895252,"1",
"980000",18154,"5",2895252,"1",
"980070",21654,"1",2895252,"1",
"980070",21654,"2",2895252,"1",
"980070",21654,"3",2895252,"1",
"980070",21654,"4",2895252,"1",
"980070",21654,"5",2895252,"1",
"900000",100019,"1",2895261,"1",
"900000",109901,"2",2895261,"1",
"900000",106809,"3",2895261,"1",
"900000",101878,"4",2895261,"1",
"900000",99807,"5",2895261,"1",
"900210",1136,"1",2895261,"1",
"900210",1136,"2",2895261,"1",
"900210",1136,"3",2895261,"1",
"900210",1136,"4",2895261,"1",
"900210",1136,"5",2895261,"1",
"980000",101155,"1",2895261,"1",
"980000",111037,"2",2895261,"1",
"980000",107945,"3",2895261,"1",
"980000",103014,"4",2895261,"1",
"980000",100943,"5",2895261,"1",
"980070",103855,"1",2895261,"1",
"980070",113737,"2",2895261,"1",
"980070",110645,"3",2895261,"1",
"980070",105714,"4",2895261,"1",
"980070",103643,"5",2895261,"1",
"900000",103528,"1",2895262,"1",
"900000",99366,"2",2895262,"1",
"900000",109227,"3",2895262,"1",
"900000",109151,"4",2895262,"1",
"900000",104497,"5",2895262,"1",
"900210",1136,"1",2895262,"1",
"900210",1136,"2",2895262,"1",
"900210",1136,"3",2895262,"1",
"900210",1136,"4",2895262,"1",
"900210",1136,"5",2895262,"1",
"980000",104664,"1",2895262,"1",
"980000",100502,"2",2895262,"1",
"980000",110363,"3",2895262,"1",
"980000",110287,"4",2895262,"1",
"980000",105633,"5",2895262,"1",
"980070",107364,"1",2895262,"1",
"980070",103202,"2",2895262,"1",
"980070",113063,"3",2895262,"1",
"980070",112987,"4",2895262,"1",
"980070",108333,"5",2895262,"1",
"900030",8243,"1",2895271,"1",
"900030",8243,"2",2895271,"1",
"900030",8243,"3",2895271,"1",
"900030",8243,"4",2895271,"1",
"900030",8243,"5",2895271,"1",
"980000",8243,"1",2895271,"1",
"980000",8243,"2",2895271,"1",
"980000",8243,"3",2895271,"1",
"980000",8243,"4",2895271,"1",
"980000",8243,"5",2895271,"1",
"980070",7767,"1",2895271,"1",
"980070",7767,"2",2895271,"1",
"980070",7767,"3",2895271,"1",
"980070",7767,"4",2895271,"1",
"980070",7767,"5",2895271,"1",
"900000",141478,"1",2895281,"1",
"900000",125662,"2",2895281,"1",
"900000",89092,"3",2895281,"1",
"900000",96802,"4",2895281,"1",
"900000",118463,"5",2895281,"1",
"900030",10000,"1",2895281,"1",
"900030",10000,"2",2895281,"1",
"900030",10000,"3",2895281,"1",
"900030",10000,"4",2895281,"1",
"900030",10000,"5",2895281,"1",
"980000",151478,"1",2895281,"1",
"980000",135662,"2",2895281,"1",
"980000",99092,"3",2895281,"1",
"980000",106802,"4",2895281,"1",
"980000",128463,"5",2895281,"1",
"980070",156478,"1",2895281,"1",
"980070",140662,"2",2895281,"1",
"980070",104092,"3",2895281,"1",
"980070",111802,"4",2895281,"1",
"980070",133463,"5",2895281,"1",
"900000",166191,"1",2895282,"1",
"900000",100575,"2",2895282,"1",
"900000",93667,"3",2895282,"1",
"900000",91551,"4",2895282,"1",
"900000",114281,"5",2895282,"1",
"900030",10000,"1",2895282,"1",
"900030",10000,"2",2895282,"1",
"900030",10000,"3",2895282,"1",
"900030",10000,"4",2895282,"1",
"900030",10000,"5",2895282,"1",
"980000",176191,"1",2895282,"1",
"980000",110575,"2",2895282,"1",
"980000",103667,"3",2895282,"1",
"980000",101551,"4",2895282,"1",
"980000",124281,"5",2895282,"1",
"980070",181191,"1",2895282,"1",
"980070",115575,"2",2895282,"1",
"980070",108667,"3",2895282,"1",
"980070",106551,"4",2895282,"1",
"980070",129281,"5",2895282,"1",
"900030",24322,"1",2895301,"1",
"900030",24322,"2",2895301,"1",
"900030",24322,"3",2895301,"1",
"900030",24322,"4",2895301,"1",
"900030",24322,"5",2895301,"1",
"900170",22404,"1",2895301,"1",
"900170",22404,"2",2895301,"1",
"900170",22404,"3",2895301,"1",
"900170",22404,"4",2895301,"1",
"900170",22404,"5",2895301,"1",
"980000",46726,"1",2895301,"1",
"980000",46726,"2",2895301,"1",
"980000",46726,"3",2895301,"1",
"980000",46726,"4",2895301,"1",
"980000",46726,"5",2895301,"1",
"980070",47261,"1",2895301,"1",
"980070",47261,"2",2895301,"1",
"980070",47261,"3",2895301,"1",
"980070",47261,"4",2895301,"1",
"980070",47261,"5",2895301,"1",
"900030",24322,"1",2895302,"1",
"900030",24322,"2",2895302,"1",
"900030",24322,"3",2895302,"1",
"900030",24322,"4",2895302,"1",
"900030",24322,"5",2895302,"1",
"900170",22404,"1",2895302,"1",
"900170",22404,"2",2895302,"1",
"900170",22404,"3",2895302,"1",
"900170",22404,"4",2895302,"1",
"900170",22404,"5",2895302,"1",
"980000",46726,"1",2895302,"1",
"980000",46726,"2",2895302,"1",
"980000",46726,"3",2895302,"1",
"980000",46726,"4",2895302,"1",
"980000",46726,"5",2895302,"1",
"980070",47261,"1",2895302,"1",
"980070",47261,"2",2895302,"1",
"980070",47261,"3",2895302,"1",
"980070",47261,"4",2895302,"1",
"980070",47261,"5",2895302,"1",
"900030",10992,"1",2895311,"1",
"900030",26532,"2",2895311,"1",
"900030",20520,"3",2895311,"1",
"900030",10968,"4",2895311,"1",
"900030",11016,"5",2895311,"1",
"900090",12241,"1",2895311,"1",
"900090",12075,"2",2895311,"1",
"900090",19575,"3",2895311,"1",
"900090",19841,"4",2895311,"1",
"900090",1106,"5",2895311,"1",
"980000",23233,"1",2895311,"1",
"980000",38607,"2",2895311,"1",
"980000",40095,"3",2895311,"1",
"980000",30809,"4",2895311,"1",
"980000",12122,"5",2895311,"1",
"980070",23233,"1",2895311,"1",
"980070",38607,"2",2895311,"1",
"980070",40095,"3",2895311,"1",
"980070",30809,"4",2895311,"1",
"980070",12122,"5",2895311,"1",
"900090",16522,"1",2895312,"1",
"900090",18618,"2",2895312,"1",
"900090",16522,"3",2895312,"1",
"900090",26101,"4",2895312,"1",
"900090",10354,"5",2895312,"1",
"980000",16522,"1",2895312,"1",
"980000",18618,"2",2895312,"1",
"980000",16522,"3",2895312,"1",
"980000",26101,"4",2895312,"1",
"980000",10354,"5",2895312,"1",
"980070",16522,"1",2895312,"1",
"980070",18618,"2",2895312,"1",
"980070",16522,"3",2895312,"1",
"980070",26101,"4",2895312,"1",
"980070",10354,"5",2895312,"1",
"900000",33593,"1",2895371,"1",
"900000",23452,"2",2895371,"1",
"900000",21928,"3",2895371,"1",
"900000",15305,"4",2895371,"1",
"900000",41753,"5",2895371,"1",
"900120",5849,"1",2895371,"1",
"900120",5555,"2",2895371,"1",
"900120",9815,"3",2895371,"1",
"900120",5517,"4",2895371,"1",
"900120",5484,"5",2895371,"1",
"980000",39442,"1",2895371,"1",
"980000",29007,"2",2895371,"1",
"980000",31743,"3",2895371,"1",
"980000",20822,"4",2895371,"1",
"980000",47237,"5",2895371,"1",
"980070",39442,"1",2895371,"1",
"980070",29007,"2",2895371,"1",
"980070",31743,"3",2895371,"1",
"980070",20822,"4",2895371,"1",
"980070",47237,"5",2895371,"1",
"900000",44775,"1",2895372,"1",
"900000",79364,"2",2895372,"1",
"900000",30169,"3",2895372,"1",
"900000",24972,"4",2895372,"1",
"900000",37874,"5",2895372,"1",
"900120",9584,"1",2895372,"1",
"900120",5426,"2",2895372,"1",
"900120",5023,"3",2895372,"1",
"900120",5956,"4",2895372,"1",
"900120",5641,"5",2895372,"1",
"980000",54359,"1",2895372,"1",
"980000",84790,"2",2895372,"1",
"980000",35192,"3",2895372,"1",
"980000",30928,"4",2895372,"1",
"980000",43515,"5",2895372,"1",
"980070",54359,"1",2895372,"1",
"980070",84790,"2",2895372,"1",
"980070",35192,"3",2895372,"1",
"980070",30928,"4",2895372,"1",
"980070",43515,"5",2895372,"1",
"900000",20188,"1",2895381,"1",
"900000",22290,"2",2895381,"1",
"900000",26782,"3",2895381,"1",
"900000",27920,"4",2895381,"1",
"900000",28785,"5",2895381,"1",
"900090",932,"1",2895381,"1",
"900090",143,"2",2895381,"1",
"900090",1800,"3",2895381,"1",
"900090",737,"4",2895381,"1",
"900090",1454,"5",2895381,"1",
"980000",21120,"1",2895381,"1",
"980000",22433,"2",2895381,"1",
"980000",28582,"3",2895381,"1",
"980000",28657,"4",2895381,"1",
"980000",30239,"5",2895381,"1",
"980070",22120,"1",2895381,"1",
"980070",23433,"2",2895381,"1",
"980070",29582,"3",2895381,"1",
"980070",29657,"4",2895381,"1",
"980070",31239,"5",2895381,"1",
"900000",50000,"1",2895391,"1",
"900000",50000,"2",2895391,"1",
"900000",50000,"3",2895391,"1",
"900000",50000,"4",2895391,"1",
"900000",50000,"5",2895391,"1",
"980000",50000,"1",2895391,"1",
"980000",50000,"2",2895391,"1",
"980000",50000,"3",2895391,"1",
"980000",50000,"4",2895391,"1",
"980000",50000,"5",2895391,"1",
"980070",50000,"1",2895391,"1",
"980070",50000,"2",2895391,"1",
"980070",50000,"3",2895391,"1",
"980070",50000,"4",2895391,"1",
"980070",50000,"5",2895391,"1",
"900000",50000,"1",2895392,"1",
"900000",50000,"2",2895392,"1",
"900000",50000,"3",2895392,"1",
"900000",50000,"4",2895392,"1",
"900000",50000,"5",2895392,"1",
"980000",50000,"1",2895392,"1",
"980000",50000,"2",2895392,"1",
"980000",50000,"3",2895392,"1",
"980000",50000,"4",2895392,"1",
"980000",50000,"5",2895392,"1",
"980070",50000,"1",2895392,"1",
"980070",50000,"2",2895392,"1",
"980070",50000,"3",2895392,"1",
"980070",50000,"4",2895392,"1",
"980070",50000,"5",2895392,"1",
"900030",43318,"1",2895401,"1",
"900030",43318,"2",2895401,"1",
"900030",43318,"3",2895401,"1",
"900030",43318,"4",2895401,"1",
"900030",43318,"5",2895401,"1",
"900170",71786,"1",2895401,"1","T"
"900170",71786,"2",2895401,"1","T"
"900170",71786,"3",2895401,"1","T"
"900170",71786,"4",2895401,"1","T"
"900170",71786,"5",2895401,"1","T"
"900180",38657,"1",2895401,"1","T"
"900180",38657,"2",2895401,"1","T"
"900180",38657,"3",2895401,"1","T"
"900180",38657,"4",2895401,"1","T"
"900180",38657,"5",2895401,"1","T"
"980000",153761,"1",2895401,"1","T"
"980000",153761,"2",2895401,"1","T"
"980000",153761,"3",2895401,"1","T"
"980000",153761,"4",2895401,"1","T"
"980000",153761,"5",2895401,"1","T"
"980070",153761,"1",2895401,"1","T"
"980070",153761,"2",2895401,"1","T"
"980070",153761,"3",2895401,"1","T"
"980070",153761,"4",2895401,"1","T"
"980070",153761,"5",2895401,"1","T"
"900030",43318,"1",2895402,"1",
"900030",43318,"2",2895402,"1",
"900030",43318,"3",2895402,"1",
"900030",43318,"4",2895402,"1",
"900030",43318,"5",2895402,"1",
"900170",71786,"1",2895402,"1","T"
"900170",71786,"2",2895402,"1","T"
"900170",71786,"3",2895402,"1","T"
"900170",71786,"4",2895402,"1","T"
"900170",71786,"5",2895402,"1","T"
"900180",38657,"1",2895402,"1","T"
"900180",38657,"2",2895402,"1","T"
"900180",38657,"3",2895402,"1","T"
"900180",38657,"4",2895402,"1","T"
"900180",38657,"5",2895402,"1","T"
"980000",153761,"1",2895402,"1","T"
"980000",153761,"2",2895402,"1","T"
"980000",153761,"3",2895402,"1","T"
"980000",153761,"4",2895402,"1","T"
"980000",153761,"5",2895402,"1","T"
"980070",153761,"1",2895402,"1","T"
"980070",153761,"2",2895402,"1","T"
"980070",153761,"3",2895402,"1","T"
"980070",153761,"4",2895402,"1","T"
"980070",153761,"5",2895402,"1","T"
"800940",2712,"1",2895421,"1",
"800940",0,"2",2895421,"1",
"800940",4910,"3",2895421,"1",
"800940",183,"4",2895421,"1",
"800940",3006,"5",2895421,"1",
"900000",2400,"1",2895421,"1",
"900000",2400,"2",2895421,"1",
"900000",2400,"3",2895421,"1",
"900000",2400,"4",2895421,"1",
"900000",2400,"5",2895421,"1",
"900030",32400,"1",2895421,"1",
"900030",32400,"2",2895421,"1",
"900030",32400,"3",2895421,"1",
"900030",32400,"4",2895421,"1",
"900030",32400,"5",2895421,"1",
"900160",16524,"1",2895421,"1",
"900160",-3322,"2",2895421,"1",
"900160",30890,"3",2895421,"1",
"900160",-1,"4",2895421,"1",
"900160",18449,"5",2895421,"1",
"900180",5081,"1",2895421,"1",
"900180",5793,"2",2895421,"1",
"900180",5244,"3",2895421,"1",
"900180",5138,"4",2895421,"1",
"900180",7438,"5",2895421,"1",
"980000",56405,"1",2895421,"1",
"980000",37271,"2",2895421,"1",
"980000",70934,"3",2895421,"1",
"980000",39937,"4",2895421,"1",
"980000",60687,"5",2895421,"1",
"980070",56405,"1",2895421,"1",
"980070",37271,"2",2895421,"1",
"980070",70934,"3",2895421,"1",
"980070",39937,"4",2895421,"1",
"980070",60687,"5",2895421,"1",
"800940",3298,"1",2895422,"1",
"800940",267,"2",2895422,"1",
"800940",654,"3",2895422,"1",
"800940",0,"4",2895422,"1",
"800940",277,"5",2895422,"1",
"900000",2400,"1",2895422,"1",
"900000",2400,"2",2895422,"1",
"900000",2400,"3",2895422,"1",
"900000",2400,"4",2895422,"1",
"900000",2400,"5",2895422,"1",
"900030",32400,"1",2895422,"1",
"900030",32400,"2",2895422,"1",
"900030",32400,"3",2895422,"1",
"900030",32400,"4",2895422,"1",
"900030",32400,"5",2895422,"1",
"900160",20358,"1",2895422,"1",
"900160",544,"2",2895422,"1",
"900160",3074,"3",2895422,"1",
"900160",-5648,"4",2895422,"1",
"900160",611,"5",2895422,"1",
"900180",5973,"1",2895422,"1",
"900180",8492,"2",2895422,"1",
"900180",5668,"3",2895422,"1",
"900180",6052,"4",2895422,"1",
"900180",5753,"5",2895422,"1",
"980000",61131,"1",2895422,"1",
"980000",43836,"2",2895422,"1",
"980000",43542,"3",2895422,"1",
"980000",35204,"4",2895422,"1",
"980000",41164,"5",2895422,"1",
"980070",61131,"1",2895422,"1",
"980070",43836,"2",2895422,"1",
"980070",43542,"3",2895422,"1",
"980070",35204,"4",2895422,"1",
"980070",41164,"5",2895422,"1",
"900000",131000,"1",2895431,"1",
"900000",131000,"2",2895431,"1",
"900000",131000,"3",2895431,"1",
"900000",131000,"4",2895431,"1",
"900000",131000,"5",2895431,"1",
"980000",131000,"1",2895431,"1",
"980000",131000,"2",2895431,"1",
"980000",131000,"3",2895431,"1",
"980000",131000,"4",2895431,"1",
"980000",131000,"5",2895431,"1",
"980070",131000,"1",2895431,"1",
"980070",131000,"2",2895431,"1",
"980070",131000,"3",2895431,"1",
"980070",131000,"4",2895431,"1",
"980070",131000,"5",2895431,"1",
"900000",131000,"1",2895432,"1",
"900000",131000,"2",2895432,"1",
"900000",131000,"3",2895432,"1",
"900000",131000,"4",2895432,"1",
"900000",131000,"5",2895432,"1",
"980000",131000,"1",2895432,"1",
"980000",131000,"2",2895432,"1",
"980000",131000,"3",2895432,"1",
"980000",131000,"4",2895432,"1",
"980000",131000,"5",2895432,"1",
"980070",131000,"1",2895432,"1",
"980070",131000,"2",2895432,"1",
"980070",131000,"3",2895432,"1",
"980070",131000,"4",2895432,"1",
"980070",131000,"5",2895432,"1",
"900030",12708,"1",2895452,"1",
"900030",18228,"2",2895452,"1",
"900030",20508,"3",2895452,"1",
"900030",9936,"4",2895452,"1",
"900030",6324,"5",2895452,"1",
"900170",5335,"1",2895452,"1",
"900170",523,"2",2895452,"1",
"900170",63563,"3",2895452,"1",
"900170",12102,"4",2895452,"1",
"900170",524,"5",2895452,"1",
"980000",18043,"1",2895452,"1",
"980000",18751,"2",2895452,"1",
"980000",84071,"3",2895452,"1",
"980000",22038,"4",2895452,"1",
"980000",6848,"5",2895452,"1",
"980070",18043,"1",2895452,"1",
"980070",18751,"2",2895452,"1",
"980070",84071,"3",2895452,"1",
"980070",22038,"4",2895452,"1",
"980070",6848,"5",2895452,"1",
"800940",194,"1",2895461,"1",
"800940",191,"2",2895461,"1",
"800940",546,"3",2895461,"1",
"800940",800,"4",2895461,"1",
"800940",670,"5",2895461,"1",
"900000",1077,"1",2895461,"1",
"900000",1585,"2",2895461,"1",
"900000",3969,"3",2895461,"1",
"900000",4956,"4",2895461,"1",
"900000",3791,"5",2895461,"1",
"900030",27899,"1",2895461,"1",
"900030",22187,"2",2895461,"1",
"900030",24983,"3",2895461,"1",
"900030",27755,"4",2895461,"1",
"900030",26651,"5",2895461,"1",
"900160",731,"1",2895461,"1",
"900160",459,"2",2895461,"1",
"900160",1581,"3",2895461,"1",
"900160",2752,"4",2895461,"1",
"900160",2481,"5",2895461,"1",
"900180",115,"1",2895461,"1",
"900180",136,"2",2895461,"1",
"900180",127,"3",2895461,"1",
"900180",62,"4",2895461,"1",
"900180",136,"5",2895461,"1",
"980000",29822,"1",2895461,"1",
"980000",24367,"2",2895461,"1",
"980000",30660,"3",2895461,"1",
"980000",35525,"4",2895461,"1",
"980000",33059,"5",2895461,"1",
"980070",29822,"1",2895461,"1",
"980070",24367,"2",2895461,"1",
"980070",30660,"3",2895461,"1",
"980070",35525,"4",2895461,"1",
"980070",33059,"5",2895461,"1",
"800940",561,"1",2895462,"1",
"800940",273,"2",2895462,"1",
"800940",118,"3",2895462,"1",
"800940",194,"4",2895462,"1",
"800940",321,"5",2895462,"1",
"900000",4274,"1",2895462,"1",
"900000",2607,"2",2895462,"1",
"900000",368,"3",2895462,"1",
"900000",1735,"4",2895462,"1",
"900000",3666,"5",2895462,"1",
"900030",27251,"1",2895462,"1",
"900030",21935,"2",2895462,"1",
"900030",23891,"3",2895462,"1",
"900030",24839,"4",2895462,"1",
"900030",24827,"5",2895462,"1",
"900160",1528,"1",2895462,"1",
"900160",479,"2",2895462,"1",
"900160",590,"3",2895462,"1",
"900160",402,"4",2895462,"1",
"900160",268,"5",2895462,"1",
"900180",15,"1",2895462,"1",
"900180",143,"2",2895462,"1",
"900180",40,"3",2895462,"1",
"900180",3,"4",2895462,"1",
"900180",12,"5",2895462,"1",
"980000",33068,"1",2895462,"1",
"980000",25164,"2",2895462,"1",
"980000",24889,"3",2895462,"1",
"980000",26979,"4",2895462,"1",
"980000",28773,"5",2895462,"1",
"980070",33068,"1",2895462,"1",
"980070",25164,"2",2895462,"1",
"980070",24889,"3",2895462,"1",
"980070",26979,"4",2895462,"1",
"980070",28773,"5",2895462,"1",
"900000",404,"1",2895471,"1",
"900000",382,"2",2895471,"1",
"900000",270,"3",2895471,"1",
"900000",2558,"4",2895471,"1",
"900000",1675,"5",2895471,"1",
"900030",5963,"1",2895471,"1",
"900030",5303,"2",2895471,"1",
"900030",6203,"3",2895471,"1",
"900030",5843,"4",2895471,"1",
"900030",5939,"5",2895471,"1",
"980000",6367,"1",2895471,"1",
"980000",5685,"2",2895471,"1",
"980000",6473,"3",2895471,"1",
"980000",8401,"4",2895471,"1",
"980000",7614,"5",2895471,"1",
"980070",6367,"1",2895471,"1",
"980070",5685,"2",2895471,"1",
"980070",6473,"3",2895471,"1",
"980070",8401,"4",2895471,"1",
"980070",7614,"5",2895471,"1",
"900000",458,"1",2895472,"1",
"900000",1487,"2",2895472,"1",
"900000",136,"3",2895472,"1",
"900000",2665,"4",2895472,"1",
"900000",3331,"5",2895472,"1",
"900030",5951,"1",2895472,"1",
"900030",5867,"2",2895472,"1",
"900030",5771,"3",2895472,"1",
"900030",7199,"4",2895472,"1",
"900030",6803,"5",2895472,"1",
"980000",6409,"1",2895472,"1",
"980000",7354,"2",2895472,"1",
"980000",5907,"3",2895472,"1",
"980000",9864,"4",2895472,"1",
"980000",10134,"5",2895472,"1",
"980070",6409,"1",2895472,"1",
"980070",7354,"2",2895472,"1",
"980070",5907,"3",2895472,"1",
"980070",9864,"4",2895472,"1",
"980070",10134,"5",2895472,"1",
"900000",16245,"1",2895481,"1",
"900000",19539,"2",2895481,"1",
"900000",17422,"3",2895481,"1",
"900000",15991,"4",2895481,"1",
"900000",17830,"5",2895481,"1",
"900170",60000,"1",2895481,"1",
"900170",60000,"2",2895481,"1",
"900170",60000,"3",2895481,"1",
"900170",60000,"4",2895481,"1",
"900170",60000,"5",2895481,"1",
"900180",10,"1",2895481,"1",
"900180",10,"2",2895481,"1",
"900180",10,"3",2895481,"1",
"900180",10,"4",2895481,"1",
"900180",10,"5",2895481,"1",
"980000",76255,"1",2895481,"1",
"980000",79549,"2",2895481,"1",
"980000",77432,"3",2895481,"1",
"980000",76001,"4",2895481,"1",
"980000",77840,"5",2895481,"1",
"980070",82255,"1",2895481,"1",
"980070",85549,"2",2895481,"1",
"980070",83432,"3",2895481,"1",
"980070",82001,"4",2895481,"1",
"980070",83840,"5",2895481,"1",
"900000",16772,"1",2895482,"1",
"900000",15058,"2",2895482,"1",
"900000",16038,"3",2895482,"1",
"900000",18831,"4",2895482,"1",
"900000",15686,"5",2895482,"1",
"900170",60000,"1",2895482,"1",
"900170",60000,"2",2895482,"1",
"900170",60000,"3",2895482,"1",
"900170",60000,"4",2895482,"1",
"900170",60000,"5",2895482,"1",
"900180",10,"1",2895482,"1",
"900180",10,"2",2895482,"1",
"900180",10,"3",2895482,"1",
"900180",10,"4",2895482,"1",
"900180",10,"5",2895482,"1",
"980000",76782,"1",2895482,"1",
"980000",75068,"2",2895482,"1",
"980000",76048,"3",2895482,"1",
"980000",78841,"4",2895482,"1",
"980000",75696,"5",2895482,"1",
"980070",82782,"1",2895482,"1",
"980070",81068,"2",2895482,"1",
"980070",82048,"3",2895482,"1",
"980070",84841,"4",2895482,"1",
"980070",81696,"5",2895482,"1",
"900000",72000,"1",2895501,"1",
"900000",72000,"2",2895501,"1",
"900000",72000,"3",2895501,"1",
"900000",72000,"4",2895501,"1",
"900000",72000,"5",2895501,"1",
"980000",72000,"1",2895501,"1",
"980000",72000,"2",2895501,"1",
"980000",72000,"3",2895501,"1",
"980000",72000,"4",2895501,"1",
"980000",72000,"5",2895501,"1",
"980070",74300,"1",2895501,"1",
"980070",74300,"2",2895501,"1",
"980070",74300,"3",2895501,"1",
"980070",74300,"4",2895501,"1",
"980070",74300,"5",2895501,"1",
"900000",72000,"1",2895502,"1",
"900000",72000,"2",2895502,"1",
"900000",72000,"3",2895502,"1",
"900000",72000,"4",2895502,"1",
"900000",72000,"5",2895502,"1",
"980000",72000,"1",2895502,"1",
"980000",72000,"2",2895502,"1",
"980000",72000,"3",2895502,"1",
"980000",72000,"4",2895502,"1",
"980000",72000,"5",2895502,"1",
"980070",74300,"1",2895502,"1",
"980070",74300,"2",2895502,"1",
"980070",74300,"3",2895502,"1",
"980070",74300,"4",2895502,"1",
"980070",74300,"5",2895502,"1",
"900000",154000,"1",2895521,"1",
"900000",154000,"2",2895521,"1",
"900000",154000,"3",2895521,"1",
"900000",154000,"4",2895521,"1",
"900000",154000,"5",2895521,"1",
"980000",154000,"1",2895521,"1",
"980000",154000,"2",2895521,"1",
"980000",154000,"3",2895521,"1",
"980000",154000,"4",2895521,"1",
"980000",154000,"5",2895521,"1",
"980070",154000,"1",2895521,"1",
"980070",154000,"2",2895521,"1",
"980070",154000,"3",2895521,"1",
"980070",154000,"4",2895521,"1",
"980070",154000,"5",2895521,"1",
"900000",154000,"1",2895522,"1",
"900000",154000,"2",2895522,"1",
"900000",154000,"3",2895522,"1",
"900000",154000,"4",2895522,"1",
"900000",154000,"5",2895522,"1",
"980000",154000,"1",2895522,"1",
"980000",154000,"2",2895522,"1",
"980000",154000,"3",2895522,"1",
"980000",154000,"4",2895522,"1",
"980000",154000,"5",2895522,"1",
"980070",154000,"1",2895522,"1",
"980070",154000,"2",2895522,"1",
"980070",154000,"3",2895522,"1",
"980070",154000,"4",2895522,"1",
"980070",154000,"5",2895522,"1",
"900000",13641,"1",2895531,"1",
"900000",1522,"2",2895531,"1",
"900000",24473,"3",2895531,"1",
"900000",9408,"4",2895531,"1",
"900000",10334,"5",2895531,"1",
"900030",1796,"1",2895531,"1",
"900030",2536,"2",2895531,"1",
"900030",3562,"3",2895531,"1",
"900030",2892,"4",2895531,"1",
"900030",4406,"5",2895531,"1",
"900180",38657,"1",2895531,"1","T"
"900180",38657,"2",2895531,"1","T"
"900180",38657,"3",2895531,"1","T"
"900180",38657,"4",2895531,"1","T"
"900180",38657,"5",2895531,"1","T"
"980000",53571,"1",2895531,"1","T"
"980000",53571,"2",2895531,"1","T"
"980000",53571,"3",2895531,"1","T"
"980000",53571,"4",2895531,"1","T"
"980000",53571,"5",2895531,"1","T"
"980070",53571,"1",2895531,"1","T"
"980070",53571,"2",2895531,"1","T"
"980070",53571,"3",2895531,"1","T"
"980070",53571,"4",2895531,"1","T"
"980070",53571,"5",2895531,"1","T"
"900000",30092,"1",2895532,"1",
"900000",18365,"2",2895532,"1",
"900000",6608,"3",2895532,"1",
"900000",29388,"4",2895532,"1",
"900000",6322,"5",2895532,"1",
"900030",2664,"1",2895532,"1",
"900030",3472,"2",2895532,"1",
"900030",2730,"3",2895532,"1",
"900030",2632,"4",2895532,"1",
"900030",2730,"5",2895532,"1",
"900180",38657,"1",2895532,"1","T"
"900180",38657,"2",2895532,"1","T"
"900180",38657,"3",2895532,"1","T"
"900180",38657,"4",2895532,"1","T"
"900180",38657,"5",2895532,"1","T"
"980000",59658,"1",2895532,"1","T"
"980000",59658,"2",2895532,"1","T"
"980000",59658,"3",2895532,"1","T"
"980000",59658,"4",2895532,"1","T"
"980000",59658,"5",2895532,"1","T"
"980070",59658,"1",2895532,"1","T"
"980070",59658,"2",2895532,"1","T"
"980070",59658,"3",2895532,"1","T"
"980070",59658,"4",2895532,"1","T"
"980070",59658,"5",2895532,"1","T"
"900000",12500,"1",2895551,"1",
"900000",12500,"2",2895551,"1",
"900000",12500,"3",2895551,"1",
"900000",12500,"4",2895551,"1",
"900000",12500,"5",2895551,"1",
"900170",2000,"1",2895551,"1",
"900170",2000,"2",2895551,"1",
"900170",2000,"3",2895551,"1",
"900170",2000,"4",2895551,"1",
"900170",2000,"5",2895551,"1",
"980000",14500,"1",2895551,"1",
"980000",14500,"2",2895551,"1",
"980000",14500,"3",2895551,"1",
"980000",14500,"4",2895551,"1",
"980000",14500,"5",2895551,"1",
"980070",14500,"1",2895551,"1",
"980070",14500,"2",2895551,"1",
"980070",14500,"3",2895551,"1",
"980070",14500,"4",2895551,"1",
"980070",14500,"5",2895551,"1",
"900000",12500,"1",2895552,"1",
"900000",12500,"2",2895552,"1",
"900000",12500,"3",2895552,"1",
"900000",12500,"4",2895552,"1",
"900000",12500,"5",2895552,"1",
"900170",2000,"1",2895552,"1",
"900170",2000,"2",2895552,"1",
"900170",2000,"3",2895552,"1",
"900170",2000,"4",2895552,"1",
"900170",2000,"5",2895552,"1",
"980000",14500,"1",2895552,"1",
"980000",14500,"2",2895552,"1",
"980000",14500,"3",2895552,"1",
"980000",14500,"4",2895552,"1",
"980000",14500,"5",2895552,"1",
"980070",14500,"1",2895552,"1",
"980070",14500,"2",2895552,"1",
"980070",14500,"3",2895552,"1",
"980070",14500,"4",2895552,"1",
"980070",14500,"5",2895552,"1",
"900000",262534,"1",2895561,"1","T"
"900000",262534,"2",2895561,"1","T"
"900000",262534,"3",2895561,"1","T"
"900000",262534,"4",2895561,"1","T"
"900000",262534,"5",2895561,"1","T"
"900180",38657,"1",2895561,"1","T"
"900180",38657,"2",2895561,"1","T"
"900180",38657,"3",2895561,"1","T"
"900180",38657,"4",2895561,"1","T"
"900180",38657,"5",2895561,"1","T"
"980000",301191,"1",2895561,"1","T"
"980000",301191,"2",2895561,"1","T"
"980000",301191,"3",2895561,"1","T"
"980000",301191,"4",2895561,"1","T"
"980000",301191,"5",2895561,"1","T"
"980070",301191,"1",2895561,"1","T"
"980070",301191,"2",2895561,"1","T"
"980070",301191,"3",2895561,"1","T"
"980070",301191,"4",2895561,"1","T"
"980070",301191,"5",2895561,"1","T"
"900000",263569,"1",2895562,"1","T"
"900000",263569,"2",2895562,"1","T"
"900000",263569,"3",2895562,"1","T"
"900000",263569,"4",2895562,"1","T"
"900000",263569,"5",2895562,"1","T"
"900180",38657,"1",2895562,"1","T"
"900180",38657,"2",2895562,"1","T"
"900180",38657,"3",2895562,"1","T"
"900180",38657,"4",2895562,"1","T"
"900180",38657,"5",2895562,"1","T"
"980000",302226,"1",2895562,"1","T"
"980000",302226,"2",2895562,"1","T"
"980000",302226,"3",2895562,"1","T"
"980000",302226,"4",2895562,"1","T"
"980000",302226,"5",2895562,"1","T"
"980070",302226,"1",2895562,"1","T"
"980070",302226,"2",2895562,"1","T"
"980070",302226,"3",2895562,"1","T"
"980070",302226,"4",2895562,"1","T"
"980070",302226,"5",2895562,"1","T"
"900000",48398,"1",2895571,"1",
"900000",53959,"2",2895571,"1",
"900000",24923,"3",2895571,"1",
"900000",37160,"4",2895571,"1",
"900000",42098,"5",2895571,"1",
"980000",48398,"1",2895571,"1",
"980000",53959,"2",2895571,"1",
"980000",24923,"3",2895571,"1",
"980000",37160,"4",2895571,"1",
"980000",42098,"5",2895571,"1",
"980070",48398,"1",2895571,"1",
"980070",53959,"2",2895571,"1",
"980070",24923,"3",2895571,"1",
"980070",37160,"4",2895571,"1",
"980070",42098,"5",2895571,"1",
"900000",27607,"1",2895572,"1",
"900000",25563,"2",2895572,"1",
"900000",54717,"3",2895572,"1",
"900000",19874,"4",2895572,"1",
"900000",30528,"5",2895572,"1",
"980000",27607,"1",2895572,"1",
"980000",25563,"2",2895572,"1",
"980000",54717,"3",2895572,"1",
"980000",19874,"4",2895572,"1",
"980000",30528,"5",2895572,"1",
"980070",27607,"1",2895572,"1",
"980070",25563,"2",2895572,"1",
"980070",54717,"3",2895572,"1",
"980070",19874,"4",2895572,"1",
"980070",30528,"5",2895572,"1",
"900030",13259,"1",2895591,"1",
"900030",13259,"2",2895591,"1",
"900030",13259,"3",2895591,"1",
"900030",13259,"4",2895591,"1",
"900030",13259,"5",2895591,"1",
"900140",4491,"1",2895591,"1",
"900140",4999,"2",2895591,"1",
"900140",4609,"3",2895591,"1",
"900140",4840,"4",2895591,"1",
"900140",4696,"5",2895591,"1",
"980000",17750,"1",2895591,"1",
"980000",18258,"2",2895591,"1",
"980000",17868,"3",2895591,"1",
"980000",18099,"4",2895591,"1",
"980000",17955,"5",2895591,"1",
"980070",17750,"1",2895591,"1",
"980070",18258,"2",2895591,"1",
"980070",17868,"3",2895591,"1",
"980070",18099,"4",2895591,"1",
"980070",17955,"5",2895591,"1",
"900030",13259,"1",2895592,"1",
"900030",13259,"2",2895592,"1",
"900030",13259,"3",2895592,"1",
"900030",13259,"4",2895592,"1",
"900030",13259,"5",2895592,"1",
"900140",4592,"1",2895592,"1",
"900140",4630,"2",2895592,"1",
"900140",4676,"3",2895592,"1",
"900140",4723,"4",2895592,"1",
"900140",4808,"5",2895592,"1",
"980000",17851,"1",2895592,"1",
"980000",17889,"2",2895592,"1",
"980000",17935,"3",2895592,"1",
"980000",17982,"4",2895592,"1",
"980000",18067,"5",2895592,"1",
"980070",17851,"1",2895592,"1",
"980070",17889,"2",2895592,"1",
"980070",17935,"3",2895592,"1",
"980070",17982,"4",2895592,"1",
"980070",18067,"5",2895592,"1",
"900160",15304,"1",2895632,"1",
"900160",3074,"2",2895632,"1",
"900160",3824,"3",2895632,"1",
"900160",-516,"4",2895632,"1",
"900160",47289,"5",2895632,"1",
"980000",15304,"1",2895632,"1",
"980000",3074,"2",2895632,"1",
"980000",3824,"3",2895632,"1",
"980000",-516,"4",2895632,"1",
"980000",47289,"5",2895632,"1",
"980070",15304,"1",2895632,"1",
"980070",3074,"2",2895632,"1",
"980070",3824,"3",2895632,"1",
"980070",-516,"4",2895632,"1",
"980070",47289,"5",2895632,"1",
"800940",8606,"1",2895641,"1",
"800940",8606,"2",2895641,"1",
"800940",8606,"3",2895641,"1",
"800940",8606,"4",2895641,"1",
"800940",8606,"5",2895641,"1",
"900000",37500,"1",2895641,"1",
"900000",37500,"2",2895641,"1",
"900000",37500,"3",2895641,"1",
"900000",37500,"4",2895641,"1",
"900000",37500,"5",2895641,"1",
"900160",37500,"1",2895641,"1",
"900160",37500,"2",2895641,"1",
"900160",37500,"3",2895641,"1",
"900160",37500,"4",2895641,"1",
"900160",37500,"5",2895641,"1",
"980000",75000,"1",2895641,"1",
"980000",75000,"2",2895641,"1",
"980000",75000,"3",2895641,"1",
"980000",75000,"4",2895641,"1",
"980000",75000,"5",2895641,"1",
"980070",72800,"1",2895641,"1",
"980070",72800,"2",2895641,"1",
"980070",72800,"3",2895641,"1",
"980070",72800,"4",2895641,"1",
"980070",72800,"5",2895641,"1",
"800940",8606,"1",2895642,"1",
"800940",8606,"2",2895642,"1",
"800940",8606,"3",2895642,"1",
"800940",8606,"4",2895642,"1",
"800940",8606,"5",2895642,"1",
"900000",37500,"1",2895642,"1",
"900000",37500,"2",2895642,"1",
"900000",37500,"3",2895642,"1",
"900000",37500,"4",2895642,"1",
"900000",37500,"5",2895642,"1",
"900160",37500,"1",2895642,"1",
"900160",37500,"2",2895642,"1",
"900160",37500,"3",2895642,"1",
"900160",37500,"4",2895642,"1",
"900160",37500,"5",2895642,"1",
"980000",75000,"1",2895642,"1",
"980000",75000,"2",2895642,"1",
"980000",75000,"3",2895642,"1",
"980000",75000,"4",2895642,"1",
"980000",75000,"5",2895642,"1",
"980070",72800,"1",2895642,"1",
"980070",72800,"2",2895642,"1",
"980070",72800,"3",2895642,"1",
"980070",72800,"4",2895642,"1",
"980070",72800,"5",2895642,"1",
"900000",27560,"1",2895661,"1",
"900000",27560,"2",2895661,"1",
"900000",27560,"3",2895661,"1",
"900000",27560,"4",2895661,"1",
"900000",27560,"5",2895661,"1",
"900210",7800,"1",2895661,"1",
"900210",7800,"2",2895661,"1",
"900210",7800,"3",2895661,"1",
"900210",7800,"4",2895661,"1",
"900210",7800,"5",2895661,"1",
"980000",35360,"1",2895661,"1",
"980000",35360,"2",2895661,"1",
"980000",35360,"3",2895661,"1",
"980000",35360,"4",2895661,"1",
"980000",35360,"5",2895661,"1",
"980070",40310,"1",2895661,"1",
"980070",40310,"2",2895661,"1",
"980070",40310,"3",2895661,"1",
"980070",40310,"4",2895661,"1",
"980070",40310,"5",2895661,"1",
"900000",27560,"1",2895662,"1",
"900000",27560,"2",2895662,"1",
"900000",27560,"3",2895662,"1",
"900000",27560,"4",2895662,"1",
"900000",27560,"5",2895662,"1",
"900210",7800,"1",2895662,"1",
"900210",7800,"2",2895662,"1",
"900210",7800,"3",2895662,"1",
"900210",7800,"4",2895662,"1",
"900210",7800,"5",2895662,"1",
"980000",35360,"1",2895662,"1",
"980000",35360,"2",2895662,"1",
"980000",35360,"3",2895662,"1",
"980000",35360,"4",2895662,"1",
"980000",35360,"5",2895662,"1",
"980070",40310,"1",2895662,"1",
"980070",40310,"2",2895662,"1",
"980070",40310,"3",2895662,"1",
"980070",40310,"4",2895662,"1",
"980070",40310,"5",2895662,"1",
"900000",66200,"1",2895711,"1",
"900000",66200,"2",2895711,"1",
"900000",66200,"3",2895711,"1",
"900000",66200,"4",2895711,"1",
"900000",66200,"5",2895711,"1",
"980000",66200,"1",2895711,"1",
"980000",66200,"2",2895711,"1",
"980000",66200,"3",2895711,"1",
"980000",66200,"4",2895711,"1",
"980000",66200,"5",2895711,"1",
"980070",68153,"1",2895711,"1",
"980070",68153,"2",2895711,"1",
"980070",68153,"3",2895711,"1",
"980070",68153,"4",2895711,"1",
"980070",68153,"5",2895711,"1",
"900000",66200,"1",2895712,"1",
"900000",66200,"2",2895712,"1",
"900000",66200,"3",2895712,"1",
"900000",66200,"4",2895712,"1",
"900000",66200,"5",2895712,"1",
"980000",66200,"1",2895712,"1",
"980000",66200,"2",2895712,"1",
"980000",66200,"3",2895712,"1",
"980000",66200,"4",2895712,"1",
"980000",66200,"5",2895712,"1",
"980070",68153,"1",2895712,"1",
"980070",68153,"2",2895712,"1",
"980070",68153,"3",2895712,"1",
"980070",68153,"4",2895712,"1",
"980070",68153,"5",2895712,"1",
"900000",100000,"1",2895731,"1",
"900000",100000,"2",2895731,"1",
"900000",100000,"3",2895731,"1",
"900000",100000,"4",2895731,"1",
"900000",100000,"5",2895731,"1",
"900150",2208,"1",2895731,"1",
"900150",2208,"2",2895731,"1",
"900150",2208,"3",2895731,"1",
"900150",2208,"4",2895731,"1",
"900150",2208,"5",2895731,"1",
"980000",102208,"1",2895731,"1",
"980000",102208,"2",2895731,"1",
"980000",102208,"3",2895731,"1",
"980000",102208,"4",2895731,"1",
"980000",102208,"5",2895731,"1",
"980070",102208,"1",2895731,"1",
"980070",102208,"2",2895731,"1",
"980070",102208,"3",2895731,"1",
"980070",102208,"4",2895731,"1",
"980070",102208,"5",2895731,"1",
"900000",100000,"1",2895732,"1",
"900000",100000,"2",2895732,"1",
"900000",100000,"3",2895732,"1",
"900000",100000,"4",2895732,"1",
"900000",100000,"5",2895732,"1",
"900150",2208,"1",2895732,"1",
"900150",2208,"2",2895732,"1",
"900150",2208,"3",2895732,"1",
"900150",2208,"4",2895732,"1",
"900150",2208,"5",2895732,"1",
"980000",102208,"1",2895732,"1",
"980000",102208,"2",2895732,"1",
"980000",102208,"3",2895732,"1",
"980000",102208,"4",2895732,"1",
"980000",102208,"5",2895732,"1",
"980070",102208,"1",2895732,"1",
"980070",102208,"2",2895732,"1",
"980070",102208,"3",2895732,"1",
"980070",102208,"4",2895732,"1",
"980070",102208,"5",2895732,"1",
"900030",9263,"1",2895781,"1",
"900030",9263,"2",2895781,"1",
"900030",9263,"3",2895781,"1",
"900030",9263,"4",2895781,"1",
"900030",9263,"5",2895781,"1",
"900170",15600,"1",2895781,"1",
"900170",15600,"2",2895781,"1",
"900170",15600,"3",2895781,"1",
"900170",15600,"4",2895781,"1",
"900170",15600,"5",2895781,"1",
"900180",200,"1",2895781,"1",
"900180",200,"2",2895781,"1",
"900180",200,"3",2895781,"1",
"900180",200,"4",2895781,"1",
"900180",200,"5",2895781,"1",
"980000",25063,"1",2895781,"1",
"980000",25063,"2",2895781,"1",
"980000",25063,"3",2895781,"1",
"980000",25063,"4",2895781,"1",
"980000",25063,"5",2895781,"1",
"980070",26438,"1",2895781,"1",
"980070",26438,"2",2895781,"1",
"980070",26438,"3",2895781,"1",
"980070",26438,"4",2895781,"1",
"980070",26438,"5",2895781,"1",
"900000",51186,"1",2895801,"1",
"900000",39670,"2",2895801,"1",
"900000",56410,"3",2895801,"1",
"900000",90186,"4",2895801,"1",
"900000",113455,"5",2895801,"1",
"980000",51186,"1",2895801,"1",
"980000",39670,"2",2895801,"1",
"980000",56410,"3",2895801,"1",
"980000",90186,"4",2895801,"1",
"980000",113455,"5",2895801,"1",
"980070",51186,"1",2895801,"1",
"980070",39670,"2",2895801,"1",
"980070",56410,"3",2895801,"1",
"980070",90186,"4",2895801,"1",
"980070",113455,"5",2895801,"1",
"900000",30226,"1",2895802,"1",
"900000",39078,"2",2895802,"1",
"900000",45592,"3",2895802,"1",
"900000",114183,"4",2895802,"1",
"900000",89229,"5",2895802,"1",
"980000",30226,"1",2895802,"1",
"980000",39078,"2",2895802,"1",
"980000",45592,"3",2895802,"1",
"980000",114183,"4",2895802,"1",
"980000",89229,"5",2895802,"1",
"980070",30226,"1",2895802,"1",
"980070",39078,"2",2895802,"1",
"980070",45592,"3",2895802,"1",
"980070",114183,"4",2895802,"1",
"980070",89229,"5",2895802,"1",
"900030",15659,"1",2895811,"1",
"900030",15659,"2",2895811,"1",
"900030",15659,"3",2895811,"1",
"900030",15659,"4",2895811,"1",
"900030",15659,"5",2895811,"1",
"900170",21000,"1",2895811,"1",
"900170",21000,"2",2895811,"1",
"900170",21000,"3",2895811,"1",
"900170",21000,"4",2895811,"1",
"900170",21000,"5",2895811,"1",
"900180",2000,"1",2895811,"1",
"900180",2000,"2",2895811,"1",
"900180",2000,"3",2895811,"1",
"900180",2000,"4",2895811,"1",
"900180",2000,"5",2895811,"1",
"980000",38659,"1",2895811,"1",
"980000",38659,"2",2895811,"1",
"980000",38659,"3",2895811,"1",
"980000",38659,"4",2895811,"1",
"980000",38659,"5",2895811,"1",
"980070",38659,"1",2895811,"1",
"980070",38659,"2",2895811,"1",
"980070",38659,"3",2895811,"1",
"980070",38659,"4",2895811,"1",
"980070",38659,"5",2895811,"1",
"900030",15659,"1",2895812,"1",
"900030",15659,"2",2895812,"1",
"900030",15659,"3",2895812,"1",
"900030",15659,"4",2895812,"1",
"900030",15659,"5",2895812,"1",
"900170",21000,"1",2895812,"1",
"900170",21000,"2",2895812,"1",
"900170",21000,"3",2895812,"1",
"900170",21000,"4",2895812,"1",
"900170",21000,"5",2895812,"1",
"900180",2000,"1",2895812,"1",
"900180",2000,"2",2895812,"1",
"900180",2000,"3",2895812,"1",
"900180",2000,"4",2895812,"1",
"900180",2000,"5",2895812,"1",
"980000",38659,"1",2895812,"1",
"980000",38659,"2",2895812,"1",
"980000",38659,"3",2895812,"1",
"980000",38659,"4",2895812,"1",
"980000",38659,"5",2895812,"1",
"980070",38659,"1",2895812,"1",
"980070",38659,"2",2895812,"1",
"980070",38659,"3",2895812,"1",
"980070",38659,"4",2895812,"1",
"980070",38659,"5",2895812,"1",
"900030",28918,"1",2895831,"1",
"900030",28918,"2",2895831,"1",
"900030",28918,"3",2895831,"1",
"900030",28918,"4",2895831,"1",
"900030",28918,"5",2895831,"1",
"900160",77000,"1",2895831,"1",
"900160",77000,"2",2895831,"1",
"900160",77000,"3",2895831,"1",
"900160",77000,"4",2895831,"1",
"900160",77000,"5",2895831,"1",
"900170",24000,"1",2895831,"1",
"900170",24000,"2",2895831,"1",
"900170",24000,"3",2895831,"1",
"900170",24000,"4",2895831,"1",
"900170",24000,"5",2895831,"1",
"900180",4076,"1",2895831,"1",
"900180",20,"2",2895831,"1",
"900180",204,"3",2895831,"1",
"900180",3642,"4",2895831,"1",
"900180",102,"5",2895831,"1",
"900190",600,"1",2895831,"1",
"900190",600,"2",2895831,"1",
"900190",600,"3",2895831,"1",
"900190",600,"4",2895831,"1",
"900190",600,"5",2895831,"1",
"980000",134594,"1",2895831,"1",
"980000",130538,"2",2895831,"1",
"980000",130722,"3",2895831,"1",
"980000",134160,"4",2895831,"1",
"980000",130620,"5",2895831,"1",
"980070",129494,"1",2895831,"1",
"980070",125438,"2",2895831,"1",
"980070",125622,"3",2895831,"1",
"980070",129060,"4",2895831,"1",
"980070",125520,"5",2895831,"1",
"900030",28918,"1",2895832,"1",
"900030",28918,"2",2895832,"1",
"900030",28918,"3",2895832,"1",
"900030",28918,"4",2895832,"1",
"900030",28918,"5",2895832,"1",
"900160",77000,"1",2895832,"1",
"900160",77000,"2",2895832,"1",
"900160",77000,"3",2895832,"1",
"900160",77000,"4",2895832,"1",
"900160",77000,"5",2895832,"1",
"900170",24000,"1",2895832,"1",
"900170",24000,"2",2895832,"1",
"900170",24000,"3",2895832,"1",
"900170",24000,"4",2895832,"1",
"900170",24000,"5",2895832,"1",
"900180",5090,"1",2895832,"1",
"900180",8275,"2",2895832,"1",
"900180",2098,"3",2895832,"1",
"900180",352,"4",2895832,"1",
"900180",921,"5",2895832,"1",
"900190",600,"1",2895832,"1",
"900190",600,"2",2895832,"1",
"900190",600,"3",2895832,"1",
"900190",600,"4",2895832,"1",
"900190",600,"5",2895832,"1",
"980000",135608,"1",2895832,"1",
"980000",138793,"2",2895832,"1",
"980000",132616,"3",2895832,"1",
"980000",130870,"4",2895832,"1",
"980000",131439,"5",2895832,"1",
"980070",130508,"1",2895832,"1",
"980070",133693,"2",2895832,"1",
"980070",127516,"3",2895832,"1",
"980070",125770,"4",2895832,"1",
"980070",126339,"5",2895832,"1",
"900000",52322,"1",2895841,"1",
"900000",64210,"2",2895841,"1",
"900000",64612,"3",2895841,"1",
"900000",60453,"4",2895841,"1",
"900000",57436,"5",2895841,"1",
"900030",10438,"1",2895841,"1",
"900030",10438,"2",2895841,"1",
"900030",10438,"3",2895841,"1",
"900030",10438,"4",2895841,"1",
"900030",10438,"5",2895841,"1",
"900210",50706,"1",2895841,"1","T"
"900210",50706,"2",2895841,"1","T"
"900210",50706,"3",2895841,"1","T"
"900210",50706,"4",2895841,"1","T"
"900210",50706,"5",2895841,"1","T"
"980000",120951,"1",2895841,"1","T"
"980000",120951,"2",2895841,"1","T"
"980000",120951,"3",2895841,"1","T"
"980000",120951,"4",2895841,"1","T"
"980000",120951,"5",2895841,"1","T"
"980070",124951,"1",2895841,"1","T"
"980070",124951,"2",2895841,"1","T"
"980070",124951,"3",2895841,"1","T"
"980070",124951,"4",2895841,"1","T"
"980070",124951,"5",2895841,"1","T"
"900000",50184,"1",2895842,"1",
"900000",67467,"2",2895842,"1",
"900000",56201,"3",2895842,"1",
"900000",53997,"4",2895842,"1",
"900000",68585,"5",2895842,"1",
"900030",10438,"1",2895842,"1",
"900030",10438,"2",2895842,"1",
"900030",10438,"3",2895842,"1",
"900030",10438,"4",2895842,"1",
"900030",10438,"5",2895842,"1",
"900210",50706,"1",2895842,"1","T"
"900210",50706,"2",2895842,"1","T"
"900210",50706,"3",2895842,"1","T"
"900210",50706,"4",2895842,"1","T"
"900210",50706,"5",2895842,"1","T"
"980000",120431,"1",2895842,"1","T"
"980000",120431,"2",2895842,"1","T"
"980000",120431,"3",2895842,"1","T"
"980000",120431,"4",2895842,"1","T"
"980000",120431,"5",2895842,"1","T"
"980070",124431,"1",2895842,"1","T"
"980070",124431,"2",2895842,"1","T"
"980070",124431,"3",2895842,"1","T"
"980070",124431,"4",2895842,"1","T"
"980070",124431,"5",2895842,"1","T"
"900000",54000,"1",2895851,"1",
"900000",54000,"2",2895851,"1",
"900000",54000,"3",2895851,"1",
"900000",54000,"4",2895851,"1",
"900000",54000,"5",2895851,"1",
"980000",54000,"1",2895851,"1",
"980000",54000,"2",2895851,"1",
"980000",54000,"3",2895851,"1",
"980000",54000,"4",2895851,"1",
"980000",54000,"5",2895851,"1",
"980070",60600,"1",2895851,"1",
"980070",60600,"2",2895851,"1",
"980070",60600,"3",2895851,"1",
"980070",60600,"4",2895851,"1",
"980070",60600,"5",2895851,"1",
"900000",54000,"1",2895852,"1",
"900000",54000,"2",2895852,"1",
"900000",54000,"3",2895852,"1",
"900000",54000,"4",2895852,"1",
"900000",54000,"5",2895852,"1",
"980000",54000,"1",2895852,"1",
"980000",54000,"2",2895852,"1",
"980000",54000,"3",2895852,"1",
"980000",54000,"4",2895852,"1",
"980000",54000,"5",2895852,"1",
"980070",60600,"1",2895852,"1",
"980070",60600,"2",2895852,"1",
"980070",60600,"3",2895852,"1",
"980070",60600,"4",2895852,"1",
"980070",60600,"5",2895852,"1",
"800940",0,"1",2895881,"1",
"800940",1870,"2",2895881,"1",
"800940",9425,"3",2895881,"1",
"800940",390,"4",2895881,"1",
"800940",3964,"5",2895881,"1",
"900000",32081,"1",2895881,"1",
"900000",18915,"2",2895881,"1",
"900000",30337,"3",2895881,"1",
"900000",33330,"4",2895881,"1",
"900000",38903,"5",2895881,"1",
"900160",-6960,"1",2895881,"1",
"900160",10995,"2",2895881,"1",
"900160",60529,"3",2895881,"1",
"900160",619,"4",2895881,"1",
"900160",24245,"5",2895881,"1",
"980000",25121,"1",2895881,"1",
"980000",29910,"2",2895881,"1",
"980000",90866,"3",2895881,"1",
"980000",33949,"4",2895881,"1",
"980000",63148,"5",2895881,"1",
"980070",25121,"1",2895881,"1",
"980070",29910,"2",2895881,"1",
"980070",90866,"3",2895881,"1",
"980070",33949,"4",2895881,"1",
"980070",63148,"5",2895881,"1",
"800940",0,"1",2895882,"1",
"800940",2271,"2",2895882,"1",
"800940",3130,"3",2895882,"1",
"800940",901,"4",2895882,"1",
"800940",1458,"5",2895882,"1",
"900000",17332,"1",2895882,"1",
"900000",48324,"2",2895882,"1",
"900000",29618,"3",2895882,"1",
"900000",65478,"4",2895882,"1",
"900000",27505,"5",2895882,"1",
"900160",-18526,"1",2895882,"1",
"900160",12387,"2",2895882,"1",
"900160",18681,"3",2895882,"1",
"900160",5264,"4",2895882,"1",
"900160",8671,"5",2895882,"1",
"980000",-1194,"1",2895882,"1",
"980000",60711,"2",2895882,"1",
"980000",48299,"3",2895882,"1",
"980000",70742,"4",2895882,"1",
"980000",36176,"5",2895882,"1",
"980070",-1194,"1",2895882,"1",
"980070",60711,"2",2895882,"1",
"980070",48299,"3",2895882,"1",
"980070",70742,"4",2895882,"1",
"980070",36176,"5",2895882,"1",
"800940",10967,"1",2895891,"1","T"
"800940",10967,"2",2895891,"1","T"
"800940",10967,"3",2895891,"1","T"
"800940",10967,"4",2895891,"1","T"
"800940",10967,"5",2895891,"1","T"
"900000",274246,"1",2895891,"1","T"
"900000",274246,"2",2895891,"1","T"
"900000",274246,"3",2895891,"1","T"
"900000",274246,"4",2895891,"1","T"
"900000",274246,"5",2895891,"1","T"
"900160",28589,"1",2895891,"1",
"900160",329,"2",2895891,"1",
"900160",-484,"3",2895891,"1",
"900160",3783,"4",2895891,"1",
"900160",54537,"5",2895891,"1",
"980000",291596,"1",2895891,"1","T"
"980000",291596,"2",2895891,"1","T"
"980000",291596,"3",2895891,"1","T"
"980000",291596,"4",2895891,"1","T"
"980000",291596,"5",2895891,"1","T"
"980070",291596,"1",2895891,"1","T"
"980070",291596,"2",2895891,"1","T"
"980070",291596,"3",2895891,"1","T"
"980070",291596,"4",2895891,"1","T"
"980070",291596,"5",2895891,"1","T"
"800940",4885,"1",2895892,"1",
"800940",9393,"2",2895892,"1",
"800940",2293,"3",2895892,"1",
"800940",1615,"4",2895892,"1",
"800940",4549,"5",2895892,"1",
"900000",245682,"1",2895892,"1","T"
"900000",245682,"2",2895892,"1","T"
"900000",245682,"3",2895892,"1","T"
"900000",245682,"4",2895892,"1","T"
"900000",245682,"5",2895892,"1","T"
"900160",1319,"1",2895892,"1",
"900160",40401,"2",2895892,"1",
"900160",5221,"3",2895892,"1",
"900160",-1034,"4",2895892,"1",
"900160",2194,"5",2895892,"1",
"980000",255302,"1",2895892,"1","T"
"980000",255302,"2",2895892,"1","T"
"980000",255302,"3",2895892,"1","T"
"980000",255302,"4",2895892,"1","T"
"980000",255302,"5",2895892,"1","T"
"980070",255302,"1",2895892,"1","T"
"980070",255302,"2",2895892,"1","T"
"980070",255302,"3",2895892,"1","T"
"980070",255302,"4",2895892,"1","T"
"980070",255302,"5",2895892,"1","T"
"900000",39100,"1",2895911,"1",
"900000",39100,"2",2895911,"1",
"900000",39100,"3",2895911,"1",
"900000",39100,"4",2895911,"1",
"900000",39100,"5",2895911,"1",
"900120",2807,"1",2895911,"1",
"900120",2968,"2",2895911,"1",
"900120",2848,"3",2895911,"1",
"900120",2273,"4",2895911,"1",
"900120",2221,"5",2895911,"1",
"900150",1309,"1",2895911,"1",
"900150",1309,"2",2895911,"1",
"900150",1309,"3",2895911,"1",
"900150",1309,"4",2895911,"1",
"900150",1309,"5",2895911,"1",
"980000",43216,"1",2895911,"1",
"980000",43377,"2",2895911,"1",
"980000",43257,"3",2895911,"1",
"980000",42682,"4",2895911,"1",
"980000",42630,"5",2895911,"1",
"980070",43216,"1",2895911,"1",
"980070",43377,"2",2895911,"1",
"980070",43257,"3",2895911,"1",
"980070",42682,"4",2895911,"1",
"980070",42630,"5",2895911,"1",
"900000",39100,"1",2895912,"1",
"900000",39100,"2",2895912,"1",
"900000",39100,"3",2895912,"1",
"900000",39100,"4",2895912,"1",
"900000",39100,"5",2895912,"1",
"900120",2899,"1",2895912,"1",
"900120",2757,"2",2895912,"1",
"900120",2585,"3",2895912,"1",
"900120",2964,"4",2895912,"1",
"900120",2373,"5",2895912,"1",
"900150",1309,"1",2895912,"1",
"900150",1309,"2",2895912,"1",
"900150",1309,"3",2895912,"1",
"900150",1309,"4",2895912,"1",
"900150",1309,"5",2895912,"1",
"980000",43308,"1",2895912,"1",
"980000",43166,"2",2895912,"1",
"980000",42994,"3",2895912,"1",
"980000",43373,"4",2895912,"1",
"980000",42782,"5",2895912,"1",
"980070",43308,"1",2895912,"1",
"980070",43166,"2",2895912,"1",
"980070",42994,"3",2895912,"1",
"980070",43373,"4",2895912,"1",
"980070",42782,"5",2895912,"1",
"900000",119919,"1",2895921,"1",
"900000",178697,"2",2895921,"1",
"900000",156278,"3",2895921,"1",
"900000",137668,"4",2895921,"1",
"900000",74808,"5",2895921,"1",
"980000",119919,"1",2895921,"1",
"980000",178697,"2",2895921,"1",
"980000",156278,"3",2895921,"1",
"980000",137668,"4",2895921,"1",
"980000",74808,"5",2895921,"1",
"980070",119919,"1",2895921,"1",
"980070",178697,"2",2895921,"1",
"980070",156278,"3",2895921,"1",
"980070",137668,"4",2895921,"1",
"980070",74808,"5",2895921,"1",
"900000",74713,"1",2895922,"1",
"900000",47776,"2",2895922,"1",
"900000",66131,"3",2895922,"1",
"900000",83028,"4",2895922,"1",
"900000",75619,"5",2895922,"1",
"980000",74713,"1",2895922,"1",
"980000",47776,"2",2895922,"1",
"980000",66131,"3",2895922,"1",
"980000",83028,"4",2895922,"1",
"980000",75619,"5",2895922,"1",
"980070",74713,"1",2895922,"1",
"980070",47776,"2",2895922,"1",
"980070",66131,"3",2895922,"1",
"980070",83028,"4",2895922,"1",
"980070",75619,"5",2895922,"1",
"900000",38396,"1",2895931,"1",
"900000",46163,"2",2895931,"1",
"900000",78094,"3",2895931,"1",
"900000",63061,"4",2895931,"1",
"900000",6306,"5",2895931,"1",
"980000",38396,"1",2895931,"1",
"980000",46163,"2",2895931,"1",
"980000",78094,"3",2895931,"1",
"980000",63061,"4",2895931,"1",
"980000",6306,"5",2895931,"1",
"980070",38396,"1",2895931,"1",
"980070",46163,"2",2895931,"1",
"980070",78094,"3",2895931,"1",
"980070",63061,"4",2895931,"1",
"980070",6306,"5",2895931,"1",
"900000",69552,"1",2895932,"1",
"900000",56609,"2",2895932,"1",
"900000",30827,"3",2895932,"1",
"900000",42145,"4",2895932,"1",
"900000",39986,"5",2895932,"1",
"980000",69552,"1",2895932,"1",
"980000",56609,"2",2895932,"1",
"980000",30827,"3",2895932,"1",
"980000",42145,"4",2895932,"1",
"980000",39986,"5",2895932,"1",
"980070",69552,"1",2895932,"1",
"980070",56609,"2",2895932,"1",
"980070",30827,"3",2895932,"1",
"980070",42145,"4",2895932,"1",
"980070",39986,"5",2895932,"1",
"900000",53967,"1",2895941,"1",
"900000",17280,"2",2895941,"1",
"900000",77440,"3",2895941,"1",
"900000",27117,"4",2895941,"1",
"900000",47747,"5",2895941,"1",
"980000",53967,"1",2895941,"1",
"980000",17280,"2",2895941,"1",
"980000",77440,"3",2895941,"1",
"980000",27117,"4",2895941,"1",
"980000",47747,"5",2895941,"1",
"980070",53967,"1",2895941,"1",
"980070",17280,"2",2895941,"1",
"980070",77440,"3",2895941,"1",
"980070",27117,"4",2895941,"1",
"980070",47747,"5",2895941,"1",
"900000",103647,"1",2895942,"1",
"900000",103209,"2",2895942,"1",
"900000",11488,"3",2895942,"1",
"900000",79823,"4",2895942,"1",
"900000",15491,"5",2895942,"1",
"980000",103647,"1",2895942,"1",
"980000",103209,"2",2895942,"1",
"980000",11488,"3",2895942,"1",
"980000",79823,"4",2895942,"1",
"980000",15491,"5",2895942,"1",
"980070",103647,"1",2895942,"1",
"980070",103209,"2",2895942,"1",
"980070",11488,"3",2895942,"1",
"980070",79823,"4",2895942,"1",
"980070",15491,"5",2895942,"1",
"900030",28332,"1",2895991,"1",
"900030",28332,"2",2895991,"1",
"900030",28332,"3",2895991,"1",
"900030",28332,"4",2895991,"1",
"900030",28332,"5",2895991,"1",
"980000",28332,"1",2895991,"1",
"980000",28332,"2",2895991,"1",
"980000",28332,"3",2895991,"1",
"980000",28332,"4",2895991,"1",
"980000",28332,"5",2895991,"1",
"980070",29432,"1",2895991,"1",
"980070",29432,"2",2895991,"1",
"980070",29432,"3",2895991,"1",
"980070",29432,"4",2895991,"1",
"980070",29432,"5",2895991,"1",
"900030",28332,"1",2895992,"1",
"900030",28332,"2",2895992,"1",
"900030",28332,"3",2895992,"1",
"900030",28332,"4",2895992,"1",
"900030",28332,"5",2895992,"1",
"980000",28332,"1",2895992,"1",
"980000",28332,"2",2895992,"1",
"980000",28332,"3",2895992,"1",
"980000",28332,"4",2895992,"1",
"980000",28332,"5",2895992,"1",
"980070",29432,"1",2895992,"1",
"980070",29432,"2",2895992,"1",
"980070",29432,"3",2895992,"1",
"980070",29432,"4",2895992,"1",
"980070",29432,"5",2895992,"1",
"900000",30000,"1",2896001,"1",
"900000",30000,"2",2896001,"1",
"900000",30000,"3",2896001,"1",
"900000",30000,"4",2896001,"1",
"900000",30000,"5",2896001,"1",
"980000",30000,"1",2896001,"1",
"980000",30000,"2",2896001,"1",
"980000",30000,"3",2896001,"1",
"980000",30000,"4",2896001,"1",
"980000",30000,"5",2896001,"1",
"980070",34000,"1",2896001,"1",
"980070",34000,"2",2896001,"1",
"980070",34000,"3",2896001,"1",
"980070",34000,"4",2896001,"1",
"980070",34000,"5",2896001,"1",
"900000",30000,"1",2896002,"1",
"900000",30000,"2",2896002,"1",
"900000",30000,"3",2896002,"1",
"900000",30000,"4",2896002,"1",
"900000",30000,"5",2896002,"1",
"980000",30000,"1",2896002,"1",
"980000",30000,"2",2896002,"1",
"980000",30000,"3",2896002,"1",
"980000",30000,"4",2896002,"1",
"980000",30000,"5",2896002,"1",
"980070",34000,"1",2896002,"1",
"980070",34000,"2",2896002,"1",
"980070",34000,"3",2896002,"1",
"980070",34000,"4",2896002,"1",
"980070",34000,"5",2896002,"1",
"900000",205487,"1",2896011,"1","T"
"900000",205487,"2",2896011,"1","T"
"900000",205487,"3",2896011,"1","T"
"900000",205487,"4",2896011,"1","T"
"900000",205487,"5",2896011,"1","T"
"900180",24,"1",2896011,"1",
"900180",530,"2",2896011,"1",
"900180",10116,"3",2896011,"1",
"900180",5,"4",2896011,"1",
"900180",102,"5",2896011,"1",
"980000",207642,"1",2896011,"1","T"
"980000",207642,"2",2896011,"1","T"
"980000",207642,"3",2896011,"1","T"
"980000",207642,"4",2896011,"1","T"
"980000",207642,"5",2896011,"1","T"
"980070",207642,"1",2896011,"1","T"
"980070",207642,"2",2896011,"1","T"
"980070",207642,"3",2896011,"1","T"
"980070",207642,"4",2896011,"1","T"
"980070",207642,"5",2896011,"1","T"
"900000",68185,"1",2896012,"1",
"900000",120988,"2",2896012,"1",
"900000",45815,"3",2896012,"1",
"900000",47000,"4",2896012,"1",
"900000",77669,"5",2896012,"1",
"900180",3124,"1",2896012,"1",
"900180",22195,"2",2896012,"1",
"900180",10203,"3",2896012,"1",
"900180",20,"4",2896012,"1",
"900180",2877,"5",2896012,"1",
"980000",71309,"1",2896012,"1",
"980000",143183,"2",2896012,"1",
"980000",56018,"3",2896012,"1",
"980000",47020,"4",2896012,"1",
"980000",80546,"5",2896012,"1",
"980070",71309,"1",2896012,"1",
"980070",143183,"2",2896012,"1",
"980070",56018,"3",2896012,"1",
"980070",47020,"4",2896012,"1",
"980070",80546,"5",2896012,"1",
"900000",82000,"1",2896031,"1",
"900000",82000,"2",2896031,"1",
"900000",82000,"3",2896031,"1",
"900000",82000,"4",2896031,"1",
"900000",82000,"5",2896031,"1",
"900180",900,"1",2896031,"1",
"900180",900,"2",2896031,"1",
"900180",900,"3",2896031,"1",
"900180",900,"4",2896031,"1",
"900180",900,"5",2896031,"1",
"980000",82900,"1",2896031,"1",
"980000",82900,"2",2896031,"1",
"980000",82900,"3",2896031,"1",
"980000",82900,"4",2896031,"1",
"980000",82900,"5",2896031,"1",
"980070",82900,"1",2896031,"1",
"980070",82900,"2",2896031,"1",
"980070",82900,"3",2896031,"1",
"980070",82900,"4",2896031,"1",
"980070",82900,"5",2896031,"1",
"900000",82000,"1",2896032,"1",
"900000",82000,"2",2896032,"1",
"900000",82000,"3",2896032,"1",
"900000",82000,"4",2896032,"1",
"900000",82000,"5",2896032,"1",
"900180",900,"1",2896032,"1",
"900180",900,"2",2896032,"1",
"900180",900,"3",2896032,"1",
"900180",900,"4",2896032,"1",
"900180",900,"5",2896032,"1",
"980000",82900,"1",2896032,"1",
"980000",82900,"2",2896032,"1",
"980000",82900,"3",2896032,"1",
"980000",82900,"4",2896032,"1",
"980000",82900,"5",2896032,"1",
"980070",82900,"1",2896032,"1",
"980070",82900,"2",2896032,"1",
"980070",82900,"3",2896032,"1",
"980070",82900,"4",2896032,"1",
"980070",82900,"5",2896032,"1",
"900000",20000,"1",2896041,"1",
"900000",20000,"2",2896041,"1",
"900000",20000,"3",2896041,"1",
"900000",20000,"4",2896041,"1",
"900000",20000,"5",2896041,"1",
"900170",44000,"1",2896041,"1",
"900170",44000,"2",2896041,"1",
"900170",44000,"3",2896041,"1",
"900170",44000,"4",2896041,"1",
"900170",44000,"5",2896041,"1",
"900180",407,"1",2896041,"1",
"900180",10091,"2",2896041,"1",
"900180",49,"3",2896041,"1",
"900180",8,"4",2896041,"1",
"900180",8,"5",2896041,"1",
"980000",64407,"1",2896041,"1",
"980000",74091,"2",2896041,"1",
"980000",64049,"3",2896041,"1",
"980000",64008,"4",2896041,"1",
"980000",64008,"5",2896041,"1",
"980070",65007,"1",2896041,"1",
"980070",74691,"2",2896041,"1",
"980070",64649,"3",2896041,"1",
"980070",64608,"4",2896041,"1",
"980070",64608,"5",2896041,"1",
"900000",20000,"1",2896042,"1",
"900000",20000,"2",2896042,"1",
"900000",20000,"3",2896042,"1",
"900000",20000,"4",2896042,"1",
"900000",20000,"5",2896042,"1",
"900170",44000,"1",2896042,"1",
"900170",44000,"2",2896042,"1",
"900170",44000,"3",2896042,"1",
"900170",44000,"4",2896042,"1",
"900170",44000,"5",2896042,"1",
"900180",1018,"1",2896042,"1",
"900180",2069,"2",2896042,"1",
"900180",561,"3",2896042,"1",
"900180",3,"4",2896042,"1",
"900180",141,"5",2896042,"1",
"980000",65018,"1",2896042,"1",
"980000",66069,"2",2896042,"1",
"980000",64561,"3",2896042,"1",
"980000",64003,"4",2896042,"1",
"980000",64141,"5",2896042,"1",
"980070",65618,"1",2896042,"1",
"980070",66669,"2",2896042,"1",
"980070",65161,"3",2896042,"1",
"980070",64603,"4",2896042,"1",
"980070",64741,"5",2896042,"1",
"900000",61627,"1",2896051,"1",
"900000",45179,"2",2896051,"1",
"900000",30305,"3",2896051,"1",
"900000",39020,"4",2896051,"1",
"900000",20434,"5",2896051,"1",
"980000",61627,"1",2896051,"1",
"980000",45179,"2",2896051,"1",
"980000",30305,"3",2896051,"1",
"980000",39020,"4",2896051,"1",
"980000",20434,"5",2896051,"1",
"980070",63577,"1",2896051,"1",
"980070",47129,"2",2896051,"1",
"980070",32255,"3",2896051,"1",
"980070",40970,"4",2896051,"1",
"980070",22384,"5",2896051,"1",
"900000",20748,"1",2896052,"1",
"900000",46625,"2",2896052,"1",
"900000",39998,"3",2896052,"1",
"900000",36654,"4",2896052,"1",
"900000",59450,"5",2896052,"1",
"980000",20748,"1",2896052,"1",
"980000",46625,"2",2896052,"1",
"980000",39998,"3",2896052,"1",
"980000",36654,"4",2896052,"1",
"980000",59450,"5",2896052,"1",
"980070",22698,"1",2896052,"1",
"980070",48575,"2",2896052,"1",
"980070",41948,"3",2896052,"1",
"980070",38604,"4",2896052,"1",
"980070",61400,"5",2896052,"1",
"900000",89600,"1",2896071,"1",
"900000",89600,"2",2896071,"1",
"900000",89600,"3",2896071,"1",
"900000",89600,"4",2896071,"1",
"900000",89600,"5",2896071,"1",
"900210",2400,"1",2896071,"1",
"900210",2400,"2",2896071,"1",
"900210",2400,"3",2896071,"1",
"900210",2400,"4",2896071,"1",
"900210",2400,"5",2896071,"1",
"980000",92000,"1",2896071,"1",
"980000",92000,"2",2896071,"1",
"980000",92000,"3",2896071,"1",
"980000",92000,"4",2896071,"1",
"980000",92000,"5",2896071,"1",
"980070",91662,"1",2896071,"1",
"980070",91662,"2",2896071,"1",
"980070",91662,"3",2896071,"1",
"980070",91662,"4",2896071,"1",
"980070",91662,"5",2896071,"1",
"900000",89600,"1",2896072,"1",
"900000",89600,"2",2896072,"1",
"900000",89600,"3",2896072,"1",
"900000",89600,"4",2896072,"1",
"900000",89600,"5",2896072,"1",
"900210",2400,"1",2896072,"1",
"900210",2400,"2",2896072,"1",
"900210",2400,"3",2896072,"1",
"900210",2400,"4",2896072,"1",
"900210",2400,"5",2896072,"1",
"980000",92000,"1",2896072,"1",
"980000",92000,"2",2896072,"1",
"980000",92000,"3",2896072,"1",
"980000",92000,"4",2896072,"1",
"980000",92000,"5",2896072,"1",
"980070",91662,"1",2896072,"1",
"980070",91662,"2",2896072,"1",
"980070",91662,"3",2896072,"1",
"980070",91662,"4",2896072,"1",
"980070",91662,"5",2896072,"1",
"900000",43187,"1",2896081,"1",
"900000",21282,"2",2896081,"1",
"900000",16455,"3",2896081,"1",
"900000",22181,"4",2896081,"1",
"900000",20000,"5",2896081,"1",
"980000",43187,"1",2896081,"1",
"980000",21282,"2",2896081,"1",
"980000",16455,"3",2896081,"1",
"980000",22181,"4",2896081,"1",
"980000",20000,"5",2896081,"1",
"980070",43187,"1",2896081,"1",
"980070",21282,"2",2896081,"1",
"980070",16455,"3",2896081,"1",
"980070",22181,"4",2896081,"1",
"980070",20000,"5",2896081,"1",
"900000",45408,"1",2896082,"1",
"900000",55053,"2",2896082,"1",
"900000",30538,"3",2896082,"1",
"900000",84059,"4",2896082,"1",
"900000",12627,"5",2896082,"1",
"980000",45408,"1",2896082,"1",
"980000",55053,"2",2896082,"1",
"980000",30538,"3",2896082,"1",
"980000",84059,"4",2896082,"1",
"980000",12627,"5",2896082,"1",
"980070",45408,"1",2896082,"1",
"980070",55053,"2",2896082,"1",
"980070",30538,"3",2896082,"1",
"980070",84059,"4",2896082,"1",
"980070",12627,"5",2896082,"1",
"900030",25582,"1",2896101,"1",
"900030",21418,"2",2896101,"1",
"900030",22666,"3",2896101,"1",
"900030",29302,"4",2896101,"1",
"900030",26050,"5",2896101,"1",
"980000",25582,"1",2896101,"1",
"980000",21418,"2",2896101,"1",
"980000",22666,"3",2896101,"1",
"980000",29302,"4",2896101,"1",
"980000",26050,"5",2896101,"1",
"980070",25582,"1",2896101,"1",
"980070",21418,"2",2896101,"1",
"980070",22666,"3",2896101,"1",
"980070",29302,"4",2896101,"1",
"980070",26050,"5",2896101,"1",
"900030",19894,"1",2896102,"1",
"900030",14578,"2",2896102,"1",
"900030",12766,"3",2896102,"1",
"900030",23710,"4",2896102,"1",
"900030",22186,"5",2896102,"1",
"980000",19894,"1",2896102,"1",
"980000",14578,"2",2896102,"1",
"980000",12766,"3",2896102,"1",
"980000",23710,"4",2896102,"1",
"980000",22186,"5",2896102,"1",
"980070",19894,"1",2896102,"1",
"980070",14578,"2",2896102,"1",
"980070",12766,"3",2896102,"1",
"980070",23710,"4",2896102,"1",
"980070",22186,"5",2896102,"1",
"800940",11270,"1",2896111,"1","T"
"800940",11270,"2",2896111,"1","T"
"800940",11270,"3",2896111,"1","T"
"800940",11270,"4",2896111,"1","T"
"800940",11270,"5",2896111,"1","T"
"900000",276685,"1",2896111,"1","T"
"900000",276685,"2",2896111,"1","T"
"900000",276685,"3",2896111,"1","T"
"900000",276685,"4",2896111,"1","T"
"900000",276685,"5",2896111,"1","T"
"900160",12635,"1",2896111,"1",
"900160",25040,"2",2896111,"1",
"900160",21777,"3",2896111,"1",
"900160",51233,"4",2896111,"1",
"900160",-1351,"5",2896111,"1",
"900180",6073,"1",2896111,"1",
"900180",12,"2",2896111,"1",
"900180",956,"3",2896111,"1",
"900180",4544,"4",2896111,"1",
"900180",10053,"5",2896111,"1",
"980000",302880,"1",2896111,"1","T"
"980000",302880,"2",2896111,"1","T"
"980000",302880,"3",2896111,"1","T"
"980000",302880,"4",2896111,"1","T"
"980000",302880,"5",2896111,"1","T"
"980070",302880,"1",2896111,"1","T"
"980070",302880,"2",2896111,"1","T"
"980070",302880,"3",2896111,"1","T"
"980070",302880,"4",2896111,"1","T"
"980070",302880,"5",2896111,"1","T"
"800940",11339,"1",2896112,"1","T"
"800940",11339,"2",2896112,"1","T"
"800940",11339,"3",2896112,"1","T"
"800940",11339,"4",2896112,"1","T"
"800940",11339,"5",2896112,"1","T"
"900000",125339,"1",2896112,"1",
"900000",208234,"2",2896112,"1",
"900000",137579,"3",2896112,"1",
"900000",122092,"4",2896112,"1",
"900000",163149,"5",2896112,"1",
"900160",27788,"1",2896112,"1",
"900160",-15581,"2",2896112,"1",
"900160",15385,"3",2896112,"1",
"900160",3902,"4",2896112,"1",
"900160",6072,"5",2896112,"1",
"900180",72,"1",2896112,"1",
"900180",3097,"2",2896112,"1",
"900180",62,"3",2896112,"1",
"900180",204,"4",2896112,"1",
"900180",12842,"5",2896112,"1",
"980000",153199,"1",2896112,"1",
"980000",195750,"2",2896112,"1",
"980000",153026,"3",2896112,"1",
"980000",126198,"4",2896112,"1",
"980000",182063,"5",2896112,"1",
"980070",153199,"1",2896112,"1",
"980070",195750,"2",2896112,"1",
"980070",153026,"3",2896112,"1",
"980070",126198,"4",2896112,"1",
"980070",182063,"5",2896112,"1",
"900000",8000,"1",2896121,"1",
"900000",8000,"2",2896121,"1",
"900000",8000,"3",2896121,"1",
"900000",8000,"4",2896121,"1",
"900000",8000,"5",2896121,"1",
"980000",8000,"1",2896121,"1",
"980000",8000,"2",2896121,"1",
"980000",8000,"3",2896121,"1",
"980000",8000,"4",2896121,"1",
"980000",8000,"5",2896121,"1",
"980070",9581,"1",2896121,"1",
"980070",9581,"2",2896121,"1",
"980070",9581,"3",2896121,"1",
"980070",9581,"4",2896121,"1",
"980070",9581,"5",2896121,"1",
"900000",8000,"1",2896122,"1",
"900000",8000,"2",2896122,"1",
"900000",8000,"3",2896122,"1",
"900000",8000,"4",2896122,"1",
"900000",8000,"5",2896122,"1",
"980000",8000,"1",2896122,"1",
"980000",8000,"2",2896122,"1",
"980000",8000,"3",2896122,"1",
"980000",8000,"4",2896122,"1",
"980000",8000,"5",2896122,"1",
"980070",9581,"1",2896122,"1",
"980070",9581,"2",2896122,"1",
"980070",9581,"3",2896122,"1",
"980070",9581,"4",2896122,"1",
"980070",9581,"5",2896122,"1",
"800940",9027,"1",2896131,"1",
"800940",9027,"2",2896131,"1",
"800940",9027,"3",2896131,"1",
"800940",9027,"4",2896131,"1",
"800940",9027,"5",2896131,"1",
"900000",64000,"1",2896131,"1",
"900000",64000,"2",2896131,"1",
"900000",64000,"3",2896131,"1",
"900000",64000,"4",2896131,"1",
"900000",64000,"5",2896131,"1",
"900160",27000,"1",2896131,"1",
"900160",27000,"2",2896131,"1",
"900160",27000,"3",2896131,"1",
"900160",27000,"4",2896131,"1",
"900160",27000,"5",2896131,"1",
"900200",2500,"1",2896131,"1",
"900200",2500,"2",2896131,"1",
"900200",2500,"3",2896131,"1",
"900200",2500,"4",2896131,"1",
"900200",2500,"5",2896131,"1",
"950002",4388,"1",2896131,"1",
"950002",4388,"2",2896131,"1",
"950002",4388,"3",2896131,"1",
"950002",4388,"4",2896131,"1",
"950002",4388,"5",2896131,"1",
"950012",2289,"1",2896131,"1",
"950012",2289,"2",2896131,"1",
"950012",2289,"3",2896131,"1",
"950012",2289,"4",2896131,"1",
"950012",2289,"5",2896131,"1",
"980000",93500,"1",2896131,"1",
"980000",93500,"2",2896131,"1",
"980000",93500,"3",2896131,"1",
"980000",93500,"4",2896131,"1",
"980000",93500,"5",2896131,"1",
"980070",73223,"1",2896131,"1",
"980070",73223,"2",2896131,"1",
"980070",73223,"3",2896131,"1",
"980070",73223,"4",2896131,"1",
"980070",73223,"5",2896131,"1",
"800940",9027,"1",2896132,"1",
"800940",9027,"2",2896132,"1",
"800940",9027,"3",2896132,"1",
"800940",9027,"4",2896132,"1",
"800940",9027,"5",2896132,"1",
"900000",64000,"1",2896132,"1",
"900000",64000,"2",2896132,"1",
"900000",64000,"3",2896132,"1",
"900000",64000,"4",2896132,"1",
"900000",64000,"5",2896132,"1",
"900160",27000,"1",2896132,"1",
"900160",27000,"2",2896132,"1",
"900160",27000,"3",2896132,"1",
"900160",27000,"4",2896132,"1",
"900160",27000,"5",2896132,"1",
"900200",2500,"1",2896132,"1",
"900200",2500,"2",2896132,"1",
"900200",2500,"3",2896132,"1",
"900200",2500,"4",2896132,"1",
"900200",2500,"5",2896132,"1",
"950002",4388,"1",2896132,"1",
"950002",4388,"2",2896132,"1",
"950002",4388,"3",2896132,"1",
"950002",4388,"4",2896132,"1",
"950002",4388,"5",2896132,"1",
"950012",2289,"1",2896132,"1",
"950012",2289,"2",2896132,"1",
"950012",2289,"3",2896132,"1",
"950012",2289,"4",2896132,"1",
"950012",2289,"5",2896132,"1",
"980000",93500,"1",2896132,"1",
"980000",93500,"2",2896132,"1",
"980000",93500,"3",2896132,"1",
"980000",93500,"4",2896132,"1",
"980000",93500,"5",2896132,"1",
"980070",73223,"1",2896132,"1",
"980070",73223,"2",2896132,"1",
"980070",73223,"3",2896132,"1",
"980070",73223,"4",2896132,"1",
"980070",73223,"5",2896132,"1",
"900000",25297,"1",2896141,"1",
"900000",7603,"2",2896141,"1",
"900000",16474,"3",2896141,"1",
"900000",10895,"4",2896141,"1",
"900000",18944,"5",2896141,"1",
"900150",960,"1",2896141,"1",
"900150",960,"2",2896141,"1",
"900150",960,"3",2896141,"1",
"900150",960,"4",2896141,"1",
"900150",960,"5",2896141,"1",
"980000",26257,"1",2896141,"1",
"980000",8563,"2",2896141,"1",
"980000",17434,"3",2896141,"1",
"980000",11855,"4",2896141,"1",
"980000",19904,"5",2896141,"1",
"980070",26257,"1",2896141,"1",
"980070",8563,"2",2896141,"1",
"980070",17434,"3",2896141,"1",
"980070",11855,"4",2896141,"1",
"980070",19904,"5",2896141,"1",
"900000",35845,"1",2896142,"1",
"900000",1230,"2",2896142,"1",
"900000",25890,"3",2896142,"1",
"900000",20712,"4",2896142,"1",
"900000",30000,"5",2896142,"1",
"900150",960,"1",2896142,"1",
"900150",960,"2",2896142,"1",
"900150",960,"3",2896142,"1",
"900150",960,"4",2896142,"1",
"900150",960,"5",2896142,"1",
"980000",36805,"1",2896142,"1",
"980000",2190,"2",2896142,"1",
"980000",26850,"3",2896142,"1",
"980000",21672,"4",2896142,"1",
"980000",30960,"5",2896142,"1",
"980070",36805,"1",2896142,"1",
"980070",2190,"2",2896142,"1",
"980070",26850,"3",2896142,"1",
"980070",21672,"4",2896142,"1",
"980070",30960,"5",2896142,"1",
"900090",1481,"1",2896162,"1",
"900090",1481,"2",2896162,"1",
"900090",1481,"3",2896162,"1",
"900090",1481,"4",2896162,"1",
"900090",1481,"5",2896162,"1",
"900120",237,"1",2896162,"1",
"900120",237,"2",2896162,"1",
"900120",237,"3",2896162,"1",
"900120",237,"4",2896162,"1",
"900120",237,"5",2896162,"1",
"900150",3360,"1",2896162,"1",
"900150",3360,"2",2896162,"1",
"900150",3360,"3",2896162,"1",
"900150",3360,"4",2896162,"1",
"900150",3360,"5",2896162,"1",
"980000",5078,"1",2896162,"1",
"980000",5078,"2",2896162,"1",
"980000",5078,"3",2896162,"1",
"980000",5078,"4",2896162,"1",
"980000",5078,"5",2896162,"1",
"980070",5078,"1",2896162,"1",
"980070",5078,"2",2896162,"1",
"980070",5078,"3",2896162,"1",
"980070",5078,"4",2896162,"1",
"980070",5078,"5",2896162,"1",
"900000",25000,"1",2896171,"1",
"900000",25000,"2",2896171,"1",
"900000",25000,"3",2896171,"1",
"900000",25000,"4",2896171,"1",
"900000",25000,"5",2896171,"1",
"900030",18000,"1",2896171,"1",
"900030",18000,"2",2896171,"1",
"900030",18000,"3",2896171,"1",
"900030",18000,"4",2896171,"1",
"900030",18000,"5",2896171,"1",
"980000",43000,"1",2896171,"1",
"980000",43000,"2",2896171,"1",
"980000",43000,"3",2896171,"1",
"980000",43000,"4",2896171,"1",
"980000",43000,"5",2896171,"1",
"980070",43000,"1",2896171,"1",
"980070",43000,"2",2896171,"1",
"980070",43000,"3",2896171,"1",
"980070",43000,"4",2896171,"1",
"980070",43000,"5",2896171,"1",
"900000",25000,"1",2896172,"1",
"900000",25000,"2",2896172,"1",
"900000",25000,"3",2896172,"1",
"900000",25000,"4",2896172,"1",
"900000",25000,"5",2896172,"1",
"900030",18000,"1",2896172,"1",
"900030",18000,"2",2896172,"1",
"900030",18000,"3",2896172,"1",
"900030",18000,"4",2896172,"1",
"900030",18000,"5",2896172,"1",
"980000",43000,"1",2896172,"1",
"980000",43000,"2",2896172,"1",
"980000",43000,"3",2896172,"1",
"980000",43000,"4",2896172,"1",
"980000",43000,"5",2896172,"1",
"980070",43000,"1",2896172,"1",
"980070",43000,"2",2896172,"1",
"980070",43000,"3",2896172,"1",
"980070",43000,"4",2896172,"1",
"980070",43000,"5",2896172,"1",
"900030",7848,"1",2896181,"1",
"900030",6972,"2",2896181,"1",
"900030",6768,"3",2896181,"1",
"900030",17196,"4",2896181,"1",
"900030",16920,"5",2896181,"1",
"900170",33134,"1",2896181,"1",
"900170",3939,"2",2896181,"1",
"900170",28079,"3",2896181,"1",
"900170",64266,"4",2896181,"1",
"900170",9237,"5",2896181,"1",
"980000",40982,"1",2896181,"1",
"980000",10911,"2",2896181,"1",
"980000",34847,"3",2896181,"1",
"980000",81462,"4",2896181,"1",
"980000",26157,"5",2896181,"1",
"980070",40982,"1",2896181,"1",
"980070",10911,"2",2896181,"1",
"980070",34847,"3",2896181,"1",
"980070",81462,"4",2896181,"1",
"980070",26157,"5",2896181,"1",
"900030",21144,"1",2896182,"1",
"900030",10704,"2",2896182,"1",
"900030",22896,"3",2896182,"1",
"900030",12228,"4",2896182,"1",
"900030",10740,"5",2896182,"1",
"900170",237,"1",2896182,"1",
"900170",26081,"2",2896182,"1",
"900170",18170,"3",2896182,"1",
"900170",21601,"4",2896182,"1",
"900170",49958,"5",2896182,"1",
"980000",21381,"1",2896182,"1",
"980000",36785,"2",2896182,"1",
"980000",41066,"3",2896182,"1",
"980000",33829,"4",2896182,"1",
"980000",60698,"5",2896182,"1",
"980070",21381,"1",2896182,"1",
"980070",36785,"2",2896182,"1",
"980070",41066,"3",2896182,"1",
"980070",33829,"4",2896182,"1",
"980070",60698,"5",2896182,"1",
"900030",31462,"1",2896211,"1",
"900030",31462,"2",2896211,"1",
"900030",31462,"3",2896211,"1",
"900030",31462,"4",2896211,"1",
"900030",31462,"5",2896211,"1",
"900160",3200,"1",2896211,"1",
"900160",3200,"2",2896211,"1",
"900160",3200,"3",2896211,"1",
"900160",3200,"4",2896211,"1",
"900160",3200,"5",2896211,"1",
"900170",14400,"1",2896211,"1",
"900170",14400,"2",2896211,"1",
"900170",14400,"3",2896211,"1",
"900170",14400,"4",2896211,"1",
"900170",14400,"5",2896211,"1",
"900210",600,"1",2896211,"1",
"900210",600,"2",2896211,"1",
"900210",600,"3",2896211,"1",
"900210",600,"4",2896211,"1",
"900210",600,"5",2896211,"1",
"980000",49662,"1",2896211,"1",
"980000",49662,"2",2896211,"1",
"980000",49662,"3",2896211,"1",
"980000",49662,"4",2896211,"1",
"980000",49662,"5",2896211,"1",
"980070",49662,"1",2896211,"1",
"980070",49662,"2",2896211,"1",
"980070",49662,"3",2896211,"1",
"980070",49662,"4",2896211,"1",
"980070",49662,"5",2896211,"1",
"900030",31462,"1",2896212,"1",
"900030",31462,"2",2896212,"1",
"900030",31462,"3",2896212,"1",
"900030",31462,"4",2896212,"1",
"900030",31462,"5",2896212,"1",
"900160",3200,"1",2896212,"1",
"900160",3200,"2",2896212,"1",
"900160",3200,"3",2896212,"1",
"900160",3200,"4",2896212,"1",
"900160",3200,"5",2896212,"1",
"900170",14400,"1",2896212,"1",
"900170",14400,"2",2896212,"1",
"900170",14400,"3",2896212,"1",
"900170",14400,"4",2896212,"1",
"900170",14400,"5",2896212,"1",
"900210",600,"1",2896212,"1",
"900210",600,"2",2896212,"1",
"900210",600,"3",2896212,"1",
"900210",600,"4",2896212,"1",
"900210",600,"5",2896212,"1",
"980000",49662,"1",2896212,"1",
"980000",49662,"2",2896212,"1",
"980000",49662,"3",2896212,"1",
"980000",49662,"4",2896212,"1",
"980000",49662,"5",2896212,"1",
"980070",49662,"1",2896212,"1",
"980070",49662,"2",2896212,"1",
"980070",49662,"3",2896212,"1",
"980070",49662,"4",2896212,"1",
"980070",49662,"5",2896212,"1",
"900030",9600,"1",2896232,"1",
"900030",9600,"2",2896232,"1",
"900030",9600,"3",2896232,"1",
"900030",9600,"4",2896232,"1",
"900030",9600,"5",2896232,"1",
"900150",984,"1",2896232,"1",
"900150",984,"2",2896232,"1",
"900150",984,"3",2896232,"1",
"900150",984,"4",2896232,"1",
"900150",984,"5",2896232,"1",
"980000",10584,"1",2896232,"1",
"980000",10584,"2",2896232,"1",
"980000",10584,"3",2896232,"1",
"980000",10584,"4",2896232,"1",
"980000",10584,"5",2896232,"1",
"980070",10584,"1",2896232,"1",
"980070",10584,"2",2896232,"1",
"980070",10584,"3",2896232,"1",
"980070",10584,"4",2896232,"1",
"980070",10584,"5",2896232,"1",
"800940",9606,"1",2896241,"1",
"800940",9606,"2",2896241,"1",
"800940",9606,"3",2896241,"1",
"800940",9606,"4",2896241,"1",
"800940",9606,"5",2896241,"1",
"900000",152000,"1",2896241,"1",
"900000",152000,"2",2896241,"1",
"900000",152000,"3",2896241,"1",
"900000",152000,"4",2896241,"1",
"900000",152000,"5",2896241,"1",
"900160",4000,"1",2896241,"1",
"900160",4000,"2",2896241,"1",
"900160",4000,"3",2896241,"1",
"900160",4000,"4",2896241,"1",
"900160",4000,"5",2896241,"1",
"900180",10000,"1",2896241,"1",
"900180",10000,"2",2896241,"1",
"900180",10000,"3",2896241,"1",
"900180",10000,"4",2896241,"1",
"900180",10000,"5",2896241,"1",
"900200",500,"1",2896241,"1",
"900200",500,"2",2896241,"1",
"900200",500,"3",2896241,"1",
"900200",500,"4",2896241,"1",
"900200",500,"5",2896241,"1",
"950002",16310,"1",2896241,"1",
"950002",16310,"2",2896241,"1",
"950002",16310,"3",2896241,"1",
"950002",16310,"4",2896241,"1",
"950002",16310,"5",2896241,"1",
"950012",9524,"1",2896241,"1",
"950012",9524,"2",2896241,"1",
"950012",9524,"3",2896241,"1",
"950012",9524,"4",2896241,"1",
"950012",9524,"5",2896241,"1",
"980000",166500,"1",2896241,"1",
"980000",166500,"2",2896241,"1",
"980000",166500,"3",2896241,"1",
"980000",166500,"4",2896241,"1",
"980000",166500,"5",2896241,"1",
"980070",126666,"1",2896241,"1",
"980070",126666,"2",2896241,"1",
"980070",126666,"3",2896241,"1",
"980070",126666,"4",2896241,"1",
"980070",126666,"5",2896241,"1",
"800940",9606,"1",2896242,"1",
"800940",9606,"2",2896242,"1",
"800940",9606,"3",2896242,"1",
"800940",9606,"4",2896242,"1",
"800940",9606,"5",2896242,"1",
"900000",152000,"1",2896242,"1",
"900000",152000,"2",2896242,"1",
"900000",152000,"3",2896242,"1",
"900000",152000,"4",2896242,"1",
"900000",152000,"5",2896242,"1",
"900160",4000,"1",2896242,"1",
"900160",4000,"2",2896242,"1",
"900160",4000,"3",2896242,"1",
"900160",4000,"4",2896242,"1",
"900160",4000,"5",2896242,"1",
"900180",10000,"1",2896242,"1",
"900180",10000,"2",2896242,"1",
"900180",10000,"3",2896242,"1",
"900180",10000,"4",2896242,"1",
"900180",10000,"5",2896242,"1",
"900200",500,"1",2896242,"1",
"900200",500,"2",2896242,"1",
"900200",500,"3",2896242,"1",
"900200",500,"4",2896242,"1",
"900200",500,"5",2896242,"1",
"950002",16310,"1",2896242,"1",
"950002",16310,"2",2896242,"1",
"950002",16310,"3",2896242,"1",
"950002",16310,"4",2896242,"1",
"950002",16310,"5",2896242,"1",
"950012",9524,"1",2896242,"1",
"950012",9524,"2",2896242,"1",
"950012",9524,"3",2896242,"1",
"950012",9524,"4",2896242,"1",
"950012",9524,"5",2896242,"1",
"980000",166500,"1",2896242,"1",
"980000",166500,"2",2896242,"1",
"980000",166500,"3",2896242,"1",
"980000",166500,"4",2896242,"1",
"980000",166500,"5",2896242,"1",
"980070",126666,"1",2896242,"1",
"980070",126666,"2",2896242,"1",
"980070",126666,"3",2896242,"1",
"980070",126666,"4",2896242,"1",
"980070",126666,"5",2896242,"1",
"900000",32000,"1",2896251,"1",
"900000",32000,"2",2896251,"1",
"900000",32000,"3",2896251,"1",
"900000",32000,"4",2896251,"1",
"900000",32000,"5",2896251,"1",
"950002",2400,"1",2896251,"1",
"950002",2400,"2",2896251,"1",
"950002",2400,"3",2896251,"1",
"950002",2400,"4",2896251,"1",
"950002",2400,"5",2896251,"1",
"980000",32000,"1",2896251,"1",
"980000",32000,"2",2896251,"1",
"980000",32000,"3",2896251,"1",
"980000",32000,"4",2896251,"1",
"980000",32000,"5",2896251,"1",
"980070",38600,"1",2896251,"1",
"980070",38600,"2",2896251,"1",
"980070",38600,"3",2896251,"1",
"980070",38600,"4",2896251,"1",
"980070",38600,"5",2896251,"1",
"900000",32000,"1",2896252,"1",
"900000",32000,"2",2896252,"1",
"900000",32000,"3",2896252,"1",
"900000",32000,"4",2896252,"1",
"900000",32000,"5",2896252,"1",
"950002",2400,"1",2896252,"1",
"950002",2400,"2",2896252,"1",
"950002",2400,"3",2896252,"1",
"950002",2400,"4",2896252,"1",
"950002",2400,"5",2896252,"1",
"980000",32000,"1",2896252,"1",
"980000",32000,"2",2896252,"1",
"980000",32000,"3",2896252,"1",
"980000",32000,"4",2896252,"1",
"980000",32000,"5",2896252,"1",
"980070",38600,"1",2896252,"1",
"980070",38600,"2",2896252,"1",
"980070",38600,"3",2896252,"1",
"980070",38600,"4",2896252,"1",
"980070",38600,"5",2896252,"1",
"900000",108307,"1",2896261,"1",
"900000",91648,"2",2896261,"1",
"900000",105361,"3",2896261,"1",
"900000",104662,"4",2896261,"1",
"900000",97743,"5",2896261,"1",
"980000",108307,"1",2896261,"1",
"980000",91648,"2",2896261,"1",
"980000",105361,"3",2896261,"1",
"980000",104662,"4",2896261,"1",
"980000",97743,"5",2896261,"1",
"980070",108307,"1",2896261,"1",
"980070",91648,"2",2896261,"1",
"980070",105361,"3",2896261,"1",
"980070",104662,"4",2896261,"1",
"980070",97743,"5",2896261,"1",
"900000",94462,"1",2896262,"1",
"900000",119781,"2",2896262,"1",
"900000",95475,"3",2896262,"1",
"900000",92860,"4",2896262,"1",
"900000",109848,"5",2896262,"1",
"980000",94462,"1",2896262,"1",
"980000",119781,"2",2896262,"1",
"980000",95475,"3",2896262,"1",
"980000",92860,"4",2896262,"1",
"980000",109848,"5",2896262,"1",
"980070",94462,"1",2896262,"1",
"980070",119781,"2",2896262,"1",
"980070",95475,"3",2896262,"1",
"980070",92860,"4",2896262,"1",
"980070",109848,"5",2896262,"1",
"900000",53000,"1",2896281,"1",
"900000",53000,"2",2896281,"1",
"900000",53000,"3",2896281,"1",
"900000",53000,"4",2896281,"1",
"900000",53000,"5",2896281,"1",
"900030",16223,"1",2896281,"1",
"900030",16223,"2",2896281,"1",
"900030",16223,"3",2896281,"1",
"900030",16223,"4",2896281,"1",
"900030",16223,"5",2896281,"1",
"980000",69223,"1",2896281,"1",
"980000",69223,"2",2896281,"1",
"980000",69223,"3",2896281,"1",
"980000",69223,"4",2896281,"1",
"980000",69223,"5",2896281,"1",
"980070",69980,"1",2896281,"1",
"980070",69980,"2",2896281,"1",
"980070",69980,"3",2896281,"1",
"980070",69980,"4",2896281,"1",
"980070",69980,"5",2896281,"1",
"900000",53000,"1",2896282,"1",
"900000",53000,"2",2896282,"1",
"900000",53000,"3",2896282,"1",
"900000",53000,"4",2896282,"1",
"900000",53000,"5",2896282,"1",
"900030",16223,"1",2896282,"1",
"900030",16223,"2",2896282,"1",
"900030",16223,"3",2896282,"1",
"900030",16223,"4",2896282,"1",
"900030",16223,"5",2896282,"1",
"980000",69223,"1",2896282,"1",
"980000",69223,"2",2896282,"1",
"980000",69223,"3",2896282,"1",
"980000",69223,"4",2896282,"1",
"980000",69223,"5",2896282,"1",
"980070",69980,"1",2896282,"1",
"980070",69980,"2",2896282,"1",
"980070",69980,"3",2896282,"1",
"980070",69980,"4",2896282,"1",
"980070",69980,"5",2896282,"1",
"900030",24816,"1",2896292,"1",
"900030",24612,"2",2896292,"1",
"900030",25824,"3",2896292,"1",
"900030",27012,"4",2896292,"1",
"900030",26304,"5",2896292,"1",
"900170",2306,"1",2896292,"1",
"900170",2857,"2",2896292,"1",
"900170",2777,"3",2896292,"1",
"900170",2314,"4",2896292,"1",
"900170",2650,"5",2896292,"1",
"900180",9,"1",2896292,"1",
"900180",9,"2",2896292,"1",
"900180",9,"3",2896292,"1",
"900180",9,"4",2896292,"1",
"900180",9,"5",2896292,"1",
"980000",27131,"1",2896292,"1",
"980000",27478,"2",2896292,"1",
"980000",28610,"3",2896292,"1",
"980000",29335,"4",2896292,"1",
"980000",28963,"5",2896292,"1",
"980070",28031,"1",2896292,"1",
"980070",28378,"2",2896292,"1",
"980070",29510,"3",2896292,"1",
"980070",30235,"4",2896292,"1",
"980070",29863,"5",2896292,"1",
"900030",22380,"1",2896302,"1",
"900030",26988,"2",2896302,"1",
"900030",32460,"3",2896302,"1",
"900030",32136,"4",2896302,"1",
"900030",22152,"5",2896302,"1",
"980000",22380,"1",2896302,"1",
"980000",26988,"2",2896302,"1",
"980000",32460,"3",2896302,"1",
"980000",32136,"4",2896302,"1",
"980000",22152,"5",2896302,"1",
"980070",22380,"1",2896302,"1",
"980070",26988,"2",2896302,"1",
"980070",32460,"3",2896302,"1",
"980070",32136,"4",2896302,"1",
"980070",22152,"5",2896302,"1",
"900000",55893,"1",2896321,"1",
"900000",59318,"2",2896321,"1",
"900000",56432,"3",2896321,"1",
"900000",58139,"4",2896321,"1",
"900000",62488,"5",2896321,"1",
"980000",55893,"1",2896321,"1",
"980000",59318,"2",2896321,"1",
"980000",56432,"3",2896321,"1",
"980000",58139,"4",2896321,"1",
"980000",62488,"5",2896321,"1",
"980070",59093,"1",2896321,"1",
"980070",62518,"2",2896321,"1",
"980070",59632,"3",2896321,"1",
"980070",61339,"4",2896321,"1",
"980070",65688,"5",2896321,"1",
"900000",56512,"1",2896322,"1",
"900000",57618,"2",2896322,"1",
"900000",59572,"3",2896322,"1",
"900000",63872,"4",2896322,"1",
"900000",56965,"5",2896322,"1",
"980000",56512,"1",2896322,"1",
"980000",57618,"2",2896322,"1",
"980000",59572,"3",2896322,"1",
"980000",63872,"4",2896322,"1",
"980000",56965,"5",2896322,"1",
"980070",59712,"1",2896322,"1",
"980070",60818,"2",2896322,"1",
"980070",62772,"3",2896322,"1",
"980070",67072,"4",2896322,"1",
"980070",60165,"5",2896322,"1",
"900000",70000,"1",2896331,"1",
"900000",70000,"2",2896331,"1",
"900000",70000,"3",2896331,"1",
"900000",70000,"4",2896331,"1",
"900000",70000,"5",2896331,"1",
"900180",10,"1",2896331,"1",
"900180",10,"2",2896331,"1",
"900180",10,"3",2896331,"1",
"900180",10,"4",2896331,"1",
"900180",10,"5",2896331,"1",
"900200",300,"1",2896331,"1",
"900200",300,"2",2896331,"1",
"900200",300,"3",2896331,"1",
"900200",300,"4",2896331,"1",
"900200",300,"5",2896331,"1",
"900210",10000,"1",2896331,"1",
"900210",10000,"2",2896331,"1",
"900210",10000,"3",2896331,"1",
"900210",10000,"4",2896331,"1",
"900210",10000,"5",2896331,"1",
"980000",80310,"1",2896331,"1",
"980000",80310,"2",2896331,"1",
"980000",80310,"3",2896331,"1",
"980000",80310,"4",2896331,"1",
"980000",80310,"5",2896331,"1",
"980070",81410,"1",2896331,"1",
"980070",81410,"2",2896331,"1",
"980070",81410,"3",2896331,"1",
"980070",81410,"4",2896331,"1",
"980070",81410,"5",2896331,"1",
"900000",70000,"1",2896332,"1",
"900000",70000,"2",2896332,"1",
"900000",70000,"3",2896332,"1",
"900000",70000,"4",2896332,"1",
"900000",70000,"5",2896332,"1",
"900180",10,"1",2896332,"1",
"900180",10,"2",2896332,"1",
"900180",10,"3",2896332,"1",
"900180",10,"4",2896332,"1",
"900180",10,"5",2896332,"1",
"900200",300,"1",2896332,"1",
"900200",300,"2",2896332,"1",
"900200",300,"3",2896332,"1",
"900200",300,"4",2896332,"1",
"900200",300,"5",2896332,"1",
"900210",10000,"1",2896332,"1",
"900210",10000,"2",2896332,"1",
"900210",10000,"3",2896332,"1",
"900210",10000,"4",2896332,"1",
"900210",10000,"5",2896332,"1",
"980000",80310,"1",2896332,"1",
"980000",80310,"2",2896332,"1",
"980000",80310,"3",2896332,"1",
"980000",80310,"4",2896332,"1",
"980000",80310,"5",2896332,"1",
"980070",81410,"1",2896332,"1",
"980070",81410,"2",2896332,"1",
"980070",81410,"3",2896332,"1",
"980070",81410,"4",2896332,"1",
"980070",81410,"5",2896332,"1",
"900000",57638,"1",2896342,"1",
"900000",12768,"2",2896342,"1",
"900000",28462,"3",2896342,"1",
"900000",40829,"4",2896342,"1",
"900000",17892,"5",2896342,"1",
"980000",57638,"1",2896342,"1",
"980000",12768,"2",2896342,"1",
"980000",28462,"3",2896342,"1",
"980000",40829,"4",2896342,"1",
"980000",17892,"5",2896342,"1",
"980070",57638,"1",2896342,"1",
"980070",12768,"2",2896342,"1",
"980070",28462,"3",2896342,"1",
"980070",40829,"4",2896342,"1",
"980070",17892,"5",2896342,"1",
"900000",17500,"1",2896381,"1",
"900000",17500,"2",2896381,"1",
"900000",17500,"3",2896381,"1",
"900000",17500,"4",2896381,"1",
"900000",17500,"5",2896381,"1",
"900140",14000,"1",2896381,"1",
"900140",14000,"2",2896381,"1",
"900140",14000,"3",2896381,"1",
"900140",14000,"4",2896381,"1",
"900140",14000,"5",2896381,"1",
"980000",31500,"1",2896381,"1",
"980000",31500,"2",2896381,"1",
"980000",31500,"3",2896381,"1",
"980000",31500,"4",2896381,"1",
"980000",31500,"5",2896381,"1",
"980070",32200,"1",2896381,"1",
"980070",32200,"2",2896381,"1",
"980070",32200,"3",2896381,"1",
"980070",32200,"4",2896381,"1",
"980070",32200,"5",2896381,"1",
"900000",17500,"1",2896382,"1",
"900000",17500,"2",2896382,"1",
"900000",17500,"3",2896382,"1",
"900000",17500,"4",2896382,"1",
"900000",17500,"5",2896382,"1",
"900140",14000,"1",2896382,"1",
"900140",14000,"2",2896382,"1",
"900140",14000,"3",2896382,"1",
"900140",14000,"4",2896382,"1",
"900140",14000,"5",2896382,"1",
"980000",31500,"1",2896382,"1",
"980000",31500,"2",2896382,"1",
"980000",31500,"3",2896382,"1",
"980000",31500,"4",2896382,"1",
"980000",31500,"5",2896382,"1",
"980070",32200,"1",2896382,"1",
"980070",32200,"2",2896382,"1",
"980070",32200,"3",2896382,"1",
"980070",32200,"4",2896382,"1",
"980070",32200,"5",2896382,"1",
"900000",60000,"1",2896401,"1",
"900000",60000,"2",2896401,"1",
"900000",60000,"3",2896401,"1",
"900000",60000,"4",2896401,"1",
"900000",60000,"5",2896401,"1",
"980000",60000,"1",2896401,"1",
"980000",60000,"2",2896401,"1",
"980000",60000,"3",2896401,"1",
"980000",60000,"4",2896401,"1",
"980000",60000,"5",2896401,"1",
"980070",61000,"1",2896401,"1",
"980070",61000,"2",2896401,"1",
"980070",61000,"3",2896401,"1",
"980070",61000,"4",2896401,"1",
"980070",61000,"5",2896401,"1",
"900000",60000,"1",2896402,"1",
"900000",60000,"2",2896402,"1",
"900000",60000,"3",2896402,"1",
"900000",60000,"4",2896402,"1",
"900000",60000,"5",2896402,"1",
"980000",60000,"1",2896402,"1",
"980000",60000,"2",2896402,"1",
"980000",60000,"3",2896402,"1",
"980000",60000,"4",2896402,"1",
"980000",60000,"5",2896402,"1",
"980070",61000,"1",2896402,"1",
"980070",61000,"2",2896402,"1",
"980070",61000,"3",2896402,"1",
"980070",61000,"4",2896402,"1",
"980070",61000,"5",2896402,"1",
"900000",41380,"1",2896441,"1",
"900000",42430,"2",2896441,"1",
"900000",42157,"3",2896441,"1",
"900000",49909,"4",2896441,"1",
"900000",49733,"5",2896441,"1",
"980000",41380,"1",2896441,"1",
"980000",42430,"2",2896441,"1",
"980000",42157,"3",2896441,"1",
"980000",49909,"4",2896441,"1",
"980000",49733,"5",2896441,"1",
"980070",41380,"1",2896441,"1",
"980070",42430,"2",2896441,"1",
"980070",42157,"3",2896441,"1",
"980070",49909,"4",2896441,"1",
"980070",49733,"5",2896441,"1",
"900000",42214,"1",2896442,"1",
"900000",40331,"2",2896442,"1",
"900000",43510,"3",2896442,"1",
"900000",41933,"4",2896442,"1",
"900000",45275,"5",2896442,"1",
"980000",42214,"1",2896442,"1",
"980000",40331,"2",2896442,"1",
"980000",43510,"3",2896442,"1",
"980000",41933,"4",2896442,"1",
"980000",45275,"5",2896442,"1",
"980070",42214,"1",2896442,"1",
"980070",40331,"2",2896442,"1",
"980070",43510,"3",2896442,"1",
"980070",41933,"4",2896442,"1",
"980070",45275,"5",2896442,"1",
"800940",8144,"1",2896461,"1",
"800940",6136,"2",2896461,"1",
"800940",7147,"3",2896461,"1",
"800940",5306,"4",2896461,"1",
"800940",6898,"5",2896461,"1",
"900000",55334,"1",2896461,"1",
"900000",57700,"2",2896461,"1",
"900000",51424,"3",2896461,"1",
"900000",68485,"4",2896461,"1",
"900000",51077,"5",2896461,"1",
"900160",25563,"1",2896461,"1",
"900160",11257,"2",2896461,"1",
"900160",21003,"3",2896461,"1",
"900160",439,"4",2896461,"1",
"900160",19548,"5",2896461,"1",
"980000",80897,"1",2896461,"1",
"980000",68957,"2",2896461,"1",
"980000",72427,"3",2896461,"1",
"980000",68924,"4",2896461,"1",
"980000",70625,"5",2896461,"1",
"980070",80897,"1",2896461,"1",
"980070",68957,"2",2896461,"1",
"980070",72427,"3",2896461,"1",
"980070",68924,"4",2896461,"1",
"980070",70625,"5",2896461,"1",
"800940",2081,"1",2896481,"1",
"800940",8887,"2",2896481,"1",
"800940",2238,"3",2896481,"1",
"800940",2713,"4",2896481,"1",
"800940",5072,"5",2896481,"1",
"900000",50000,"1",2896481,"1",
"900000",50000,"2",2896481,"1",
"900000",50000,"3",2896481,"1",
"900000",50000,"4",2896481,"1",
"900000",50000,"5",2896481,"1",
"900030",11938,"1",2896481,"1",
"900030",11938,"2",2896481,"1",
"900030",11938,"3",2896481,"1",
"900030",11938,"4",2896481,"1",
"900030",11938,"5",2896481,"1",
"900160",1101,"1",2896481,"1",
"900160",45583,"2",2896481,"1",
"900160",2125,"3",2896481,"1",
"900160",5234,"4",2896481,"1",
"900160",20651,"5",2896481,"1",
"900170",24000,"1",2896481,"1",
"900170",24000,"2",2896481,"1",
"900170",24000,"3",2896481,"1",
"900170",24000,"4",2896481,"1",
"900170",24000,"5",2896481,"1",
"900180",100,"1",2896481,"1",
"900180",100,"2",2896481,"1",
"900180",100,"3",2896481,"1",
"900180",100,"4",2896481,"1",
"900180",100,"5",2896481,"1",
"900210",24000,"1",2896481,"1",
"900210",24000,"2",2896481,"1",
"900210",24000,"3",2896481,"1",
"900210",24000,"4",2896481,"1",
"900210",24000,"5",2896481,"1",
"980000",111139,"1",2896481,"1",
"980000",155621,"2",2896481,"1",
"980000",112163,"3",2896481,"1",
"980000",115272,"4",2896481,"1",
"980000",130689,"5",2896481,"1",
"980070",113873,"1",2896481,"1",
"980070",158355,"2",2896481,"1",
"980070",114897,"3",2896481,"1",
"980070",118006,"4",2896481,"1",
"980070",133423,"5",2896481,"1",
"800940",10967,"1",2896482,"1","T"
"800940",10967,"2",2896482,"1","T"
"800940",10967,"3",2896482,"1","T"
"800940",10967,"4",2896482,"1","T"
"800940",10967,"5",2896482,"1","T"
"900000",50000,"1",2896482,"1",
"900000",50000,"2",2896482,"1",
"900000",50000,"3",2896482,"1",
"900000",50000,"4",2896482,"1",
"900000",50000,"5",2896482,"1",
"900030",11938,"1",2896482,"1",
"900030",11938,"2",2896482,"1",
"900030",11938,"3",2896482,"1",
"900030",11938,"4",2896482,"1",
"900030",11938,"5",2896482,"1",
"900160",-316,"1",2896482,"1",
"900160",4200,"2",2896482,"1",
"900160",63507,"3",2896482,"1",
"900160",1,"4",2896482,"1",
"900160",14486,"5",2896482,"1",
"900170",24000,"1",2896482,"1",
"900170",24000,"2",2896482,"1",
"900170",24000,"3",2896482,"1",
"900170",24000,"4",2896482,"1",
"900170",24000,"5",2896482,"1",
"900180",100,"1",2896482,"1",
"900180",100,"2",2896482,"1",
"900180",100,"3",2896482,"1",
"900180",100,"4",2896482,"1",
"900180",100,"5",2896482,"1",
"900210",24000,"1",2896482,"1",
"900210",24000,"2",2896482,"1",
"900210",24000,"3",2896482,"1",
"900210",24000,"4",2896482,"1",
"900210",24000,"5",2896482,"1",
"980000",109722,"1",2896482,"1",
"980000",114238,"2",2896482,"1",
"980000",173545,"3",2896482,"1",
"980000",110039,"4",2896482,"1",
"980000",124524,"5",2896482,"1",
"980070",112456,"1",2896482,"1",
"980070",116972,"2",2896482,"1",
"980070",176279,"3",2896482,"1",
"980070",112773,"4",2896482,"1",
"980070",127258,"5",2896482,"1",
"900000",69600,"1",2896492,"1",
"900000",69600,"2",2896492,"1",
"900000",69600,"3",2896492,"1",
"900000",69600,"4",2896492,"1",
"900000",69600,"5",2896492,"1",
"980000",69600,"1",2896492,"1",
"980000",69600,"2",2896492,"1",
"980000",69600,"3",2896492,"1",
"980000",69600,"4",2896492,"1",
"980000",69600,"5",2896492,"1",
"980070",75820,"1",2896492,"1",
"980070",75820,"2",2896492,"1",
"980070",75820,"3",2896492,"1",
"980070",75820,"4",2896492,"1",
"980070",75820,"5",2896492,"1",
"900000",112224,"1",2896531,"1",
"900000",109042,"2",2896531,"1",
"900000",130656,"3",2896531,"1",
"900000",87549,"4",2896531,"1",
"900000",68446,"5",2896531,"1",
"980000",112224,"1",2896531,"1",
"980000",109042,"2",2896531,"1",
"980000",130656,"3",2896531,"1",
"980000",87549,"4",2896531,"1",
"980000",68446,"5",2896531,"1",
"980070",112224,"1",2896531,"1",
"980070",109042,"2",2896531,"1",
"980070",130656,"3",2896531,"1",
"980070",87549,"4",2896531,"1",
"980070",68446,"5",2896531,"1",
"900000",141130,"1",2896532,"1",
"900000",93870,"2",2896532,"1",
"900000",122520,"3",2896532,"1",
"900000",91994,"4",2896532,"1",
"900000",143926,"5",2896532,"1",
"980000",141130,"1",2896532,"1",
"980000",93870,"2",2896532,"1",
"980000",122520,"3",2896532,"1",
"980000",91994,"4",2896532,"1",
"980000",143926,"5",2896532,"1",
"980070",141130,"1",2896532,"1",
"980070",93870,"2",2896532,"1",
"980070",122520,"3",2896532,"1",
"980070",91994,"4",2896532,"1",
"980070",143926,"5",2896532,"1",
"900000",42000,"1",2896541,"1",
"900000",42000,"2",2896541,"1",
"900000",42000,"3",2896541,"1",
"900000",42000,"4",2896541,"1",
"900000",42000,"5",2896541,"1",
"980000",42000,"1",2896541,"1",
"980000",42000,"2",2896541,"1",
"980000",42000,"3",2896541,"1",
"980000",42000,"4",2896541,"1",
"980000",42000,"5",2896541,"1",
"980070",43300,"1",2896541,"1",
"980070",43300,"2",2896541,"1",
"980070",43300,"3",2896541,"1",
"980070",43300,"4",2896541,"1",
"980070",43300,"5",2896541,"1",
"900000",42000,"1",2896542,"1",
"900000",42000,"2",2896542,"1",
"900000",42000,"3",2896542,"1",
"900000",42000,"4",2896542,"1",
"900000",42000,"5",2896542,"1",
"980000",42000,"1",2896542,"1",
"980000",42000,"2",2896542,"1",
"980000",42000,"3",2896542,"1",
"980000",42000,"4",2896542,"1",
"980000",42000,"5",2896542,"1",
"980070",43300,"1",2896542,"1",
"980070",43300,"2",2896542,"1",
"980070",43300,"3",2896542,"1",
"980070",43300,"4",2896542,"1",
"980070",43300,"5",2896542,"1",
"800940",6580,"1",2896561,"1",
"800940",0,"2",2896561,"1",
"800940",5851,"3",2896561,"1",
"800940",2761,"4",2896561,"1",
"800940",788,"5",2896561,"1",
"900000",17677,"1",2896561,"1",
"900000",15212,"2",2896561,"1",
"900000",17079,"3",2896561,"1",
"900000",15325,"4",2896561,"1",
"900000",15588,"5",2896561,"1",
"900150",2160,"1",2896561,"1",
"900150",2160,"2",2896561,"1",
"900150",2160,"3",2896561,"1",
"900150",2160,"4",2896561,"1",
"900150",2160,"5",2896561,"1",
"900160",41165,"1",2896561,"1",
"900160",-751,"2",2896561,"1",
"900160",36705,"3",2896561,"1",
"900160",17386,"4",2896561,"1",
"900160",4356,"5",2896561,"1",
"980000",61002,"1",2896561,"1",
"980000",16621,"2",2896561,"1",
"980000",55944,"3",2896561,"1",
"980000",34871,"4",2896561,"1",
"980000",22104,"5",2896561,"1",
"980070",61002,"1",2896561,"1",
"980070",16621,"2",2896561,"1",
"980070",55944,"3",2896561,"1",
"980070",34871,"4",2896561,"1",
"980070",22104,"5",2896561,"1",
"800940",10967,"1",2896562,"1","T"
"800940",10967,"2",2896562,"1","T"
"800940",10967,"3",2896562,"1","T"
"800940",10967,"4",2896562,"1","T"
"800940",10967,"5",2896562,"1","T"
"900000",15534,"1",2896562,"1",
"900000",14031,"2",2896562,"1",
"900000",14564,"3",2896562,"1",
"900000",15237,"4",2896562,"1",
"900000",17611,"5",2896562,"1",
"900150",2160,"1",2896562,"1",
"900150",2160,"2",2896562,"1",
"900150",2160,"3",2896562,"1",
"900150",2160,"4",2896562,"1",
"900150",2160,"5",2896562,"1",
"900160",14185,"1",2896562,"1",
"900160",10205,"2",2896562,"1",
"900160",47317,"3",2896562,"1",
"900160",64480,"4",2896562,"1",
"900160",5414,"5",2896562,"1",
"980000",31879,"1",2896562,"1",
"980000",26396,"2",2896562,"1",
"980000",64041,"3",2896562,"1",
"980000",81877,"4",2896562,"1",
"980000",25185,"5",2896562,"1",
"980070",31879,"1",2896562,"1",
"980070",26396,"2",2896562,"1",
"980070",64041,"3",2896562,"1",
"980070",81877,"4",2896562,"1",
"980070",25185,"5",2896562,"1",
"800940",1846,"1",2896581,"1",
"800940",1414,"2",2896581,"1",
"800940",3663,"3",2896581,"1",
"800940",4436,"4",2896581,"1",
"800940",919,"5",2896581,"1",
"900000",13600,"1",2896581,"1",
"900000",13600,"2",2896581,"1",
"900000",13600,"3",2896581,"1",
"900000",13600,"4",2896581,"1",
"900000",13600,"5",2896581,"1",
"900160",5267,"1",2896581,"1",
"900160",2445,"2",2896581,"1",
"900160",17144,"3",2896581,"1",
"900160",22196,"4",2896581,"1",
"900160",-791,"5",2896581,"1",
"980000",18867,"1",2896581,"1",
"980000",16045,"2",2896581,"1",
"980000",30744,"3",2896581,"1",
"980000",35796,"4",2896581,"1",
"980000",12809,"5",2896581,"1",
"980070",19467,"1",2896581,"1",
"980070",16645,"2",2896581,"1",
"980070",31344,"3",2896581,"1",
"980070",36396,"4",2896581,"1",
"980070",13409,"5",2896581,"1",
"800940",1710,"1",2896582,"1",
"800940",2352,"2",2896582,"1",
"800940",1284,"3",2896582,"1",
"800940",1846,"4",2896582,"1",
"800940",0,"5",2896582,"1",
"900000",13600,"1",2896582,"1",
"900000",13600,"2",2896582,"1",
"900000",13600,"3",2896582,"1",
"900000",13600,"4",2896582,"1",
"900000",13600,"5",2896582,"1",
"900160",4377,"1",2896582,"1",
"900160",8573,"2",2896582,"1",
"900160",1594,"3",2896582,"1",
"900160",5267,"4",2896582,"1",
"900160",-12649,"5",2896582,"1",
"980000",17977,"1",2896582,"1",
"980000",22173,"2",2896582,"1",
"980000",15194,"3",2896582,"1",
"980000",18867,"4",2896582,"1",
"980000",951,"5",2896582,"1",
"980070",18577,"1",2896582,"1",
"980070",22773,"2",2896582,"1",
"980070",15794,"3",2896582,"1",
"980070",19467,"4",2896582,"1",
"980070",1551,"5",2896582,"1",
"900000",17000,"1",2896591,"1",
"900000",17000,"2",2896591,"1",
"900000",17000,"3",2896591,"1",
"900000",17000,"4",2896591,"1",
"900000",17000,"5",2896591,"1",
"900210",6000,"1",2896591,"1",
"900210",6000,"2",2896591,"1",
"900210",6000,"3",2896591,"1",
"900210",6000,"4",2896591,"1",
"900210",6000,"5",2896591,"1",
"980000",23000,"1",2896591,"1",
"980000",23000,"2",2896591,"1",
"980000",23000,"3",2896591,"1",
"980000",23000,"4",2896591,"1",
"980000",23000,"5",2896591,"1",
"980070",23525,"1",2896591,"1",
"980070",23525,"2",2896591,"1",
"980070",23525,"3",2896591,"1",
"980070",23525,"4",2896591,"1",
"980070",23525,"5",2896591,"1",
"900000",17000,"1",2896592,"1",
"900000",17000,"2",2896592,"1",
"900000",17000,"3",2896592,"1",
"900000",17000,"4",2896592,"1",
"900000",17000,"5",2896592,"1",
"900210",6000,"1",2896592,"1",
"900210",6000,"2",2896592,"1",
"900210",6000,"3",2896592,"1",
"900210",6000,"4",2896592,"1",
"900210",6000,"5",2896592,"1",
"980000",23000,"1",2896592,"1",
"980000",23000,"2",2896592,"1",
"980000",23000,"3",2896592,"1",
"980000",23000,"4",2896592,"1",
"980000",23000,"5",2896592,"1",
"980070",23525,"1",2896592,"1",
"980070",23525,"2",2896592,"1",
"980070",23525,"3",2896592,"1",
"980070",23525,"4",2896592,"1",
"980070",23525,"5",2896592,"1",
"900090",14160,"1",2896651,"1",
"900090",14160,"2",2896651,"1",
"900090",14160,"3",2896651,"1",
"900090",14160,"4",2896651,"1",
"900090",14160,"5",2896651,"1",
"980000",14160,"1",2896651,"1",
"980000",14160,"2",2896651,"1",
"980000",14160,"3",2896651,"1",
"980000",14160,"4",2896651,"1",
"980000",14160,"5",2896651,"1",
"980070",14160,"1",2896651,"1",
"980070",14160,"2",2896651,"1",
"980070",14160,"3",2896651,"1",
"980070",14160,"4",2896651,"1",
"980070",14160,"5",2896651,"1",
"900090",14160,"1",2896652,"1",
"900090",14160,"2",2896652,"1",
"900090",14160,"3",2896652,"1",
"900090",14160,"4",2896652,"1",
"900090",14160,"5",2896652,"1",
"980000",14160,"1",2896652,"1",
"980000",14160,"2",2896652,"1",
"980000",14160,"3",2896652,"1",
"980000",14160,"4",2896652,"1",
"980000",14160,"5",2896652,"1",
"980070",14160,"1",2896652,"1",
"980070",14160,"2",2896652,"1",
"980070",14160,"3",2896652,"1",
"980070",14160,"4",2896652,"1",
"980070",14160,"5",2896652,"1",
"900000",205487,"1",2896671,"1","T"
"900000",205487,"2",2896671,"1","T"
"900000",205487,"3",2896671,"1","T"
"900000",205487,"4",2896671,"1","T"
"900000",205487,"5",2896671,"1","T"
"900180",1210,"1",2896671,"1",
"900180",1277,"2",2896671,"1",
"900180",1175,"3",2896671,"1",
"900180",1098,"4",2896671,"1",
"900180",1170,"5",2896671,"1",
"980000",206673,"1",2896671,"1","T"
"980000",206673,"2",2896671,"1","T"
"980000",206673,"3",2896671,"1","T"
"980000",206673,"4",2896671,"1","T"
"980000",206673,"5",2896671,"1","T"
"980070",206673,"1",2896671,"1","T"
"980070",206673,"2",2896671,"1","T"
"980070",206673,"3",2896671,"1","T"
"980070",206673,"4",2896671,"1","T"
"980070",206673,"5",2896671,"1","T"
"900000",205487,"1",2896672,"1","T"
"900000",205487,"2",2896672,"1","T"
"900000",205487,"3",2896672,"1","T"
"900000",205487,"4",2896672,"1","T"
"900000",205487,"5",2896672,"1","T"
"900180",1534,"1",2896672,"1",
"900180",1761,"2",2896672,"1",
"900180",1505,"3",2896672,"1",
"900180",1228,"4",2896672,"1",
"900180",1733,"5",2896672,"1",
"980000",207039,"1",2896672,"1","T"
"980000",207039,"2",2896672,"1","T"
"980000",207039,"3",2896672,"1","T"
"980000",207039,"4",2896672,"1","T"
"980000",207039,"5",2896672,"1","T"
"980070",207039,"1",2896672,"1","T"
"980070",207039,"2",2896672,"1","T"
"980070",207039,"3",2896672,"1","T"
"980070",207039,"4",2896672,"1","T"
"980070",207039,"5",2896672,"1","T"
"900030",23518,"1",2896691,"1",
"900030",23518,"2",2896691,"1",
"900030",23518,"3",2896691,"1",
"900030",23518,"4",2896691,"1",
"900030",23518,"5",2896691,"1",
"900170",14000,"1",2896691,"1",
"900170",14000,"2",2896691,"1",
"900170",14000,"3",2896691,"1",
"900170",14000,"4",2896691,"1",
"900170",14000,"5",2896691,"1",
"980000",37518,"1",2896691,"1",
"980000",37518,"2",2896691,"1",
"980000",37518,"3",2896691,"1",
"980000",37518,"4",2896691,"1",
"980000",37518,"5",2896691,"1",
"980070",37678,"1",2896691,"1",
"980070",37678,"2",2896691,"1",
"980070",37678,"3",2896691,"1",
"980070",37678,"4",2896691,"1",
"980070",37678,"5",2896691,"1",
"900030",23518,"1",2896692,"1",
"900030",23518,"2",2896692,"1",
"900030",23518,"3",2896692,"1",
"900030",23518,"4",2896692,"1",
"900030",23518,"5",2896692,"1",
"900170",14000,"1",2896692,"1",
"900170",14000,"2",2896692,"1",
"900170",14000,"3",2896692,"1",
"900170",14000,"4",2896692,"1",
"900170",14000,"5",2896692,"1",
"980000",37518,"1",2896692,"1",
"980000",37518,"2",2896692,"1",
"980000",37518,"3",2896692,"1",
"980000",37518,"4",2896692,"1",
"980000",37518,"5",2896692,"1",
"980070",37678,"1",2896692,"1",
"980070",37678,"2",2896692,"1",
"980070",37678,"3",2896692,"1",
"980070",37678,"4",2896692,"1",
"980070",37678,"5",2896692,"1",
"800940",3527,"1",2896711,"1",
"800940",6981,"2",2896711,"1",
"800940",6864,"3",2896711,"1",
"800940",2643,"4",2896711,"1",
"800940",5982,"5",2896711,"1",
"900000",76621,"1",2896711,"1",
"900000",76621,"2",2896711,"1",
"900000",76621,"3",2896711,"1",
"900000",76621,"4",2896711,"1",
"900000",76621,"5",2896711,"1",
"900160",11222,"1",2896711,"1",
"900160",33796,"2",2896711,"1",
"900160",33030,"3",2896711,"1",
"900160",5443,"4",2896711,"1",
"900160",27266,"5",2896711,"1",
"900180",3000,"1",2896711,"1",
"900180",3000,"2",2896711,"1",
"900180",3000,"3",2896711,"1",
"900180",3000,"4",2896711,"1",
"900180",3000,"5",2896711,"1",
"980000",90843,"1",2896711,"1",
"980000",113417,"2",2896711,"1",
"980000",112651,"3",2896711,"1",
"980000",85064,"4",2896711,"1",
"980000",106887,"5",2896711,"1",
"980070",110933,"1",2896711,"1","T"
"980070",110933,"2",2896711,"1","T"
"980070",110933,"3",2896711,"1","T"
"980070",110933,"4",2896711,"1","T"
"980070",110933,"5",2896711,"1","T"
"800940",10967,"1",2896712,"1","T"
"800940",10967,"2",2896712,"1","T"
"800940",10967,"3",2896712,"1","T"
"800940",10967,"4",2896712,"1","T"
"800940",10967,"5",2896712,"1","T"
"900000",76621,"1",2896712,"1",
"900000",76621,"2",2896712,"1",
"900000",76621,"3",2896712,"1",
"900000",76621,"4",2896712,"1",
"900000",76621,"5",2896712,"1",
"900160",24390,"1",2896712,"1",
"900160",7558,"2",2896712,"1",
"900160",102446,"3",2896712,"1",
"900160",110,"4",2896712,"1",
"900160",12000,"5",2896712,"1",
"900180",3000,"1",2896712,"1",
"900180",3000,"2",2896712,"1",
"900180",3000,"3",2896712,"1",
"900180",3000,"4",2896712,"1",
"900180",3000,"5",2896712,"1",
"980000",104011,"1",2896712,"1",
"980000",87179,"2",2896712,"1",
"980000",182067,"3",2896712,"1",
"980000",79731,"4",2896712,"1",
"980000",91621,"5",2896712,"1",
"980070",118083,"1",2896712,"1","T"
"980070",118083,"2",2896712,"1","T"
"980070",118083,"3",2896712,"1","T"
"980070",118083,"4",2896712,"1","T"
"980070",118083,"5",2896712,"1","T"
"900000",22000,"1",2896721,"1",
"900000",22000,"2",2896721,"1",
"900000",22000,"3",2896721,"1",
"900000",22000,"4",2896721,"1",
"900000",22000,"5",2896721,"1",
"900030",13200,"1",2896721,"1",
"900030",13200,"2",2896721,"1",
"900030",13200,"3",2896721,"1",
"900030",13200,"4",2896721,"1",
"900030",13200,"5",2896721,"1",
"980000",35200,"1",2896721,"1",
"980000",35200,"2",2896721,"1",
"980000",35200,"3",2896721,"1",
"980000",35200,"4",2896721,"1",
"980000",35200,"5",2896721,"1",
"980070",38040,"1",2896721,"1",
"980070",38040,"2",2896721,"1",
"980070",38040,"3",2896721,"1",
"980070",38040,"4",2896721,"1",
"980070",38040,"5",2896721,"1",
"900000",22000,"1",2896722,"1",
"900000",22000,"2",2896722,"1",
"900000",22000,"3",2896722,"1",
"900000",22000,"4",2896722,"1",
"900000",22000,"5",2896722,"1",
"900030",13200,"1",2896722,"1",
"900030",13200,"2",2896722,"1",
"900030",13200,"3",2896722,"1",
"900030",13200,"4",2896722,"1",
"900030",13200,"5",2896722,"1",
"980000",35200,"1",2896722,"1",
"980000",35200,"2",2896722,"1",
"980000",35200,"3",2896722,"1",
"980000",35200,"4",2896722,"1",
"980000",35200,"5",2896722,"1",
"980070",38040,"1",2896722,"1",
"980070",38040,"2",2896722,"1",
"980070",38040,"3",2896722,"1",
"980070",38040,"4",2896722,"1",
"980070",38040,"5",2896722,"1",
"900030",28462,"1",2896771,"1",
"900030",28462,"2",2896771,"1",
"900030",28462,"3",2896771,"1",
"900030",28462,"4",2896771,"1",
"900030",28462,"5",2896771,"1",
"900170",5040,"1",2896771,"1",
"900170",5040,"2",2896771,"1",
"900170",5040,"3",2896771,"1",
"900170",5040,"4",2896771,"1",
"900170",5040,"5",2896771,"1",
"980000",33502,"1",2896771,"1",
"980000",33502,"2",2896771,"1",
"980000",33502,"3",2896771,"1",
"980000",33502,"4",2896771,"1",
"980000",33502,"5",2896771,"1",
"980070",35118,"1",2896771,"1",
"980070",35118,"2",2896771,"1",
"980070",35118,"3",2896771,"1",
"980070",35118,"4",2896771,"1",
"980070",35118,"5",2896771,"1",
"900030",28462,"1",2896772,"1",
"900030",28462,"2",2896772,"1",
"900030",28462,"3",2896772,"1",
"900030",28462,"4",2896772,"1",
"900030",28462,"5",2896772,"1",
"900170",5040,"1",2896772,"1",
"900170",5040,"2",2896772,"1",
"900170",5040,"3",2896772,"1",
"900170",5040,"4",2896772,"1",
"900170",5040,"5",2896772,"1",
"980000",33502,"1",2896772,"1",
"980000",33502,"2",2896772,"1",
"980000",33502,"3",2896772,"1",
"980000",33502,"4",2896772,"1",
"980000",33502,"5",2896772,"1",
"980070",35118,"1",2896772,"1",
"980070",35118,"2",2896772,"1",
"980070",35118,"3",2896772,"1",
"980070",35118,"4",2896772,"1",
"980070",35118,"5",2896772,"1",
"900000",2800,"1",2896781,"1",
"900000",2800,"2",2896781,"1",
"900000",2800,"3",2896781,"1",
"900000",2800,"4",2896781,"1",
"900000",2800,"5",2896781,"1",
"900030",17400,"1",2896781,"1",
"900030",17400,"2",2896781,"1",
"900030",17400,"3",2896781,"1",
"900030",17400,"4",2896781,"1",
"900030",17400,"5",2896781,"1",
"900180",200,"1",2896781,"1",
"900180",200,"2",2896781,"1",
"900180",200,"3",2896781,"1",
"900180",200,"4",2896781,"1",
"900180",200,"5",2896781,"1",
"980000",20400,"1",2896781,"1",
"980000",20400,"2",2896781,"1",
"980000",20400,"3",2896781,"1",
"980000",20400,"4",2896781,"1",
"980000",20400,"5",2896781,"1",
"980070",24900,"1",2896781,"1",
"980070",24900,"2",2896781,"1",
"980070",24900,"3",2896781,"1",
"980070",24900,"4",2896781,"1",
"980070",24900,"5",2896781,"1",
"900000",2800,"1",2896782,"1",
"900000",2800,"2",2896782,"1",
"900000",2800,"3",2896782,"1",
"900000",2800,"4",2896782,"1",
"900000",2800,"5",2896782,"1",
"900030",17400,"1",2896782,"1",
"900030",17400,"2",2896782,"1",
"900030",17400,"3",2896782,"1",
"900030",17400,"4",2896782,"1",
"900030",17400,"5",2896782,"1",
"900180",200,"1",2896782,"1",
"900180",200,"2",2896782,"1",
"900180",200,"3",2896782,"1",
"900180",200,"4",2896782,"1",
"900180",200,"5",2896782,"1",
"980000",20400,"1",2896782,"1",
"980000",20400,"2",2896782,"1",
"980000",20400,"3",2896782,"1",
"980000",20400,"4",2896782,"1",
"980000",20400,"5",2896782,"1",
"980070",24900,"1",2896782,"1",
"980070",24900,"2",2896782,"1",
"980070",24900,"3",2896782,"1",
"980070",24900,"4",2896782,"1",
"980070",24900,"5",2896782,"1",
"900000",48456,"1",2896791,"1",
"900000",35718,"2",2896791,"1",
"900000",45817,"3",2896791,"1",
"900000",40859,"4",2896791,"1",
"900000",43172,"5",2896791,"1",
"900090",8590,"1",2896791,"1",
"900090",15180,"2",2896791,"1",
"900090",3870,"3",2896791,"1",
"900090",7981,"4",2896791,"1",
"900090",5273,"5",2896791,"1",
"980000",57046,"1",2896791,"1",
"980000",50898,"2",2896791,"1",
"980000",49687,"3",2896791,"1",
"980000",48840,"4",2896791,"1",
"980000",48445,"5",2896791,"1",
"980070",57046,"1",2896791,"1",
"980070",50898,"2",2896791,"1",
"980070",49687,"3",2896791,"1",
"980070",48840,"4",2896791,"1",
"980070",48445,"5",2896791,"1",
"900000",91520,"1",2896792,"1",
"900000",21144,"2",2896792,"1",
"900000",98972,"3",2896792,"1",
"900000",31084,"4",2896792,"1",
"900000",34608,"5",2896792,"1",
"900090",1500,"1",2896792,"1",
"900090",811,"2",2896792,"1",
"900090",145,"3",2896792,"1",
"900090",8752,"4",2896792,"1",
"900090",14726,"5",2896792,"1",
"980000",93020,"1",2896792,"1",
"980000",21955,"2",2896792,"1",
"980000",99117,"3",2896792,"1",
"980000",39836,"4",2896792,"1",
"980000",49334,"5",2896792,"1",
"980070",93020,"1",2896792,"1",
"980070",21955,"2",2896792,"1",
"980070",99117,"3",2896792,"1",
"980070",39836,"4",2896792,"1",
"980070",49334,"5",2896792,"1",
"900000",68000,"1",2896821,"1",
"900000",68000,"2",2896821,"1",
"900000",68000,"3",2896821,"1",
"900000",68000,"4",2896821,"1",
"900000",68000,"5",2896821,"1",
"980000",68000,"1",2896821,"1",
"980000",68000,"2",2896821,"1",
"980000",68000,"3",2896821,"1",
"980000",68000,"4",2896821,"1",
"980000",68000,"5",2896821,"1",
"980070",68000,"1",2896821,"1",
"980070",68000,"2",2896821,"1",
"980070",68000,"3",2896821,"1",
"980070",68000,"4",2896821,"1",
"980070",68000,"5",2896821,"1",
"900000",68000,"1",2896822,"1",
"900000",68000,"2",2896822,"1",
"900000",68000,"3",2896822,"1",
"900000",68000,"4",2896822,"1",
"900000",68000,"5",2896822,"1",
"980000",68000,"1",2896822,"1",
"980000",68000,"2",2896822,"1",
"980000",68000,"3",2896822,"1",
"980000",68000,"4",2896822,"1",
"980000",68000,"5",2896822,"1",
"980070",68000,"1",2896822,"1",
"980070",68000,"2",2896822,"1",
"980070",68000,"3",2896822,"1",
"980070",68000,"4",2896822,"1",
"980070",68000,"5",2896822,"1",
"900000",49000,"1",2896841,"1",
"900000",49000,"2",2896841,"1",
"900000",49000,"3",2896841,"1",
"900000",49000,"4",2896841,"1",
"900000",49000,"5",2896841,"1",
"980000",49000,"1",2896841,"1",
"980000",49000,"2",2896841,"1",
"980000",49000,"3",2896841,"1",
"980000",49000,"4",2896841,"1",
"980000",49000,"5",2896841,"1",
"980070",52250,"1",2896841,"1",
"980070",52250,"2",2896841,"1",
"980070",52250,"3",2896841,"1",
"980070",52250,"4",2896841,"1",
"980070",52250,"5",2896841,"1",
"900000",49000,"1",2896842,"1",
"900000",49000,"2",2896842,"1",
"900000",49000,"3",2896842,"1",
"900000",49000,"4",2896842,"1",
"900000",49000,"5",2896842,"1",
"980000",49000,"1",2896842,"1",
"980000",49000,"2",2896842,"1",
"980000",49000,"3",2896842,"1",
"980000",49000,"4",2896842,"1",
"980000",49000,"5",2896842,"1",
"980070",52250,"1",2896842,"1",
"980070",52250,"2",2896842,"1",
"980070",52250,"3",2896842,"1",
"980070",52250,"4",2896842,"1",
"980070",52250,"5",2896842,"1",
"900030",19391,"1",2896851,"1",
"900030",18647,"2",2896851,"1",
"900030",21359,"3",2896851,"1",
"900030",20219,"4",2896851,"1",
"900030",19043,"5",2896851,"1",
"900170",19858,"1",2896851,"1",
"900170",16528,"2",2896851,"1",
"900170",15431,"3",2896851,"1",
"900170",16895,"4",2896851,"1",
"900170",16428,"5",2896851,"1",
"980000",39249,"1",2896851,"1",
"980000",35175,"2",2896851,"1",
"980000",36790,"3",2896851,"1",
"980000",37114,"4",2896851,"1",
"980000",35471,"5",2896851,"1",
"980070",39249,"1",2896851,"1",
"980070",35175,"2",2896851,"1",
"980070",36790,"3",2896851,"1",
"980070",37114,"4",2896851,"1",
"980070",35471,"5",2896851,"1",
"900030",16883,"1",2896852,"1",
"900030",18611,"2",2896852,"1",
"900030",18431,"3",2896852,"1",
"900030",19883,"4",2896852,"1",
"900030",19055,"5",2896852,"1",
"900170",16829,"1",2896852,"1",
"900170",17364,"2",2896852,"1",
"900170",19202,"3",2896852,"1",
"900170",15154,"4",2896852,"1",
"900170",15000,"5",2896852,"1",
"980000",33712,"1",2896852,"1",
"980000",35975,"2",2896852,"1",
"980000",37633,"3",2896852,"1",
"980000",35037,"4",2896852,"1",
"980000",34055,"5",2896852,"1",
"980070",33712,"1",2896852,"1",
"980070",35975,"2",2896852,"1",
"980070",37633,"3",2896852,"1",
"980070",35037,"4",2896852,"1",
"980070",34055,"5",2896852,"1",
"900030",25259,"1",2896921,"1",
"900030",25259,"2",2896921,"1",
"900030",25259,"3",2896921,"1",
"900030",25259,"4",2896921,"1",
"900030",25259,"5",2896921,"1",
"900160",34425,"1",2896921,"1",
"900160",32945,"2",2896921,"1",
"900160",31062,"3",2896921,"1",
"900160",32448,"4",2896921,"1",
"900160",31417,"5",2896921,"1",
"900170",7669,"1",2896921,"1",
"900170",33022,"2",2896921,"1",
"900170",27266,"3",2896921,"1",
"900170",75684,"4",2896921,"1",
"900170",22842,"5",2896921,"1",
"900180",114,"1",2896921,"1",
"900180",1547,"2",2896921,"1",
"900180",3564,"3",2896921,"1",
"900180",144,"4",2896921,"1",
"900180",3025,"5",2896921,"1",
"980000",67467,"1",2896921,"1",
"980000",92773,"2",2896921,"1",
"980000",87151,"3",2896921,"1",
"980000",133535,"4",2896921,"1",
"980000",82543,"5",2896921,"1",
"980070",67467,"1",2896921,"1",
"980070",92773,"2",2896921,"1",
"980070",87151,"3",2896921,"1",
"980070",133535,"4",2896921,"1",
"980070",82543,"5",2896921,"1",
"900030",25259,"1",2896922,"1",
"900030",25259,"2",2896922,"1",
"900030",25259,"3",2896922,"1",
"900030",25259,"4",2896922,"1",
"900030",25259,"5",2896922,"1",
"900160",34539,"1",2896922,"1",
"900160",32477,"2",2896922,"1",
"900160",31427,"3",2896922,"1",
"900160",37344,"4",2896922,"1",
"900160",30660,"5",2896922,"1",
"900170",71786,"1",2896922,"1","T"
"900170",71786,"2",2896922,"1","T"
"900170",71786,"3",2896922,"1","T"
"900170",71786,"4",2896922,"1","T"
"900170",71786,"5",2896922,"1","T"
"900180",346,"1",2896922,"1",
"900180",103,"2",2896922,"1",
"900180",1549,"3",2896922,"1",
"900180",50,"4",2896922,"1",
"900180",20404,"5",2896922,"1",
"980000",134825,"1",2896922,"1","T"
"980000",134825,"2",2896922,"1","T"
"980000",134825,"3",2896922,"1","T"
"980000",134825,"4",2896922,"1","T"
"980000",134825,"5",2896922,"1","T"
"980070",134825,"1",2896922,"1","T"
"980070",134825,"2",2896922,"1","T"
"980070",134825,"3",2896922,"1","T"
"980070",134825,"4",2896922,"1","T"
"980070",134825,"5",2896922,"1","T"
"900000",92000,"1",2896931,"1",
"900000",92000,"2",2896931,"1",
"900000",92000,"3",2896931,"1",
"900000",92000,"4",2896931,"1",
"900000",92000,"5",2896931,"1",
"980000",92000,"1",2896931,"1",
"980000",92000,"2",2896931,"1",
"980000",92000,"3",2896931,"1",
"980000",92000,"4",2896931,"1",
"980000",92000,"5",2896931,"1",
"980070",95150,"1",2896931,"1",
"980070",95150,"2",2896931,"1",
"980070",95150,"3",2896931,"1",
"980070",95150,"4",2896931,"1",
"980070",95150,"5",2896931,"1",
"900000",92000,"1",2896932,"1",
"900000",92000,"2",2896932,"1",
"900000",92000,"3",2896932,"1",
"900000",92000,"4",2896932,"1",
"900000",92000,"5",2896932,"1",
"980000",92000,"1",2896932,"1",
"980000",92000,"2",2896932,"1",
"980000",92000,"3",2896932,"1",
"980000",92000,"4",2896932,"1",
"980000",92000,"5",2896932,"1",
"980070",95150,"1",2896932,"1",
"980070",95150,"2",2896932,"1",
"980070",95150,"3",2896932,"1",
"980070",95150,"4",2896932,"1",
"980070",95150,"5",2896932,"1",
"800940",21935,"1",2896961,"1","T"
"800940",21935,"2",2896961,"1","T"
"800940",21935,"3",2896961,"1","T"
"800940",21935,"4",2896961,"1","T"
"800940",21935,"5",2896961,"1","T"
"900000",143000,"1",2896961,"1",
"900000",143000,"2",2896961,"1",
"900000",143000,"3",2896961,"1",
"900000",143000,"4",2896961,"1",
"900000",143000,"5",2896961,"1",
"900160",10531,"1",2896961,"1",
"900160",92656,"2",2896961,"1",
"900160",33455,"3",2896961,"1",
"900160",22903,"4",2896961,"1",
"900160",50047,"5",2896961,"1",
"900170",46000,"1",2896961,"1",
"900170",46000,"2",2896961,"1",
"900170",46000,"3",2896961,"1",
"900170",46000,"4",2896961,"1",
"900170",46000,"5",2896961,"1",
"900180",500,"1",2896961,"1",
"900180",500,"2",2896961,"1",
"900180",500,"3",2896961,"1",
"900180",500,"4",2896961,"1",
"900180",500,"5",2896961,"1",
"900200",1000,"1",2896961,"1",
"900200",1000,"2",2896961,"1",
"900200",1000,"3",2896961,"1",
"900200",1000,"4",2896961,"1",
"900200",1000,"5",2896961,"1",
"980000",201031,"1",2896961,"1",
"980000",283156,"2",2896961,"1",
"980000",223955,"3",2896961,"1",
"980000",213403,"4",2896961,"1",
"980000",240547,"5",2896961,"1",
"980070",195131,"1",2896961,"1",
"980070",277256,"2",2896961,"1",
"980070",218055,"3",2896961,"1",
"980070",207503,"4",2896961,"1",
"980070",234647,"5",2896961,"1",
"800940",21935,"1",2896962,"1","T"
"800940",21935,"2",2896962,"1","T"
"800940",21935,"3",2896962,"1","T"
"800940",21935,"4",2896962,"1","T"
"800940",21935,"5",2896962,"1","T"
"900000",143000,"1",2896962,"1",
"900000",143000,"2",2896962,"1",
"900000",143000,"3",2896962,"1",
"900000",143000,"4",2896962,"1",
"900000",143000,"5",2896962,"1",
"900160",37488,"1",2896962,"1",
"900160",71304,"2",2896962,"1",
"900160",34749,"3",2896962,"1",
"900160",65413,"4",2896962,"1",
"900160",79916,"5",2896962,"1",
"900170",46000,"1",2896962,"1",
"900170",46000,"2",2896962,"1",
"900170",46000,"3",2896962,"1",
"900170",46000,"4",2896962,"1",
"900170",46000,"5",2896962,"1",
"900180",500,"1",2896962,"1",
"900180",500,"2",2896962,"1",
"900180",500,"3",2896962,"1",
"900180",500,"4",2896962,"1",
"900180",500,"5",2896962,"1",
"900200",1000,"1",2896962,"1",
"900200",1000,"2",2896962,"1",
"900200",1000,"3",2896962,"1",
"900200",1000,"4",2896962,"1",
"900200",1000,"5",2896962,"1",
"980000",227988,"1",2896962,"1",
"980000",261804,"2",2896962,"1",
"980000",225249,"3",2896962,"1",
"980000",255913,"4",2896962,"1",
"980000",270416,"5",2896962,"1",
"980070",222088,"1",2896962,"1",
"980070",255904,"2",2896962,"1",
"980070",219349,"3",2896962,"1",
"980070",250013,"4",2896962,"1",
"980070",264516,"5",2896962,"1",
"900000",16562,"1",2896971,"1",
"900000",15262,"2",2896971,"1",
"900000",36331,"3",2896971,"1",
"900000",7252,"4",2896971,"1",
"900000",6544,"5",2896971,"1",
"980000",16562,"1",2896971,"1",
"980000",15262,"2",2896971,"1",
"980000",36331,"3",2896971,"1",
"980000",7252,"4",2896971,"1",
"980000",6544,"5",2896971,"1",
"980070",16562,"1",2896971,"1",
"980070",15262,"2",2896971,"1",
"980070",36331,"3",2896971,"1",
"980070",7252,"4",2896971,"1",
"980070",6544,"5",2896971,"1",
"900000",44528,"1",2896972,"1",
"900000",65310,"2",2896972,"1",
"900000",4857,"3",2896972,"1",
"900000",41919,"4",2896972,"1",
"900000",36651,"5",2896972,"1",
"980000",44528,"1",2896972,"1",
"980000",65310,"2",2896972,"1",
"980000",4857,"3",2896972,"1",
"980000",41919,"4",2896972,"1",
"980000",36651,"5",2896972,"1",
"980070",44528,"1",2896972,"1",
"980070",65310,"2",2896972,"1",
"980070",4857,"3",2896972,"1",
"980070",41919,"4",2896972,"1",
"980070",36651,"5",2896972,"1",
"900000",64000,"1",2897001,"1",
"900000",64000,"2",2897001,"1",
"900000",64000,"3",2897001,"1",
"900000",64000,"4",2897001,"1",
"900000",64000,"5",2897001,"1",
"980000",64000,"1",2897001,"1",
"980000",64000,"2",2897001,"1",
"980000",64000,"3",2897001,"1",
"980000",64000,"4",2897001,"1",
"980000",64000,"5",2897001,"1",
"980070",64300,"1",2897001,"1",
"980070",64300,"2",2897001,"1",
"980070",64300,"3",2897001,"1",
"980070",64300,"4",2897001,"1",
"980070",64300,"5",2897001,"1",
"900000",64000,"1",2897002,"1",
"900000",64000,"2",2897002,"1",
"900000",64000,"3",2897002,"1",
"900000",64000,"4",2897002,"1",
"900000",64000,"5",2897002,"1",
"980000",64000,"1",2897002,"1",
"980000",64000,"2",2897002,"1",
"980000",64000,"3",2897002,"1",
"980000",64000,"4",2897002,"1",
"980000",64000,"5",2897002,"1",
"980070",64300,"1",2897002,"1",
"980070",64300,"2",2897002,"1",
"980070",64300,"3",2897002,"1",
"980070",64300,"4",2897002,"1",
"980070",64300,"5",2897002,"1",
"900030",13259,"1",2897011,"1",
"900030",13259,"2",2897011,"1",
"900030",13259,"3",2897011,"1",
"900030",13259,"4",2897011,"1",
"900030",13259,"5",2897011,"1",
"900170",12000,"1",2897011,"1",
"900170",12000,"2",2897011,"1",
"900170",12000,"3",2897011,"1",
"900170",12000,"4",2897011,"1",
"900170",12000,"5",2897011,"1",
"980000",25259,"1",2897011,"1",
"980000",25259,"2",2897011,"1",
"980000",25259,"3",2897011,"1",
"980000",25259,"4",2897011,"1",
"980000",25259,"5",2897011,"1",
"980070",25259,"1",2897011,"1",
"980070",25259,"2",2897011,"1",
"980070",25259,"3",2897011,"1",
"980070",25259,"4",2897011,"1",
"980070",25259,"5",2897011,"1",
"900030",13259,"1",2897012,"1",
"900030",13259,"2",2897012,"1",
"900030",13259,"3",2897012,"1",
"900030",13259,"4",2897012,"1",
"900030",13259,"5",2897012,"1",
"900170",12000,"1",2897012,"1",
"900170",12000,"2",2897012,"1",
"900170",12000,"3",2897012,"1",
"900170",12000,"4",2897012,"1",
"900170",12000,"5",2897012,"1",
"980000",25259,"1",2897012,"1",
"980000",25259,"2",2897012,"1",
"980000",25259,"3",2897012,"1",
"980000",25259,"4",2897012,"1",
"980000",25259,"5",2897012,"1",
"980070",25259,"1",2897012,"1",
"980070",25259,"2",2897012,"1",
"980070",25259,"3",2897012,"1",
"980070",25259,"4",2897012,"1",
"980070",25259,"5",2897012,"1",
"900000",90000,"1",2897021,"1",
"900000",90000,"2",2897021,"1",
"900000",90000,"3",2897021,"1",
"900000",90000,"4",2897021,"1",
"900000",90000,"5",2897021,"1",
"980000",90000,"1",2897021,"1",
"980000",90000,"2",2897021,"1",
"980000",90000,"3",2897021,"1",
"980000",90000,"4",2897021,"1",
"980000",90000,"5",2897021,"1",
"980070",90600,"1",2897021,"1",
"980070",90600,"2",2897021,"1",
"980070",90600,"3",2897021,"1",
"980070",90600,"4",2897021,"1",
"980070",90600,"5",2897021,"1",
"900000",90000,"1",2897022,"1",
"900000",90000,"2",2897022,"1",
"900000",90000,"3",2897022,"1",
"900000",90000,"4",2897022,"1",
"900000",90000,"5",2897022,"1",
"980000",90000,"1",2897022,"1",
"980000",90000,"2",2897022,"1",
"980000",90000,"3",2897022,"1",
"980000",90000,"4",2897022,"1",
"980000",90000,"5",2897022,"1",
"980070",90600,"1",2897022,"1",
"980070",90600,"2",2897022,"1",
"980070",90600,"3",2897022,"1",
"980070",90600,"4",2897022,"1",
"980070",90600,"5",2897022,"1",
"900140",21000,"1",2897071,"1",
"900140",21000,"2",2897071,"1",
"900140",21000,"3",2897071,"1",
"900140",21000,"4",2897071,"1",
"900140",21000,"5",2897071,"1",
"900160",85000,"1",2897071,"1",
"900160",85000,"2",2897071,"1",
"900160",85000,"3",2897071,"1",
"900160",85000,"4",2897071,"1",
"900160",85000,"5",2897071,"1",
"900170",3994,"1",2897071,"1",
"900170",3673,"2",2897071,"1",
"900170",3188,"3",2897071,"1",
"900170",3073,"4",2897071,"1",
"900170",3325,"5",2897071,"1",
"900180",10000,"1",2897071,"1",
"900180",10000,"2",2897071,"1",
"900180",10000,"3",2897071,"1",
"900180",10000,"4",2897071,"1",
"900180",10000,"5",2897071,"1",
"900200",4500,"1",2897071,"1",
"900200",4500,"2",2897071,"1",
"900200",4500,"3",2897071,"1",
"900200",4500,"4",2897071,"1",
"900200",4500,"5",2897071,"1",
"980000",124494,"1",2897071,"1",
"980000",124173,"2",2897071,"1",
"980000",123688,"3",2897071,"1",
"980000",123573,"4",2897071,"1",
"980000",123825,"5",2897071,"1",
"980070",130112,"1",2897071,"1","T"
"980070",130112,"2",2897071,"1","T"
"980070",130112,"3",2897071,"1","T"
"980070",130112,"4",2897071,"1","T"
"980070",130112,"5",2897071,"1","T"
"900140",21000,"1",2897072,"1",
"900140",21000,"2",2897072,"1",
"900140",21000,"3",2897072,"1",
"900140",21000,"4",2897072,"1",
"900140",21000,"5",2897072,"1",
"900160",85000,"1",2897072,"1",
"900160",85000,"2",2897072,"1",
"900160",85000,"3",2897072,"1",
"900160",85000,"4",2897072,"1",
"900160",85000,"5",2897072,"1",
"900170",3037,"1",2897072,"1",
"900170",3590,"2",2897072,"1",
"900170",3709,"3",2897072,"1",
"900170",3714,"4",2897072,"1",
"900170",3040,"5",2897072,"1",
"900180",10000,"1",2897072,"1",
"900180",10000,"2",2897072,"1",
"900180",10000,"3",2897072,"1",
"900180",10000,"4",2897072,"1",
"900180",10000,"5",2897072,"1",
"900200",4500,"1",2897072,"1",
"900200",4500,"2",2897072,"1",
"900200",4500,"3",2897072,"1",
"900200",4500,"4",2897072,"1",
"900200",4500,"5",2897072,"1",
"980000",123537,"1",2897072,"1",
"980000",124090,"2",2897072,"1",
"980000",124209,"3",2897072,"1",
"980000",124214,"4",2897072,"1",
"980000",123540,"5",2897072,"1",
"980070",130079,"1",2897072,"1","T"
"980070",130079,"2",2897072,"1","T"
"980070",130079,"3",2897072,"1","T"
"980070",130079,"4",2897072,"1","T"
"980070",130079,"5",2897072,"1","T"
"900000",48393,"1",2897091,"1",
"900000",24014,"2",2897091,"1",
"900000",65728,"3",2897091,"1",
"900000",73604,"4",2897091,"1",
"900000",31647,"5",2897091,"1",
"980000",48393,"1",2897091,"1",
"980000",24014,"2",2897091,"1",
"980000",65728,"3",2897091,"1",
"980000",73604,"4",2897091,"1",
"980000",31647,"5",2897091,"1",
"980070",48393,"1",2897091,"1",
"980070",24014,"2",2897091,"1",
"980070",65728,"3",2897091,"1",
"980070",73604,"4",2897091,"1",
"980070",31647,"5",2897091,"1",
"900000",45140,"1",2897092,"1",
"900000",44162,"2",2897092,"1",
"900000",54704,"3",2897092,"1",
"900000",68812,"4",2897092,"1",
"900000",22629,"5",2897092,"1",
"980000",45140,"1",2897092,"1",
"980000",44162,"2",2897092,"1",
"980000",54704,"3",2897092,"1",
"980000",68812,"4",2897092,"1",
"980000",22629,"5",2897092,"1",
"980070",45140,"1",2897092,"1",
"980070",44162,"2",2897092,"1",
"980070",54704,"3",2897092,"1",
"980070",68812,"4",2897092,"1",
"980070",22629,"5",2897092,"1",
"900000",59000,"1",2897121,"1",
"900000",59000,"2",2897121,"1",
"900000",59000,"3",2897121,"1",
"900000",59000,"4",2897121,"1",
"900000",59000,"5",2897121,"1",
"900030",25572,"1",2897121,"1",
"900030",25848,"2",2897121,"1",
"900030",20688,"3",2897121,"1",
"900030",21444,"4",2897121,"1",
"900030",25752,"5",2897121,"1",
"980000",84572,"1",2897121,"1",
"980000",84848,"2",2897121,"1",
"980000",79688,"3",2897121,"1",
"980000",80444,"4",2897121,"1",
"980000",84752,"5",2897121,"1",
"980070",84572,"1",2897121,"1",
"980070",84848,"2",2897121,"1",
"980070",79688,"3",2897121,"1",
"980070",80444,"4",2897121,"1",
"980070",84752,"5",2897121,"1",
"900000",59000,"1",2897122,"1",
"900000",59000,"2",2897122,"1",
"900000",59000,"3",2897122,"1",
"900000",59000,"4",2897122,"1",
"900000",59000,"5",2897122,"1",
"900030",20868,"1",2897122,"1",
"900030",23556,"2",2897122,"1",
"900030",25800,"3",2897122,"1",
"900030",21804,"4",2897122,"1",
"900030",21888,"5",2897122,"1",
"980000",79868,"1",2897122,"1",
"980000",82556,"2",2897122,"1",
"980000",84800,"3",2897122,"1",
"980000",80804,"4",2897122,"1",
"980000",80888,"5",2897122,"1",
"980070",79868,"1",2897122,"1",
"980070",82556,"2",2897122,"1",
"980070",84800,"3",2897122,"1",
"980070",80804,"4",2897122,"1",
"980070",80888,"5",2897122,"1",
"900000",62000,"1",2897141,"1",
"900000",62000,"2",2897141,"1",
"900000",62000,"3",2897141,"1",
"900000",62000,"4",2897141,"1",
"900000",62000,"5",2897141,"1",
"900030",10357,"1",2897141,"1",
"900030",10357,"2",2897141,"1",
"900030",10357,"3",2897141,"1",
"900030",10357,"4",2897141,"1",
"900030",10357,"5",2897141,"1",
"980000",72357,"1",2897141,"1",
"980000",72357,"2",2897141,"1",
"980000",72357,"3",2897141,"1",
"980000",72357,"4",2897141,"1",
"980000",72357,"5",2897141,"1",
"980070",72357,"1",2897141,"1",
"980070",72357,"2",2897141,"1",
"980070",72357,"3",2897141,"1",
"980070",72357,"4",2897141,"1",
"980070",72357,"5",2897141,"1",
"900000",62000,"1",2897142,"1",
"900000",62000,"2",2897142,"1",
"900000",62000,"3",2897142,"1",
"900000",62000,"4",2897142,"1",
"900000",62000,"5",2897142,"1",
"900030",10357,"1",2897142,"1",
"900030",10357,"2",2897142,"1",
"900030",10357,"3",2897142,"1",
"900030",10357,"4",2897142,"1",
"900030",10357,"5",2897142,"1",
"980000",72357,"1",2897142,"1",
"980000",72357,"2",2897142,"1",
"980000",72357,"3",2897142,"1",
"980000",72357,"4",2897142,"1",
"980000",72357,"5",2897142,"1",
"980070",72357,"1",2897142,"1",
"980070",72357,"2",2897142,"1",
"980070",72357,"3",2897142,"1",
"980070",72357,"4",2897142,"1",
"980070",72357,"5",2897142,"1",
"900120",12000,"1",2897151,"1",
"900120",12000,"2",2897151,"1",
"900120",12000,"3",2897151,"1",
"900120",12000,"4",2897151,"1",
"900120",12000,"5",2897151,"1",
"900150",9888,"1",2897151,"1",
"900150",9888,"2",2897151,"1",
"900150",9888,"3",2897151,"1",
"900150",9888,"4",2897151,"1",
"900150",9888,"5",2897151,"1",
"980000",21888,"1",2897151,"1",
"980000",21888,"2",2897151,"1",
"980000",21888,"3",2897151,"1",
"980000",21888,"4",2897151,"1",
"980000",21888,"5",2897151,"1",
"980070",21888,"1",2897151,"1",
"980070",21888,"2",2897151,"1",
"980070",21888,"3",2897151,"1",
"980070",21888,"4",2897151,"1",
"980070",21888,"5",2897151,"1",
"900120",12000,"1",2897152,"1",
"900120",12000,"2",2897152,"1",
"900120",12000,"3",2897152,"1",
"900120",12000,"4",2897152,"1",
"900120",12000,"5",2897152,"1",
"900150",9888,"1",2897152,"1",
"900150",9888,"2",2897152,"1",
"900150",9888,"3",2897152,"1",
"900150",9888,"4",2897152,"1",
"900150",9888,"5",2897152,"1",
"980000",21888,"1",2897152,"1",
"980000",21888,"2",2897152,"1",
"980000",21888,"3",2897152,"1",
"980000",21888,"4",2897152,"1",
"980000",21888,"5",2897152,"1",
"980070",21888,"1",2897152,"1",
"980070",21888,"2",2897152,"1",
"980070",21888,"3",2897152,"1",
"980070",21888,"4",2897152,"1",
"980070",21888,"5",2897152,"1",
"900000",152000,"1",2897171,"1",
"900000",152000,"2",2897171,"1",
"900000",152000,"3",2897171,"1",
"900000",152000,"4",2897171,"1",
"900000",152000,"5",2897171,"1",
"980000",152000,"1",2897171,"1",
"980000",152000,"2",2897171,"1",
"980000",152000,"3",2897171,"1",
"980000",152000,"4",2897171,"1",
"980000",152000,"5",2897171,"1",
"980070",152000,"1",2897171,"1",
"980070",152000,"2",2897171,"1",
"980070",152000,"3",2897171,"1",
"980070",152000,"4",2897171,"1",
"980070",152000,"5",2897171,"1",
"900000",152000,"1",2897172,"1",
"900000",152000,"2",2897172,"1",
"900000",152000,"3",2897172,"1",
"900000",152000,"4",2897172,"1",
"900000",152000,"5",2897172,"1",
"980000",152000,"1",2897172,"1",
"980000",152000,"2",2897172,"1",
"980000",152000,"3",2897172,"1",
"980000",152000,"4",2897172,"1",
"980000",152000,"5",2897172,"1",
"980070",152000,"1",2897172,"1",
"980070",152000,"2",2897172,"1",
"980070",152000,"3",2897172,"1",
"980070",152000,"4",2897172,"1",
"980070",152000,"5",2897172,"1",
"900000",75771,"1",2897191,"1",
"900000",86609,"2",2897191,"1",
"900000",81682,"3",2897191,"1",
"900000",85676,"4",2897191,"1",
"900000",84142,"5",2897191,"1",
"900030",2999,"1",2897191,"1",
"900030",2999,"2",2897191,"1",
"900030",2999,"3",2897191,"1",
"900030",2999,"4",2897191,"1",
"900030",2999,"5",2897191,"1",
"980000",78770,"1",2897191,"1",
"980000",89608,"2",2897191,"1",
"980000",84681,"3",2897191,"1",
"980000",88675,"4",2897191,"1",
"980000",87141,"5",2897191,"1",
"980070",80340,"1",2897191,"1",
"980070",91178,"2",2897191,"1",
"980070",86251,"3",2897191,"1",
"980070",90245,"4",2897191,"1",
"980070",88711,"5",2897191,"1",
"900000",83231,"1",2897192,"1",
"900000",93582,"2",2897192,"1",
"900000",70706,"3",2897192,"1",
"900000",78162,"4",2897192,"1",
"900000",84400,"5",2897192,"1",
"900030",2999,"1",2897192,"1",
"900030",2999,"2",2897192,"1",
"900030",2999,"3",2897192,"1",
"900030",2999,"4",2897192,"1",
"900030",2999,"5",2897192,"1",
"980000",86230,"1",2897192,"1",
"980000",96581,"2",2897192,"1",
"980000",73705,"3",2897192,"1",
"980000",81161,"4",2897192,"1",
"980000",87399,"5",2897192,"1",
"980070",87800,"1",2897192,"1",
"980070",98151,"2",2897192,"1",
"980070",75275,"3",2897192,"1",
"980070",82731,"4",2897192,"1",
"980070",88969,"5",2897192,"1",
"900030",20340,"1",2897221,"1",
"900030",20340,"2",2897221,"1",
"900030",20340,"3",2897221,"1",
"900030",20340,"4",2897221,"1",
"900030",20340,"5",2897221,"1",
"980000",20340,"1",2897221,"1",
"980000",20340,"2",2897221,"1",
"980000",20340,"3",2897221,"1",
"980000",20340,"4",2897221,"1",
"980000",20340,"5",2897221,"1",
"980070",20340,"1",2897221,"1",
"980070",20340,"2",2897221,"1",
"980070",20340,"3",2897221,"1",
"980070",20340,"4",2897221,"1",
"980070",20340,"5",2897221,"1",
"900030",20340,"1",2897222,"1",
"900030",20340,"2",2897222,"1",
"900030",20340,"3",2897222,"1",
"900030",20340,"4",2897222,"1",
"900030",20340,"5",2897222,"1",
"980000",20340,"1",2897222,"1",
"980000",20340,"2",2897222,"1",
"980000",20340,"3",2897222,"1",
"980000",20340,"4",2897222,"1",
"980000",20340,"5",2897222,"1",
"980070",20340,"1",2897222,"1",
"980070",20340,"2",2897222,"1",
"980070",20340,"3",2897222,"1",
"980070",20340,"4",2897222,"1",
"980070",20340,"5",2897222,"1",
"900000",39968,"1",2897291,"1",
"900000",39963,"2",2897291,"1",
"900000",47359,"3",2897291,"1",
"900000",47162,"4",2897291,"1",
"900000",48397,"5",2897291,"1",
"900030",24298,"1",2897291,"1",
"900030",24298,"2",2897291,"1",
"900030",24298,"3",2897291,"1",
"900030",24298,"4",2897291,"1",
"900030",24298,"5",2897291,"1",
"900210",2600,"1",2897291,"1",
"900210",2600,"2",2897291,"1",
"900210",2600,"3",2897291,"1",
"900210",2600,"4",2897291,"1",
"900210",2600,"5",2897291,"1",
"980000",66866,"1",2897291,"1",
"980000",66861,"2",2897291,"1",
"980000",74257,"3",2897291,"1",
"980000",74060,"4",2897291,"1",
"980000",75295,"5",2897291,"1",
"980070",75966,"1",2897291,"1",
"980070",75961,"2",2897291,"1",
"980070",83357,"3",2897291,"1",
"980070",83160,"4",2897291,"1",
"980070",84395,"5",2897291,"1",
"900000",39132,"1",2897292,"1",
"900000",41308,"2",2897292,"1",
"900000",46980,"3",2897292,"1",
"900000",41400,"4",2897292,"1",
"900000",42104,"5",2897292,"1",
"900030",24298,"1",2897292,"1",
"900030",24298,"2",2897292,"1",
"900030",24298,"3",2897292,"1",
"900030",24298,"4",2897292,"1",
"900030",24298,"5",2897292,"1",
"900210",2600,"1",2897292,"1",
"900210",2600,"2",2897292,"1",
"900210",2600,"3",2897292,"1",
"900210",2600,"4",2897292,"1",
"900210",2600,"5",2897292,"1",
"980000",66030,"1",2897292,"1",
"980000",68206,"2",2897292,"1",
"980000",73878,"3",2897292,"1",
"980000",68298,"4",2897292,"1",
"980000",69002,"5",2897292,"1",
"980070",75130,"1",2897292,"1",
"980070",77306,"2",2897292,"1",
"980070",82978,"3",2897292,"1",
"980070",77398,"4",2897292,"1",
"980070",78102,"5",2897292,"1",
"900000",14838,"1",2897311,"1",
"900000",13187,"2",2897311,"1",
"900000",7242,"3",2897311,"1",
"900000",4093,"4",2897311,"1",
"900000",15247,"5",2897311,"1",
"900030",21396,"1",2897311,"1",
"900030",21396,"2",2897311,"1",
"900030",21396,"3",2897311,"1",
"900030",21396,"4",2897311,"1",
"900030",21396,"5",2897311,"1",
"980000",36234,"1",2897311,"1",
"980000",34583,"2",2897311,"1",
"980000",28638,"3",2897311,"1",
"980000",25489,"4",2897311,"1",
"980000",36643,"5",2897311,"1",
"980070",36355,"1",2897311,"1",
"980070",34704,"2",2897311,"1",
"980070",28759,"3",2897311,"1",
"980070",25610,"4",2897311,"1",
"980070",36764,"5",2897311,"1",
"900000",2182,"1",2897312,"1",
"900000",28466,"2",2897312,"1",
"900000",15000,"3",2897312,"1",
"900000",26858,"4",2897312,"1",
"900000",15960,"5",2897312,"1",
"900030",21396,"1",2897312,"1",
"900030",21396,"2",2897312,"1",
"900030",21396,"3",2897312,"1",
"900030",21396,"4",2897312,"1",
"900030",21396,"5",2897312,"1",
"980000",23578,"1",2897312,"1",
"980000",49862,"2",2897312,"1",
"980000",36396,"3",2897312,"1",
"980000",48254,"4",2897312,"1",
"980000",37356,"5",2897312,"1",
"980070",23699,"1",2897312,"1",
"980070",49983,"2",2897312,"1",
"980070",36517,"3",2897312,"1",
"980070",48375,"4",2897312,"1",
"980070",37477,"5",2897312,"1",
"800940",6830,"1",2897331,"1",
"800940",3930,"2",2897331,"1",
"800940",1970,"3",2897331,"1",
"800940",5582,"4",2897331,"1",
"800940",5706,"5",2897331,"1",
"900000",42571,"1",2897331,"1",
"900000",37445,"2",2897331,"1",
"900000",36624,"3",2897331,"1",
"900000",40693,"4",2897331,"1",
"900000",35859,"5",2897331,"1",
"900030",45562,"1",2897331,"1",
"900030",45562,"2",2897331,"1",
"900030",45562,"3",2897331,"1",
"900030",45562,"4",2897331,"1",
"900030",45562,"5",2897331,"1",
"900160",32638,"1",2897331,"1",
"900160",13688,"2",2897331,"1",
"900160",875,"3",2897331,"1",
"900160",24484,"4",2897331,"1",
"900160",25291,"5",2897331,"1",
"980000",120771,"1",2897331,"1",
"980000",96695,"2",2897331,"1",
"980000",83061,"3",2897331,"1",
"980000",110739,"4",2897331,"1",
"980000",106712,"5",2897331,"1",
"980070",123871,"1",2897331,"1",
"980070",99795,"2",2897331,"1",
"980070",86161,"3",2897331,"1",
"980070",113839,"4",2897331,"1",
"980070",109812,"5",2897331,"1",
"800940",2074,"1",2897332,"1",
"800940",6575,"2",2897332,"1",
"800940",7303,"3",2897332,"1",
"800940",6426,"4",2897332,"1",
"800940",5956,"5",2897332,"1",
"900000",36167,"1",2897332,"1",
"900000",35976,"2",2897332,"1",
"900000",36949,"3",2897332,"1",
"900000",37685,"4",2897332,"1",
"900000",37739,"5",2897332,"1",
"900030",45562,"1",2897332,"1",
"900030",45562,"2",2897332,"1",
"900030",45562,"3",2897332,"1",
"900030",45562,"4",2897332,"1",
"900030",45562,"5",2897332,"1",
"900160",1555,"1",2897332,"1",
"900160",30976,"2",2897332,"1",
"900160",35734,"3",2897332,"1",
"900160",30000,"4",2897332,"1",
"900160",26930,"5",2897332,"1",
"980000",83284,"1",2897332,"1",
"980000",112514,"2",2897332,"1",
"980000",118245,"3",2897332,"1",
"980000",113247,"4",2897332,"1",
"980000",110231,"5",2897332,"1",
"980070",86384,"1",2897332,"1",
"980070",115614,"2",2897332,"1",
"980070",121345,"3",2897332,"1",
"980070",116347,"4",2897332,"1",
"980070",113331,"5",2897332,"1",
"900000",96809,"1",2897341,"1",
"900000",91594,"2",2897341,"1",
"900000",115811,"3",2897341,"1",
"900000",112780,"4",2897341,"1",
"900000",115108,"5",2897341,"1",
"900170",50049,"1",2897341,"1",
"900170",71451,"2",2897341,"1",
"900170",64921,"3",2897341,"1",
"900170",63905,"4",2897341,"1",
"900170",70828,"5",2897341,"1",
"980000",146858,"1",2897341,"1",
"980000",163045,"2",2897341,"1",
"980000",180732,"3",2897341,"1",
"980000",176685,"4",2897341,"1",
"980000",185936,"5",2897341,"1",
"980070",144158,"1",2897341,"1",
"980070",160345,"2",2897341,"1",
"980070",178032,"3",2897341,"1",
"980070",173985,"4",2897341,"1",
"980070",183236,"5",2897341,"1",
"900000",95453,"1",2897342,"1",
"900000",103559,"2",2897342,"1",
"900000",119853,"3",2897342,"1",
"900000",98026,"4",2897342,"1",
"900000",96925,"5",2897342,"1",
"900170",67913,"1",2897342,"1",
"900170",53095,"2",2897342,"1",
"900170",66438,"3",2897342,"1",
"900170",50261,"4",2897342,"1",
"900170",53822,"5",2897342,"1",
"980000",163366,"1",2897342,"1",
"980000",156654,"2",2897342,"1",
"980000",186291,"3",2897342,"1",
"980000",148287,"4",2897342,"1",
"980000",150747,"5",2897342,"1",
"980070",160666,"1",2897342,"1",
"980070",153954,"2",2897342,"1",
"980070",183591,"3",2897342,"1",
"980070",145587,"4",2897342,"1",
"980070",148047,"5",2897342,"1",
"900000",205487,"1",2897351,"1","T"
"900000",205487,"2",2897351,"1","T"
"900000",205487,"3",2897351,"1","T"
"900000",205487,"4",2897351,"1","T"
"900000",205487,"5",2897351,"1","T"
"980000",205487,"1",2897351,"1","T"
"980000",205487,"2",2897351,"1","T"
"980000",205487,"3",2897351,"1","T"
"980000",205487,"4",2897351,"1","T"
"980000",205487,"5",2897351,"1","T"
"980070",205487,"1",2897351,"1","T"
"980070",205487,"2",2897351,"1","T"
"980070",205487,"3",2897351,"1","T"
"980070",205487,"4",2897351,"1","T"
"980070",205487,"5",2897351,"1","T"
"900000",205487,"1",2897352,"1","T"
"900000",205487,"2",2897352,"1","T"
"900000",205487,"3",2897352,"1","T"
"900000",205487,"4",2897352,"1","T"
"900000",205487,"5",2897352,"1","T"
"980000",205487,"1",2897352,"1","T"
"980000",205487,"2",2897352,"1","T"
"980000",205487,"3",2897352,"1","T"
"980000",205487,"4",2897352,"1","T"
"980000",205487,"5",2897352,"1","T"
"980070",205487,"1",2897352,"1","T"
"980070",205487,"2",2897352,"1","T"
"980070",205487,"3",2897352,"1","T"
"980070",205487,"4",2897352,"1","T"
"980070",205487,"5",2897352,"1","T"
"900000",2073,"1",2897361,"1",
"900000",56838,"2",2897361,"1",
"900000",1099,"3",2897361,"1",
"900000",4177,"4",2897361,"1",
"900000",119,"5",2897361,"1",
"980000",2073,"1",2897361,"1",
"980000",56838,"2",2897361,"1",
"980000",1099,"3",2897361,"1",
"980000",4177,"4",2897361,"1",
"980000",119,"5",2897361,"1",
"980070",2073,"1",2897361,"1",
"980070",56838,"2",2897361,"1",
"980070",1099,"3",2897361,"1",
"980070",4177,"4",2897361,"1",
"980070",119,"5",2897361,"1",
"900000",25802,"1",2897362,"1",
"900000",16477,"2",2897362,"1",
"900000",8418,"3",2897362,"1",
"900000",12198,"4",2897362,"1",
"900000",1892,"5",2897362,"1",
"980000",25802,"1",2897362,"1",
"980000",16477,"2",2897362,"1",
"980000",8418,"3",2897362,"1",
"980000",12198,"4",2897362,"1",
"980000",1892,"5",2897362,"1",
"980070",25802,"1",2897362,"1",
"980070",16477,"2",2897362,"1",
"980070",8418,"3",2897362,"1",
"980070",12198,"4",2897362,"1",
"980070",1892,"5",2897362,"1",
"900000",17500,"1",2897381,"1",
"900000",17500,"2",2897381,"1",
"900000",17500,"3",2897381,"1",
"900000",17500,"4",2897381,"1",
"900000",17500,"5",2897381,"1",
"950002",583,"1",2897381,"1",
"950002",583,"2",2897381,"1",
"950002",583,"3",2897381,"1",
"950002",583,"4",2897381,"1",
"950002",583,"5",2897381,"1",
"980000",17500,"1",2897381,"1",
"980000",17500,"2",2897381,"1",
"980000",17500,"3",2897381,"1",
"980000",17500,"4",2897381,"1",
"980000",17500,"5",2897381,"1",
"980070",17382,"1",2897381,"1",
"980070",17382,"2",2897381,"1",
"980070",17382,"3",2897381,"1",
"980070",17382,"4",2897381,"1",
"980070",17382,"5",2897381,"1",
"900030",14580,"1",2897391,"1",
"900030",22848,"2",2897391,"1",
"900030",20460,"3",2897391,"1",
"900030",23532,"4",2897391,"1",
"900030",21060,"5",2897391,"1",
"980000",14580,"1",2897391,"1",
"980000",22848,"2",2897391,"1",
"980000",20460,"3",2897391,"1",
"980000",23532,"4",2897391,"1",
"980000",21060,"5",2897391,"1",
"980070",14580,"1",2897391,"1",
"980070",22848,"2",2897391,"1",
"980070",20460,"3",2897391,"1",
"980070",23532,"4",2897391,"1",
"980070",21060,"5",2897391,"1",
"900000",90000,"1",2897401,"1",
"900000",90000,"2",2897401,"1",
"900000",90000,"3",2897401,"1",
"900000",90000,"4",2897401,"1",
"900000",90000,"5",2897401,"1",
"980000",90000,"1",2897401,"1",
"980000",90000,"2",2897401,"1",
"980000",90000,"3",2897401,"1",
"980000",90000,"4",2897401,"1",
"980000",90000,"5",2897401,"1",
"980070",93000,"1",2897401,"1",
"980070",93000,"2",2897401,"1",
"980070",93000,"3",2897401,"1",
"980070",93000,"4",2897401,"1",
"980070",93000,"5",2897401,"1",
"900000",90000,"1",2897402,"1",
"900000",90000,"2",2897402,"1",
"900000",90000,"3",2897402,"1",
"900000",90000,"4",2897402,"1",
"900000",90000,"5",2897402,"1",
"980000",90000,"1",2897402,"1",
"980000",90000,"2",2897402,"1",
"980000",90000,"3",2897402,"1",
"980000",90000,"4",2897402,"1",
"980000",90000,"5",2897402,"1",
"980070",93000,"1",2897402,"1",
"980070",93000,"2",2897402,"1",
"980070",93000,"3",2897402,"1",
"980070",93000,"4",2897402,"1",
"980070",93000,"5",2897402,"1",
"900000",51945,"1",2897432,"1",
"900000",96240,"2",2897432,"1",
"900000",111861,"3",2897432,"1",
"900000",168609,"4",2897432,"1",
"900000",145416,"5",2897432,"1",
"980000",51945,"1",2897432,"1",
"980000",96240,"2",2897432,"1",
"980000",111861,"3",2897432,"1",
"980000",168609,"4",2897432,"1",
"980000",145416,"5",2897432,"1",
"980070",51945,"1",2897432,"1",
"980070",96240,"2",2897432,"1",
"980070",111861,"3",2897432,"1",
"980070",168609,"4",2897432,"1",
"980070",145416,"5",2897432,"1",
"900170",74884,"1",2897471,"1",
"900170",6135,"2",2897471,"1",
"900170",2506,"3",2897471,"1",
"900170",49799,"4",2897471,"1",
"900170",76482,"5",2897471,"1",
"900180",151,"1",2897471,"1",
"900180",3,"2",2897471,"1",
"900180",105,"3",2897471,"1",
"900180",91,"4",2897471,"1",
"900180",10,"5",2897471,"1",
"900200",93631,"1",2897471,"1","T"
"900200",93631,"2",2897471,"1","T"
"900200",93631,"3",2897471,"1","T"
"900200",93631,"4",2897471,"1","T"
"900200",93631,"5",2897471,"1","T"
"980000",135664,"1",2897471,"1","T"
"980000",135664,"2",2897471,"1","T"
"980000",135664,"3",2897471,"1","T"
"980000",135664,"4",2897471,"1","T"
"980000",135664,"5",2897471,"1","T"
"980070",135664,"1",2897471,"1","T"
"980070",135664,"2",2897471,"1","T"
"980070",135664,"3",2897471,"1","T"
"980070",135664,"4",2897471,"1","T"
"980070",135664,"5",2897471,"1","T"
"900170",15887,"1",2897472,"1",
"900170",22003,"2",2897472,"1",
"900170",63861,"3",2897472,"1",
"900170",18367,"4",2897472,"1",
"900170",25175,"5",2897472,"1",
"900180",133,"1",2897472,"1",
"900180",99,"2",2897472,"1",
"900180",53,"3",2897472,"1",
"900180",136,"4",2897472,"1",
"900180",864,"5",2897472,"1",
"900200",93631,"1",2897472,"1","T"
"900200",93631,"2",2897472,"1","T"
"900200",93631,"3",2897472,"1","T"
"900200",93631,"4",2897472,"1","T"
"900200",93631,"5",2897472,"1","T"
"980000",122946,"1",2897472,"1","T"
"980000",122946,"2",2897472,"1","T"
"980000",122946,"3",2897472,"1","T"
"980000",122946,"4",2897472,"1","T"
"980000",122946,"5",2897472,"1","T"
"980070",122946,"1",2897472,"1","T"
"980070",122946,"2",2897472,"1","T"
"980070",122946,"3",2897472,"1","T"
"980070",122946,"4",2897472,"1","T"
"980070",122946,"5",2897472,"1","T"
"800940",10967,"1",2897481,"1","T"
"800940",10967,"2",2897481,"1","T"
"800940",10967,"3",2897481,"1","T"
"800940",10967,"4",2897481,"1","T"
"800940",10967,"5",2897481,"1","T"
"900000",73817,"1",2897481,"1",
"900000",70430,"2",2897481,"1",
"900000",85169,"3",2897481,"1",
"900000",115644,"4",2897481,"1",
"900000",70681,"5",2897481,"1",
"900030",12000,"1",2897481,"1",
"900030",12000,"2",2897481,"1",
"900030",12000,"3",2897481,"1",
"900030",12000,"4",2897481,"1",
"900030",12000,"5",2897481,"1",
"900160",52000,"1",2897481,"1",
"900160",52000,"2",2897481,"1",
"900160",52000,"3",2897481,"1",
"900160",52000,"4",2897481,"1",
"900160",52000,"5",2897481,"1",
"980000",137817,"1",2897481,"1",
"980000",134430,"2",2897481,"1",
"980000",149169,"3",2897481,"1",
"980000",179644,"4",2897481,"1",
"980000",134681,"5",2897481,"1",
"980070",137817,"1",2897481,"1",
"980070",134430,"2",2897481,"1",
"980070",149169,"3",2897481,"1",
"980070",179644,"4",2897481,"1",
"980070",134681,"5",2897481,"1",
"800940",10967,"1",2897482,"1","T"
"800940",10967,"2",2897482,"1","T"
"800940",10967,"3",2897482,"1","T"
"800940",10967,"4",2897482,"1","T"
"800940",10967,"5",2897482,"1","T"
"900000",107973,"1",2897482,"1",
"900000",81729,"2",2897482,"1",
"900000",69665,"3",2897482,"1",
"900000",80999,"4",2897482,"1",
"900000",99922,"5",2897482,"1",
"900030",12000,"1",2897482,"1",
"900030",12000,"2",2897482,"1",
"900030",12000,"3",2897482,"1",
"900030",12000,"4",2897482,"1",
"900030",12000,"5",2897482,"1",
"900160",52000,"1",2897482,"1",
"900160",52000,"2",2897482,"1",
"900160",52000,"3",2897482,"1",
"900160",52000,"4",2897482,"1",
"900160",52000,"5",2897482,"1",
"980000",171973,"1",2897482,"1",
"980000",145729,"2",2897482,"1",
"980000",133665,"3",2897482,"1",
"980000",144999,"4",2897482,"1",
"980000",163922,"5",2897482,"1",
"980070",171973,"1",2897482,"1",
"980070",145729,"2",2897482,"1",
"980070",133665,"3",2897482,"1",
"980070",144999,"4",2897482,"1",
"980070",163922,"5",2897482,"1",
"900170",799,"1",2897501,"1",
"900170",799,"2",2897501,"1",
"900170",799,"3",2897501,"1",
"900170",799,"4",2897501,"1",
"900170",799,"5",2897501,"1",
"980000",799,"1",2897501,"1",
"980000",799,"2",2897501,"1",
"980000",799,"3",2897501,"1",
"980000",799,"4",2897501,"1",
"980000",799,"5",2897501,"1",
"980070",799,"1",2897501,"1",
"980070",799,"2",2897501,"1",
"980070",799,"3",2897501,"1",
"980070",799,"4",2897501,"1",
"980070",799,"5",2897501,"1",
"900170",799,"1",2897502,"1",
"900170",799,"2",2897502,"1",
"900170",799,"3",2897502,"1",
"900170",799,"4",2897502,"1",
"900170",799,"5",2897502,"1",
"980000",799,"1",2897502,"1",
"980000",799,"2",2897502,"1",
"980000",799,"3",2897502,"1",
"980000",799,"4",2897502,"1",
"980000",799,"5",2897502,"1",
"980070",799,"1",2897502,"1",
"980070",799,"2",2897502,"1",
"980070",799,"3",2897502,"1",
"980070",799,"4",2897502,"1",
"980070",799,"5",2897502,"1",
"900000",12375,"1",2897541,"1",
"900000",13235,"2",2897541,"1",
"900000",10938,"3",2897541,"1",
"900000",12358,"4",2897541,"1",
"900000",14418,"5",2897541,"1",
"980000",12375,"1",2897541,"1",
"980000",13235,"2",2897541,"1",
"980000",10938,"3",2897541,"1",
"980000",12358,"4",2897541,"1",
"980000",14418,"5",2897541,"1",
"980070",13105,"1",2897541,"1",
"980070",13965,"2",2897541,"1",
"980070",11668,"3",2897541,"1",
"980070",13088,"4",2897541,"1",
"980070",15148,"5",2897541,"1",
"900000",10823,"1",2897542,"1",
"900000",13722,"2",2897542,"1",
"900000",11486,"3",2897542,"1",
"900000",11412,"4",2897542,"1",
"900000",12912,"5",2897542,"1",
"980000",10823,"1",2897542,"1",
"980000",13722,"2",2897542,"1",
"980000",11486,"3",2897542,"1",
"980000",11412,"4",2897542,"1",
"980000",12912,"5",2897542,"1",
"980070",11553,"1",2897542,"1",
"980070",14452,"2",2897542,"1",
"980070",12216,"3",2897542,"1",
"980070",12142,"4",2897542,"1",
"980070",13642,"5",2897542,"1",
"900030",25306,"1",2897561,"1",
"900030",25306,"2",2897561,"1",
"900030",25306,"3",2897561,"1",
"900030",25306,"4",2897561,"1",
"900030",25306,"5",2897561,"1",
"900170",368,"1",2897561,"1",
"900170",368,"2",2897561,"1",
"900170",368,"3",2897561,"1",
"900170",368,"4",2897561,"1",
"900170",368,"5",2897561,"1",
"980000",25674,"1",2897561,"1",
"980000",25674,"2",2897561,"1",
"980000",25674,"3",2897561,"1",
"980000",25674,"4",2897561,"1",
"980000",25674,"5",2897561,"1",
"980070",25674,"1",2897561,"1",
"980070",25674,"2",2897561,"1",
"980070",25674,"3",2897561,"1",
"980070",25674,"4",2897561,"1",
"980070",25674,"5",2897561,"1",
"900030",25306,"1",2897562,"1",
"900030",25306,"2",2897562,"1",
"900030",25306,"3",2897562,"1",
"900030",25306,"4",2897562,"1",
"900030",25306,"5",2897562,"1",
"900170",368,"1",2897562,"1",
"900170",368,"2",2897562,"1",
"900170",368,"3",2897562,"1",
"900170",368,"4",2897562,"1",
"900170",368,"5",2897562,"1",
"980000",25674,"1",2897562,"1",
"980000",25674,"2",2897562,"1",
"980000",25674,"3",2897562,"1",
"980000",25674,"4",2897562,"1",
"980000",25674,"5",2897562,"1",
"980070",25674,"1",2897562,"1",
"980070",25674,"2",2897562,"1",
"980070",25674,"3",2897562,"1",
"980070",25674,"4",2897562,"1",
"980070",25674,"5",2897562,"1",
"900000",66312,"1",2897571,"1",
"900000",54473,"2",2897571,"1",
"900000",53968,"3",2897571,"1",
"900000",6544,"4",2897571,"1",
"900000",52950,"5",2897571,"1",
"980000",66312,"1",2897571,"1",
"980000",54473,"2",2897571,"1",
"980000",53968,"3",2897571,"1",
"980000",6544,"4",2897571,"1",
"980000",52950,"5",2897571,"1",
"980070",66312,"1",2897571,"1",
"980070",54473,"2",2897571,"1",
"980070",53968,"3",2897571,"1",
"980070",6544,"4",2897571,"1",
"980070",52950,"5",2897571,"1",
"900000",136084,"1",2897572,"1",
"900000",133082,"2",2897572,"1",
"900000",41301,"3",2897572,"1",
"900000",108298,"4",2897572,"1",
"900000",45817,"5",2897572,"1",
"980000",136084,"1",2897572,"1",
"980000",133082,"2",2897572,"1",
"980000",41301,"3",2897572,"1",
"980000",108298,"4",2897572,"1",
"980000",45817,"5",2897572,"1",
"980070",136084,"1",2897572,"1",
"980070",133082,"2",2897572,"1",
"980070",41301,"3",2897572,"1",
"980070",108298,"4",2897572,"1",
"980070",45817,"5",2897572,"1",
"900000",35000,"1",2897581,"1",
"900000",35000,"2",2897581,"1",
"900000",35000,"3",2897581,"1",
"900000",35000,"4",2897581,"1",
"900000",35000,"5",2897581,"1",
"980000",35000,"1",2897581,"1",
"980000",35000,"2",2897581,"1",
"980000",35000,"3",2897581,"1",
"980000",35000,"4",2897581,"1",
"980000",35000,"5",2897581,"1",
"980070",35700,"1",2897581,"1",
"980070",35700,"2",2897581,"1",
"980070",35700,"3",2897581,"1",
"980070",35700,"4",2897581,"1",
"980070",35700,"5",2897581,"1",
"900000",35000,"1",2897582,"1",
"900000",35000,"2",2897582,"1",
"900000",35000,"3",2897582,"1",
"900000",35000,"4",2897582,"1",
"900000",35000,"5",2897582,"1",
"980000",35000,"1",2897582,"1",
"980000",35000,"2",2897582,"1",
"980000",35000,"3",2897582,"1",
"980000",35000,"4",2897582,"1",
"980000",35000,"5",2897582,"1",
"980070",35700,"1",2897582,"1",
"980070",35700,"2",2897582,"1",
"980070",35700,"3",2897582,"1",
"980070",35700,"4",2897582,"1",
"980070",35700,"5",2897582,"1",
"900000",115150,"1",2897601,"1",
"900000",115150,"2",2897601,"1",
"900000",115150,"3",2897601,"1",
"900000",115150,"4",2897601,"1",
"900000",115150,"5",2897601,"1",
"980000",115150,"1",2897601,"1",
"980000",115150,"2",2897601,"1",
"980000",115150,"3",2897601,"1",
"980000",115150,"4",2897601,"1",
"980000",115150,"5",2897601,"1",
"980070",123750,"1",2897601,"1",
"980070",123750,"2",2897601,"1",
"980070",123750,"3",2897601,"1",
"980070",123750,"4",2897601,"1",
"980070",123750,"5",2897601,"1",
"900000",115150,"1",2897602,"1",
"900000",115150,"2",2897602,"1",
"900000",115150,"3",2897602,"1",
"900000",115150,"4",2897602,"1",
"900000",115150,"5",2897602,"1",
"980000",115150,"1",2897602,"1",
"980000",115150,"2",2897602,"1",
"980000",115150,"3",2897602,"1",
"980000",115150,"4",2897602,"1",
"980000",115150,"5",2897602,"1",
"980070",123750,"1",2897602,"1",
"980070",123750,"2",2897602,"1",
"980070",123750,"3",2897602,"1",
"980070",123750,"4",2897602,"1",
"980070",123750,"5",2897602,"1",
"900000",50380,"1",2897621,"1",
"900000",50380,"2",2897621,"1",
"900000",50380,"3",2897621,"1",
"900000",50380,"4",2897621,"1",
"900000",50380,"5",2897621,"1",
"900150",5904,"1",2897621,"1",
"900150",5904,"2",2897621,"1",
"900150",5904,"3",2897621,"1",
"900150",5904,"4",2897621,"1",
"900150",5904,"5",2897621,"1",
"980000",56284,"1",2897621,"1",
"980000",56284,"2",2897621,"1",
"980000",56284,"3",2897621,"1",
"980000",56284,"4",2897621,"1",
"980000",56284,"5",2897621,"1",
"980070",57784,"1",2897621,"1",
"980070",57784,"2",2897621,"1",
"980070",57784,"3",2897621,"1",
"980070",57784,"4",2897621,"1",
"980070",57784,"5",2897621,"1",
"900000",64500,"1",2897641,"1",
"900000",64500,"2",2897641,"1",
"900000",64500,"3",2897641,"1",
"900000",64500,"4",2897641,"1",
"900000",64500,"5",2897641,"1",
"980000",64500,"1",2897641,"1",
"980000",64500,"2",2897641,"1",
"980000",64500,"3",2897641,"1",
"980000",64500,"4",2897641,"1",
"980000",64500,"5",2897641,"1",
"980070",62000,"1",2897641,"1",
"980070",62000,"2",2897641,"1",
"980070",62000,"3",2897641,"1",
"980070",62000,"4",2897641,"1",
"980070",62000,"5",2897641,"1",
"900000",64500,"1",2897642,"1",
"900000",64500,"2",2897642,"1",
"900000",64500,"3",2897642,"1",
"900000",64500,"4",2897642,"1",
"900000",64500,"5",2897642,"1",
"980000",64500,"1",2897642,"1",
"980000",64500,"2",2897642,"1",
"980000",64500,"3",2897642,"1",
"980000",64500,"4",2897642,"1",
"980000",64500,"5",2897642,"1",
"980070",62000,"1",2897642,"1",
"980070",62000,"2",2897642,"1",
"980070",62000,"3",2897642,"1",
"980070",62000,"4",2897642,"1",
"980070",62000,"5",2897642,"1",
"900000",20000,"1",2897651,"1",
"900000",20000,"2",2897651,"1",
"900000",20000,"3",2897651,"1",
"900000",20000,"4",2897651,"1",
"900000",20000,"5",2897651,"1",
"900090",13000,"1",2897651,"1",
"900090",13000,"2",2897651,"1",
"900090",13000,"3",2897651,"1",
"900090",13000,"4",2897651,"1",
"900090",13000,"5",2897651,"1",
"980000",33000,"1",2897651,"1",
"980000",33000,"2",2897651,"1",
"980000",33000,"3",2897651,"1",
"980000",33000,"4",2897651,"1",
"980000",33000,"5",2897651,"1",
"980070",38000,"1",2897651,"1",
"980070",38000,"2",2897651,"1",
"980070",38000,"3",2897651,"1",
"980070",38000,"4",2897651,"1",
"980070",38000,"5",2897651,"1",
"900000",20000,"1",2897652,"1",
"900000",20000,"2",2897652,"1",
"900000",20000,"3",2897652,"1",
"900000",20000,"4",2897652,"1",
"900000",20000,"5",2897652,"1",
"900090",13000,"1",2897652,"1",
"900090",13000,"2",2897652,"1",
"900090",13000,"3",2897652,"1",
"900090",13000,"4",2897652,"1",
"900090",13000,"5",2897652,"1",
"980000",33000,"1",2897652,"1",
"980000",33000,"2",2897652,"1",
"980000",33000,"3",2897652,"1",
"980000",33000,"4",2897652,"1",
"980000",33000,"5",2897652,"1",
"980070",38000,"1",2897652,"1",
"980070",38000,"2",2897652,"1",
"980070",38000,"3",2897652,"1",
"980070",38000,"4",2897652,"1",
"980070",38000,"5",2897652,"1",
"900150",9000,"1",2897671,"1",
"900150",9000,"2",2897671,"1",
"900150",9000,"3",2897671,"1",
"900150",9000,"4",2897671,"1",
"900150",9000,"5",2897671,"1",
"900210",7200,"1",2897671,"1",
"900210",7200,"2",2897671,"1",
"900210",7200,"3",2897671,"1",
"900210",7200,"4",2897671,"1",
"900210",7200,"5",2897671,"1",
"980000",16200,"1",2897671,"1",
"980000",16200,"2",2897671,"1",
"980000",16200,"3",2897671,"1",
"980000",16200,"4",2897671,"1",
"980000",16200,"5",2897671,"1",
"980070",18500,"1",2897671,"1",
"980070",18500,"2",2897671,"1",
"980070",18500,"3",2897671,"1",
"980070",18500,"4",2897671,"1",
"980070",18500,"5",2897671,"1",
"900150",9000,"1",2897672,"1",
"900150",9000,"2",2897672,"1",
"900150",9000,"3",2897672,"1",
"900150",9000,"4",2897672,"1",
"900150",9000,"5",2897672,"1",
"900210",7200,"1",2897672,"1",
"900210",7200,"2",2897672,"1",
"900210",7200,"3",2897672,"1",
"900210",7200,"4",2897672,"1",
"900210",7200,"5",2897672,"1",
"980000",16200,"1",2897672,"1",
"980000",16200,"2",2897672,"1",
"980000",16200,"3",2897672,"1",
"980000",16200,"4",2897672,"1",
"980000",16200,"5",2897672,"1",
"980070",18500,"1",2897672,"1",
"980070",18500,"2",2897672,"1",
"980070",18500,"3",2897672,"1",
"980070",18500,"4",2897672,"1",
"980070",18500,"5",2897672,"1",
"900030",11784,"1",2897682,"1",
"900030",21276,"2",2897682,"1",
"900030",14412,"3",2897682,"1",
"900030",25800,"4",2897682,"1",
"900030",12720,"5",2897682,"1",
"900170",49093,"1",2897682,"1",
"900170",1336,"2",2897682,"1",
"900170",2443,"3",2897682,"1",
"900170",4836,"4",2897682,"1",
"900170",4866,"5",2897682,"1",
"980000",60877,"1",2897682,"1",
"980000",22612,"2",2897682,"1",
"980000",16855,"3",2897682,"1",
"980000",30636,"4",2897682,"1",
"980000",17586,"5",2897682,"1",
"980070",60877,"1",2897682,"1",
"980070",22612,"2",2897682,"1",
"980070",16855,"3",2897682,"1",
"980070",30636,"4",2897682,"1",
"980070",17586,"5",2897682,"1",
"900000",70500,"1",2897692,"1",
"900000",70500,"2",2897692,"1",
"900000",70500,"3",2897692,"1",
"900000",70500,"4",2897692,"1",
"900000",70500,"5",2897692,"1",
"980000",70500,"1",2897692,"1",
"980000",70500,"2",2897692,"1",
"980000",70500,"3",2897692,"1",
"980000",70500,"4",2897692,"1",
"980000",70500,"5",2897692,"1",
"980070",70500,"1",2897692,"1",
"980070",70500,"2",2897692,"1",
"980070",70500,"3",2897692,"1",
"980070",70500,"4",2897692,"1",
"980070",70500,"5",2897692,"1",
"900000",150000,"1",2897721,"1",
"900000",150000,"2",2897721,"1",
"900000",150000,"3",2897721,"1",
"900000",150000,"4",2897721,"1",
"900000",150000,"5",2897721,"1",
"980000",150000,"1",2897721,"1",
"980000",150000,"2",2897721,"1",
"980000",150000,"3",2897721,"1",
"980000",150000,"4",2897721,"1",
"980000",150000,"5",2897721,"1",
"980070",150000,"1",2897721,"1",
"980070",150000,"2",2897721,"1",
"980070",150000,"3",2897721,"1",
"980070",150000,"4",2897721,"1",
"980070",150000,"5",2897721,"1",
"900000",150000,"1",2897722,"1",
"900000",150000,"2",2897722,"1",
"900000",150000,"3",2897722,"1",
"900000",150000,"4",2897722,"1",
"900000",150000,"5",2897722,"1",
"980000",150000,"1",2897722,"1",
"980000",150000,"2",2897722,"1",
"980000",150000,"3",2897722,"1",
"980000",150000,"4",2897722,"1",
"980000",150000,"5",2897722,"1",
"980070",150000,"1",2897722,"1",
"980070",150000,"2",2897722,"1",
"980070",150000,"3",2897722,"1",
"980070",150000,"4",2897722,"1",
"980070",150000,"5",2897722,"1",
"900000",205487,"1",2897741,"1","T"
"900000",205487,"2",2897741,"1","T"
"900000",205487,"3",2897741,"1","T"
"900000",205487,"4",2897741,"1","T"
"900000",205487,"5",2897741,"1","T"
"980000",205487,"1",2897741,"1","T"
"980000",205487,"2",2897741,"1","T"
"980000",205487,"3",2897741,"1","T"
"980000",205487,"4",2897741,"1","T"
"980000",205487,"5",2897741,"1","T"
"980070",205607,"1",2897741,"1","T"
"980070",205607,"2",2897741,"1","T"
"980070",205607,"3",2897741,"1","T"
"980070",205607,"4",2897741,"1","T"
"980070",205607,"5",2897741,"1","T"
"900000",205487,"1",2897742,"1","T"
"900000",205487,"2",2897742,"1","T"
"900000",205487,"3",2897742,"1","T"
"900000",205487,"4",2897742,"1","T"
"900000",205487,"5",2897742,"1","T"
"980000",205487,"1",2897742,"1","T"
"980000",205487,"2",2897742,"1","T"
"980000",205487,"3",2897742,"1","T"
"980000",205487,"4",2897742,"1","T"
"980000",205487,"5",2897742,"1","T"
"980070",205607,"1",2897742,"1","T"
"980070",205607,"2",2897742,"1","T"
"980070",205607,"3",2897742,"1","T"
"980070",205607,"4",2897742,"1","T"
"980070",205607,"5",2897742,"1","T"
"900000",40000,"1",2897761,"1",
"900000",40000,"2",2897761,"1",
"900000",40000,"3",2897761,"1",
"900000",40000,"4",2897761,"1",
"900000",40000,"5",2897761,"1",
"900180",300,"1",2897761,"1",
"900180",300,"2",2897761,"1",
"900180",300,"3",2897761,"1",
"900180",300,"4",2897761,"1",
"900180",300,"5",2897761,"1",
"980000",40300,"1",2897761,"1",
"980000",40300,"2",2897761,"1",
"980000",40300,"3",2897761,"1",
"980000",40300,"4",2897761,"1",
"980000",40300,"5",2897761,"1",
"980070",40300,"1",2897761,"1",
"980070",40300,"2",2897761,"1",
"980070",40300,"3",2897761,"1",
"980070",40300,"4",2897761,"1",
"980070",40300,"5",2897761,"1",
"900000",40000,"1",2897762,"1",
"900000",40000,"2",2897762,"1",
"900000",40000,"3",2897762,"1",
"900000",40000,"4",2897762,"1",
"900000",40000,"5",2897762,"1",
"900180",300,"1",2897762,"1",
"900180",300,"2",2897762,"1",
"900180",300,"3",2897762,"1",
"900180",300,"4",2897762,"1",
"900180",300,"5",2897762,"1",
"980000",40300,"1",2897762,"1",
"980000",40300,"2",2897762,"1",
"980000",40300,"3",2897762,"1",
"980000",40300,"4",2897762,"1",
"980000",40300,"5",2897762,"1",
"980070",40300,"1",2897762,"1",
"980070",40300,"2",2897762,"1",
"980070",40300,"3",2897762,"1",
"980070",40300,"4",2897762,"1",
"980070",40300,"5",2897762,"1",
"900030",49462,"1",2897772,"1",
"900030",54622,"2",2897772,"1",
"900030",52534,"3",2897772,"1",
"900030",49642,"4",2897772,"1",
"900030",50938,"5",2897772,"1",
"900170",73962,"1",2897772,"1",
"900170",53158,"2",2897772,"1",
"900170",74652,"3",2897772,"1",
"900170",66646,"4",2897772,"1",
"900170",52048,"5",2897772,"1",
"900180",38657,"1",2897772,"1","T"
"900180",38657,"2",2897772,"1","T"
"900180",38657,"3",2897772,"1","T"
"900180",38657,"4",2897772,"1","T"
"900180",38657,"5",2897772,"1","T"
"980000",154190,"1",2897772,"1","T"
"980000",154190,"2",2897772,"1","T"
"980000",154190,"3",2897772,"1","T"
"980000",154190,"4",2897772,"1","T"
"980000",154190,"5",2897772,"1","T"
"980070",154190,"1",2897772,"1","T"
"980070",154190,"2",2897772,"1","T"
"980070",154190,"3",2897772,"1","T"
"980070",154190,"4",2897772,"1","T"
"980070",154190,"5",2897772,"1","T"
"800940",1664,"1",2897781,"1",
"800940",963,"2",2897781,"1",
"800940",1326,"3",2897781,"1",
"800940",1506,"4",2897781,"1",
"800940",5112,"5",2897781,"1",
"900000",4520,"1",2897781,"1",
"900000",4182,"2",2897781,"1",
"900000",968,"3",2897781,"1",
"900000",3131,"4",2897781,"1",
"900000",2298,"5",2897781,"1",
"900150",567,"1",2897781,"1",
"900150",567,"2",2897781,"1",
"900150",567,"3",2897781,"1",
"900150",567,"4",2897781,"1",
"900150",567,"5",2897781,"1",
"900160",8617,"1",2897781,"1",
"900160",4202,"2",2897781,"1",
"900160",8182,"3",2897781,"1",
"900160",8278,"4",2897781,"1",
"900160",32262,"5",2897781,"1",
"980000",13704,"1",2897781,"1",
"980000",8951,"2",2897781,"1",
"980000",9717,"3",2897781,"1",
"980000",11976,"4",2897781,"1",
"980000",35127,"5",2897781,"1",
"980070",13704,"1",2897781,"1",
"980070",8951,"2",2897781,"1",
"980070",9717,"3",2897781,"1",
"980070",11976,"4",2897781,"1",
"980070",35127,"5",2897781,"1",
"800940",618,"1",2897782,"1",
"800940",2027,"2",2897782,"1",
"800940",1017,"3",2897782,"1",
"800940",4042,"4",2897782,"1",
"800940",1718,"5",2897782,"1",
"900000",4337,"1",2897782,"1",
"900000",1726,"2",2897782,"1",
"900000",2325,"3",2897782,"1",
"900000",2733,"4",2897782,"1",
"900000",861,"5",2897782,"1",
"900150",567,"1",2897782,"1",
"900150",567,"2",2897782,"1",
"900150",567,"3",2897782,"1",
"900150",567,"4",2897782,"1",
"900150",567,"5",2897782,"1",
"900160",1872,"1",2897782,"1",
"900160",12385,"2",2897782,"1",
"900160",5484,"3",2897782,"1",
"900160",25054,"4",2897782,"1",
"900160",10797,"5",2897782,"1",
"980000",6776,"1",2897782,"1",
"980000",14678,"2",2897782,"1",
"980000",8376,"3",2897782,"1",
"980000",28354,"4",2897782,"1",
"980000",12225,"5",2897782,"1",
"980070",6776,"1",2897782,"1",
"980070",14678,"2",2897782,"1",
"980070",8376,"3",2897782,"1",
"980070",28354,"4",2897782,"1",
"980070",12225,"5",2897782,"1",
"900000",98000,"1",2897801,"1",
"900000",98000,"2",2897801,"1",
"900000",98000,"3",2897801,"1",
"900000",98000,"4",2897801,"1",
"900000",98000,"5",2897801,"1",
"980000",98000,"1",2897801,"1",
"980000",98000,"2",2897801,"1",
"980000",98000,"3",2897801,"1",
"980000",98000,"4",2897801,"1",
"980000",98000,"5",2897801,"1",
"980070",98000,"1",2897801,"1",
"980070",98000,"2",2897801,"1",
"980070",98000,"3",2897801,"1",
"980070",98000,"4",2897801,"1",
"980070",98000,"5",2897801,"1",
"900000",98000,"1",2897802,"1",
"900000",98000,"2",2897802,"1",
"900000",98000,"3",2897802,"1",
"900000",98000,"4",2897802,"1",
"900000",98000,"5",2897802,"1",
"980000",98000,"1",2897802,"1",
"980000",98000,"2",2897802,"1",
"980000",98000,"3",2897802,"1",
"980000",98000,"4",2897802,"1",
"980000",98000,"5",2897802,"1",
"980070",98000,"1",2897802,"1",
"980070",98000,"2",2897802,"1",
"980070",98000,"3",2897802,"1",
"980070",98000,"4",2897802,"1",
"980070",98000,"5",2897802,"1",
"900000",69299,"1",2897811,"1",
"900000",27985,"2",2897811,"1",
"900000",41678,"3",2897811,"1",
"900000",26203,"4",2897811,"1",
"900000",12786,"5",2897811,"1",
"980000",69299,"1",2897811,"1",
"980000",27985,"2",2897811,"1",
"980000",41678,"3",2897811,"1",
"980000",26203,"4",2897811,"1",
"980000",12786,"5",2897811,"1",
"980070",69299,"1",2897811,"1",
"980070",27985,"2",2897811,"1",
"980070",41678,"3",2897811,"1",
"980070",26203,"4",2897811,"1",
"980070",12786,"5",2897811,"1",
"900000",29432,"1",2897812,"1",
"900000",68473,"2",2897812,"1",
"900000",32825,"3",2897812,"1",
"900000",27078,"4",2897812,"1",
"900000",28253,"5",2897812,"1",
"980000",29432,"1",2897812,"1",
"980000",68473,"2",2897812,"1",
"980000",32825,"3",2897812,"1",
"980000",27078,"4",2897812,"1",
"980000",28253,"5",2897812,"1",
"980070",29432,"1",2897812,"1",
"980070",68473,"2",2897812,"1",
"980070",32825,"3",2897812,"1",
"980070",27078,"4",2897812,"1",
"980070",28253,"5",2897812,"1",
"900030",31318,"1",2897821,"1",
"900030",31318,"2",2897821,"1",
"900030",31318,"3",2897821,"1",
"900030",31318,"4",2897821,"1",
"900030",31318,"5",2897821,"1",
"900170",35000,"1",2897821,"1",
"900170",35000,"2",2897821,"1",
"900170",35000,"3",2897821,"1",
"900170",35000,"4",2897821,"1",
"900170",35000,"5",2897821,"1",
"900180",4000,"1",2897821,"1",
"900180",4000,"2",2897821,"1",
"900180",4000,"3",2897821,"1",
"900180",4000,"4",2897821,"1",
"900180",4000,"5",2897821,"1",
"980000",70318,"1",2897821,"1",
"980000",70318,"2",2897821,"1",
"980000",70318,"3",2897821,"1",
"980000",70318,"4",2897821,"1",
"980000",70318,"5",2897821,"1",
"980070",70618,"1",2897821,"1",
"980070",70618,"2",2897821,"1",
"980070",70618,"3",2897821,"1",
"980070",70618,"4",2897821,"1",
"980070",70618,"5",2897821,"1",
"900030",31318,"1",2897822,"1",
"900030",31318,"2",2897822,"1",
"900030",31318,"3",2897822,"1",
"900030",31318,"4",2897822,"1",
"900030",31318,"5",2897822,"1",
"900170",35000,"1",2897822,"1",
"900170",35000,"2",2897822,"1",
"900170",35000,"3",2897822,"1",
"900170",35000,"4",2897822,"1",
"900170",35000,"5",2897822,"1",
"900180",4000,"1",2897822,"1",
"900180",4000,"2",2897822,"1",
"900180",4000,"3",2897822,"1",
"900180",4000,"4",2897822,"1",
"900180",4000,"5",2897822,"1",
"980000",70318,"1",2897822,"1",
"980000",70318,"2",2897822,"1",
"980000",70318,"3",2897822,"1",
"980000",70318,"4",2897822,"1",
"980000",70318,"5",2897822,"1",
"980070",70618,"1",2897822,"1",
"980070",70618,"2",2897822,"1",
"980070",70618,"3",2897822,"1",
"980070",70618,"4",2897822,"1",
"980070",70618,"5",2897822,"1",
"900000",80580,"1",2897831,"1",
"900000",65278,"2",2897831,"1",
"900000",53714,"3",2897831,"1",
"900000",37432,"4",2897831,"1",
"900000",43346,"5",2897831,"1",
"980000",80580,"1",2897831,"1",
"980000",65278,"2",2897831,"1",
"980000",53714,"3",2897831,"1",
"980000",37432,"4",2897831,"1",
"980000",43346,"5",2897831,"1",
"980070",80580,"1",2897831,"1",
"980070",65278,"2",2897831,"1",
"980070",53714,"3",2897831,"1",
"980070",37432,"4",2897831,"1",
"980070",43346,"5",2897831,"1",
"900000",48465,"1",2897832,"1",
"900000",51375,"2",2897832,"1",
"900000",32217,"3",2897832,"1",
"900000",41996,"4",2897832,"1",
"900000",59999,"5",2897832,"1",
"980000",48465,"1",2897832,"1",
"980000",51375,"2",2897832,"1",
"980000",32217,"3",2897832,"1",
"980000",41996,"4",2897832,"1",
"980000",59999,"5",2897832,"1",
"980070",48465,"1",2897832,"1",
"980070",51375,"2",2897832,"1",
"980070",32217,"3",2897832,"1",
"980070",41996,"4",2897832,"1",
"980070",59999,"5",2897832,"1",
"900000",35000,"1",2897841,"1",
"900000",35000,"2",2897841,"1",
"900000",35000,"3",2897841,"1",
"900000",35000,"4",2897841,"1",
"900000",35000,"5",2897841,"1",
"980000",35000,"1",2897841,"1",
"980000",35000,"2",2897841,"1",
"980000",35000,"3",2897841,"1",
"980000",35000,"4",2897841,"1",
"980000",35000,"5",2897841,"1",
"980070",37600,"1",2897841,"1",
"980070",37600,"2",2897841,"1",
"980070",37600,"3",2897841,"1",
"980070",37600,"4",2897841,"1",
"980070",37600,"5",2897841,"1",
"900000",35000,"1",2897842,"1",
"900000",35000,"2",2897842,"1",
"900000",35000,"3",2897842,"1",
"900000",35000,"4",2897842,"1",
"900000",35000,"5",2897842,"1",
"980000",35000,"1",2897842,"1",
"980000",35000,"2",2897842,"1",
"980000",35000,"3",2897842,"1",
"980000",35000,"4",2897842,"1",
"980000",35000,"5",2897842,"1",
"980070",37600,"1",2897842,"1",
"980070",37600,"2",2897842,"1",
"980070",37600,"3",2897842,"1",
"980070",37600,"4",2897842,"1",
"980070",37600,"5",2897842,"1",
"900000",9000,"1",2897851,"1",
"900000",9000,"2",2897851,"1",
"900000",9000,"3",2897851,"1",
"900000",9000,"4",2897851,"1",
"900000",9000,"5",2897851,"1",
"900160",5200,"1",2897851,"1",
"900160",5200,"2",2897851,"1",
"900160",5200,"3",2897851,"1",
"900160",5200,"4",2897851,"1",
"900160",5200,"5",2897851,"1",
"980000",14200,"1",2897851,"1",
"980000",14200,"2",2897851,"1",
"980000",14200,"3",2897851,"1",
"980000",14200,"4",2897851,"1",
"980000",14200,"5",2897851,"1",
"980070",16700,"1",2897851,"1",
"980070",16700,"2",2897851,"1",
"980070",16700,"3",2897851,"1",
"980070",16700,"4",2897851,"1",
"980070",16700,"5",2897851,"1",
"900000",9000,"1",2897852,"1",
"900000",9000,"2",2897852,"1",
"900000",9000,"3",2897852,"1",
"900000",9000,"4",2897852,"1",
"900000",9000,"5",2897852,"1",
"900160",5200,"1",2897852,"1",
"900160",5200,"2",2897852,"1",
"900160",5200,"3",2897852,"1",
"900160",5200,"4",2897852,"1",
"900160",5200,"5",2897852,"1",
"980000",14200,"1",2897852,"1",
"980000",14200,"2",2897852,"1",
"980000",14200,"3",2897852,"1",
"980000",14200,"4",2897852,"1",
"980000",14200,"5",2897852,"1",
"980070",16700,"1",2897852,"1",
"980070",16700,"2",2897852,"1",
"980070",16700,"3",2897852,"1",
"980070",16700,"4",2897852,"1",
"980070",16700,"5",2897852,"1",
"900000",18650,"1",2897861,"1",
"900000",18650,"2",2897861,"1",
"900000",18650,"3",2897861,"1",
"900000",18650,"4",2897861,"1",
"900000",18650,"5",2897861,"1",
"900170",650,"1",2897861,"1",
"900170",650,"2",2897861,"1",
"900170",650,"3",2897861,"1",
"900170",650,"4",2897861,"1",
"900170",650,"5",2897861,"1",
"980000",19300,"1",2897861,"1",
"980000",19300,"2",2897861,"1",
"980000",19300,"3",2897861,"1",
"980000",19300,"4",2897861,"1",
"980000",19300,"5",2897861,"1",
"980070",19760,"1",2897861,"1",
"980070",19760,"2",2897861,"1",
"980070",19760,"3",2897861,"1",
"980070",19760,"4",2897861,"1",
"980070",19760,"5",2897861,"1",
"900000",18650,"1",2897862,"1",
"900000",18650,"2",2897862,"1",
"900000",18650,"3",2897862,"1",
"900000",18650,"4",2897862,"1",
"900000",18650,"5",2897862,"1",
"900170",650,"1",2897862,"1",
"900170",650,"2",2897862,"1",
"900170",650,"3",2897862,"1",
"900170",650,"4",2897862,"1",
"900170",650,"5",2897862,"1",
"980000",19300,"1",2897862,"1",
"980000",19300,"2",2897862,"1",
"980000",19300,"3",2897862,"1",
"980000",19300,"4",2897862,"1",
"980000",19300,"5",2897862,"1",
"980070",19760,"1",2897862,"1",
"980070",19760,"2",2897862,"1",
"980070",19760,"3",2897862,"1",
"980070",19760,"4",2897862,"1",
"980070",19760,"5",2897862,"1",
"900000",46156,"1",2897871,"1",
"900000",37610,"2",2897871,"1",
"900000",90537,"3",2897871,"1",
"900000",37098,"4",2897871,"1",
"900000",49988,"5",2897871,"1",
"980000",46156,"1",2897871,"1",
"980000",37610,"2",2897871,"1",
"980000",90537,"3",2897871,"1",
"980000",37098,"4",2897871,"1",
"980000",49988,"5",2897871,"1",
"980070",46156,"1",2897871,"1",
"980070",37610,"2",2897871,"1",
"980070",90537,"3",2897871,"1",
"980070",37098,"4",2897871,"1",
"980070",49988,"5",2897871,"1",
"900000",54457,"1",2897872,"1",
"900000",40707,"2",2897872,"1",
"900000",24470,"3",2897872,"1",
"900000",60064,"4",2897872,"1",
"900000",59998,"5",2897872,"1",
"980000",54457,"1",2897872,"1",
"980000",40707,"2",2897872,"1",
"980000",24470,"3",2897872,"1",
"980000",60064,"4",2897872,"1",
"980000",59998,"5",2897872,"1",
"980070",54457,"1",2897872,"1",
"980070",40707,"2",2897872,"1",
"980070",24470,"3",2897872,"1",
"980070",60064,"4",2897872,"1",
"980070",59998,"5",2897872,"1",
"900000",27000,"1",2897891,"1",
"900000",27000,"2",2897891,"1",
"900000",27000,"3",2897891,"1",
"900000",27000,"4",2897891,"1",
"900000",27000,"5",2897891,"1",
"900150",2472,"1",2897891,"1",
"900150",2472,"2",2897891,"1",
"900150",2472,"3",2897891,"1",
"900150",2472,"4",2897891,"1",
"900150",2472,"5",2897891,"1",
"980000",29472,"1",2897891,"1",
"980000",29472,"2",2897891,"1",
"980000",29472,"3",2897891,"1",
"980000",29472,"4",2897891,"1",
"980000",29472,"5",2897891,"1",
"980070",29472,"1",2897891,"1",
"980070",29472,"2",2897891,"1",
"980070",29472,"3",2897891,"1",
"980070",29472,"4",2897891,"1",
"980070",29472,"5",2897891,"1",
"900000",27000,"1",2897892,"1",
"900000",27000,"2",2897892,"1",
"900000",27000,"3",2897892,"1",
"900000",27000,"4",2897892,"1",
"900000",27000,"5",2897892,"1",
"900150",2472,"1",2897892,"1",
"900150",2472,"2",2897892,"1",
"900150",2472,"3",2897892,"1",
"900150",2472,"4",2897892,"1",
"900150",2472,"5",2897892,"1",
"980000",29472,"1",2897892,"1",
"980000",29472,"2",2897892,"1",
"980000",29472,"3",2897892,"1",
"980000",29472,"4",2897892,"1",
"980000",29472,"5",2897892,"1",
"980070",29472,"1",2897892,"1",
"980070",29472,"2",2897892,"1",
"980070",29472,"3",2897892,"1",
"980070",29472,"4",2897892,"1",
"980070",29472,"5",2897892,"1",
"900000",61684,"1",2897901,"1",
"900000",60806,"2",2897901,"1",
"900000",61626,"3",2897901,"1",
"900000",63135,"4",2897901,"1",
"900000",60191,"5",2897901,"1",
"900210",8000,"1",2897901,"1",
"900210",8000,"2",2897901,"1",
"900210",8000,"3",2897901,"1",
"900210",8000,"4",2897901,"1",
"900210",8000,"5",2897901,"1",
"980000",69684,"1",2897901,"1",
"980000",68806,"2",2897901,"1",
"980000",69626,"3",2897901,"1",
"980000",71135,"4",2897901,"1",
"980000",68191,"5",2897901,"1",
"980070",69684,"1",2897901,"1",
"980070",68806,"2",2897901,"1",
"980070",69626,"3",2897901,"1",
"980070",71135,"4",2897901,"1",
"980070",68191,"5",2897901,"1",
"900000",60813,"1",2897902,"1",
"900000",60033,"2",2897902,"1",
"900000",62710,"3",2897902,"1",
"900000",64479,"4",2897902,"1",
"900000",60501,"5",2897902,"1",
"900210",8000,"1",2897902,"1",
"900210",8000,"2",2897902,"1",
"900210",8000,"3",2897902,"1",
"900210",8000,"4",2897902,"1",
"900210",8000,"5",2897902,"1",
"980000",68813,"1",2897902,"1",
"980000",68033,"2",2897902,"1",
"980000",70710,"3",2897902,"1",
"980000",72479,"4",2897902,"1",
"980000",68501,"5",2897902,"1",
"980070",68813,"1",2897902,"1",
"980070",68033,"2",2897902,"1",
"980070",70710,"3",2897902,"1",
"980070",72479,"4",2897902,"1",
"980070",68501,"5",2897902,"1",
"800940",1760,"1",2897951,"1",
"800940",1035,"2",2897951,"1",
"800940",8553,"3",2897951,"1",
"800940",3474,"4",2897951,"1",
"800940",1503,"5",2897951,"1",
"900000",21000,"1",2897951,"1",
"900000",9816,"2",2897951,"1",
"900000",86803,"3",2897951,"1",
"900000",24439,"4",2897951,"1",
"900000",11222,"5",2897951,"1",
"900030",20231,"1",2897951,"1",
"900030",21959,"2",2897951,"1",
"900030",19235,"3",2897951,"1",
"900030",18383,"4",2897951,"1",
"900030",26171,"5",2897951,"1",
"900090",2,"1",2897951,"1",
"900090",12,"2",2897951,"1",
"900090",134,"3",2897951,"1",
"900090",872,"4",2897951,"1",
"900090",3481,"5",2897951,"1",
"900160",1000,"1",2897951,"1",
"900160",1858,"2",2897951,"1",
"900160",12503,"3",2897951,"1",
"900160",10485,"4",2897951,"1",
"900160",4214,"5",2897951,"1",
"900170",7200,"1",2897951,"1",
"900170",7200,"2",2897951,"1",
"900170",7200,"3",2897951,"1",
"900170",7200,"4",2897951,"1",
"900170",7200,"5",2897951,"1",
"980000",49433,"1",2897951,"1",
"980000",40845,"2",2897951,"1",
"980000",125875,"3",2897951,"1",
"980000",61379,"4",2897951,"1",
"980000",52288,"5",2897951,"1",
"980070",51033,"1",2897951,"1",
"980070",42445,"2",2897951,"1",
"980070",127475,"3",2897951,"1",
"980070",62979,"4",2897951,"1",
"980070",53888,"5",2897951,"1",
"800940",2806,"1",2897952,"1",
"800940",4094,"2",2897952,"1",
"800940",5696,"3",2897952,"1",
"800940",4649,"4",2897952,"1",
"800940",3989,"5",2897952,"1",
"900000",13217,"1",2897952,"1",
"900000",21946,"2",2897952,"1",
"900000",23866,"3",2897952,"1",
"900000",12893,"4",2897952,"1",
"900000",11398,"5",2897952,"1",
"900030",21803,"1",2897952,"1",
"900030",17423,"2",2897952,"1",
"900030",20183,"3",2897952,"1",
"900030",20159,"4",2897952,"1",
"900030",18527,"5",2897952,"1",
"900090",725,"1",2897952,"1",
"900090",556,"2",2897952,"1",
"900090",15,"3",2897952,"1",
"900090",253,"4",2897952,"1",
"900090",1876,"5",2897952,"1",
"900160",11730,"1",2897952,"1",
"900160",15787,"2",2897952,"1",
"900160",25293,"3",2897952,"1",
"900160",23940,"4",2897952,"1",
"900160",20375,"5",2897952,"1",
"900170",7200,"1",2897952,"1",
"900170",7200,"2",2897952,"1",
"900170",7200,"3",2897952,"1",
"900170",7200,"4",2897952,"1",
"900170",7200,"5",2897952,"1",
"980000",54675,"1",2897952,"1",
"980000",62912,"2",2897952,"1",
"980000",76557,"3",2897952,"1",
"980000",64445,"4",2897952,"1",
"980000",59376,"5",2897952,"1",
"980070",56275,"1",2897952,"1",
"980070",64512,"2",2897952,"1",
"980070",78157,"3",2897952,"1",
"980070",66045,"4",2897952,"1",
"980070",60976,"5",2897952,"1",
"900000",652,"1",2897971,"1",
"900000",6306,"2",2897971,"1",
"900000",18431,"3",2897971,"1",
"900000",26726,"4",2897971,"1",
"900000",611,"5",2897971,"1",
"980000",652,"1",2897971,"1",
"980000",6306,"2",2897971,"1",
"980000",18431,"3",2897971,"1",
"980000",26726,"4",2897971,"1",
"980000",611,"5",2897971,"1",
"980070",652,"1",2897971,"1",
"980070",6306,"2",2897971,"1",
"980070",18431,"3",2897971,"1",
"980070",26726,"4",2897971,"1",
"980070",611,"5",2897971,"1",
"900000",41446,"1",2897972,"1",
"900000",2066,"2",2897972,"1",
"900000",11774,"3",2897972,"1",
"900000",21000,"4",2897972,"1",
"900000",21144,"5",2897972,"1",
"980000",41446,"1",2897972,"1",
"980000",2066,"2",2897972,"1",
"980000",11774,"3",2897972,"1",
"980000",21000,"4",2897972,"1",
"980000",21144,"5",2897972,"1",
"980070",41446,"1",2897972,"1",
"980070",2066,"2",2897972,"1",
"980070",11774,"3",2897972,"1",
"980070",21000,"4",2897972,"1",
"980070",21144,"5",2897972,"1",
"900000",7000,"1",2897981,"1",
"900000",7000,"2",2897981,"1",
"900000",7000,"3",2897981,"1",
"900000",7000,"4",2897981,"1",
"900000",7000,"5",2897981,"1",
"980000",7000,"1",2897981,"1",
"980000",7000,"2",2897981,"1",
"980000",7000,"3",2897981,"1",
"980000",7000,"4",2897981,"1",
"980000",7000,"5",2897981,"1",
"980070",7000,"1",2897981,"1",
"980070",7000,"2",2897981,"1",
"980070",7000,"3",2897981,"1",
"980070",7000,"4",2897981,"1",
"980070",7000,"5",2897981,"1",
"900000",7000,"1",2897982,"1",
"900000",7000,"2",2897982,"1",
"900000",7000,"3",2897982,"1",
"900000",7000,"4",2897982,"1",
"900000",7000,"5",2897982,"1",
"980000",7000,"1",2897982,"1",
"980000",7000,"2",2897982,"1",
"980000",7000,"3",2897982,"1",
"980000",7000,"4",2897982,"1",
"980000",7000,"5",2897982,"1",
"980070",7000,"1",2897982,"1",
"980070",7000,"2",2897982,"1",
"980070",7000,"3",2897982,"1",
"980070",7000,"4",2897982,"1",
"980070",7000,"5",2897982,"1",
"800940",1270,"1",2897991,"1",
"800940",1270,"2",2897991,"1",
"800940",1270,"3",2897991,"1",
"800940",1270,"4",2897991,"1",
"800940",1270,"5",2897991,"1",
"900000",15600,"1",2897991,"1",
"900000",15600,"2",2897991,"1",
"900000",15600,"3",2897991,"1",
"900000",15600,"4",2897991,"1",
"900000",15600,"5",2897991,"1",
"900030",23074,"1",2897991,"1",
"900030",23074,"2",2897991,"1",
"900030",23074,"3",2897991,"1",
"900030",23074,"4",2897991,"1",
"900030",23074,"5",2897991,"1",
"900160",500,"1",2897991,"1",
"900160",500,"2",2897991,"1",
"900160",500,"3",2897991,"1",
"900160",500,"4",2897991,"1",
"900160",500,"5",2897991,"1",
"900170",82,"1",2897991,"1",
"900170",82,"2",2897991,"1",
"900170",82,"3",2897991,"1",
"900170",82,"4",2897991,"1",
"900170",82,"5",2897991,"1",
"980000",39256,"1",2897991,"1",
"980000",39256,"2",2897991,"1",
"980000",39256,"3",2897991,"1",
"980000",39256,"4",2897991,"1",
"980000",39256,"5",2897991,"1",
"980070",39256,"1",2897991,"1",
"980070",39256,"2",2897991,"1",
"980070",39256,"3",2897991,"1",
"980070",39256,"4",2897991,"1",
"980070",39256,"5",2897991,"1",
"800940",1270,"1",2897992,"1",
"800940",1270,"2",2897992,"1",
"800940",1270,"3",2897992,"1",
"800940",1270,"4",2897992,"1",
"800940",1270,"5",2897992,"1",
"900000",15600,"1",2897992,"1",
"900000",15600,"2",2897992,"1",
"900000",15600,"3",2897992,"1",
"900000",15600,"4",2897992,"1",
"900000",15600,"5",2897992,"1",
"900030",23074,"1",2897992,"1",
"900030",23074,"2",2897992,"1",
"900030",23074,"3",2897992,"1",
"900030",23074,"4",2897992,"1",
"900030",23074,"5",2897992,"1",
"900160",500,"1",2897992,"1",
"900160",500,"2",2897992,"1",
"900160",500,"3",2897992,"1",
"900160",500,"4",2897992,"1",
"900160",500,"5",2897992,"1",
"900170",82,"1",2897992,"1",
"900170",82,"2",2897992,"1",
"900170",82,"3",2897992,"1",
"900170",82,"4",2897992,"1",
"900170",82,"5",2897992,"1",
"980000",39256,"1",2897992,"1",
"980000",39256,"2",2897992,"1",
"980000",39256,"3",2897992,"1",
"980000",39256,"4",2897992,"1",
"980000",39256,"5",2897992,"1",
"980070",39256,"1",2897992,"1",
"980070",39256,"2",2897992,"1",
"980070",39256,"3",2897992,"1",
"980070",39256,"4",2897992,"1",
"980070",39256,"5",2897992,"1",
"900030",15419,"1",2898021,"1",
"900030",15419,"2",2898021,"1",
"900030",15419,"3",2898021,"1",
"900030",15419,"4",2898021,"1",
"900030",15419,"5",2898021,"1",
"900170",45840,"1",2898021,"1",
"900170",45840,"2",2898021,"1",
"900170",45840,"3",2898021,"1",
"900170",45840,"4",2898021,"1",
"900170",45840,"5",2898021,"1",
"900180",1186,"1",2898021,"1",
"900180",1196,"2",2898021,"1",
"900180",1075,"3",2898021,"1",
"900180",1195,"4",2898021,"1",
"900180",1017,"5",2898021,"1",
"980000",62445,"1",2898021,"1",
"980000",62455,"2",2898021,"1",
"980000",62334,"3",2898021,"1",
"980000",62454,"4",2898021,"1",
"980000",62276,"5",2898021,"1",
"980070",62445,"1",2898021,"1",
"980070",62455,"2",2898021,"1",
"980070",62334,"3",2898021,"1",
"980070",62454,"4",2898021,"1",
"980070",62276,"5",2898021,"1",
"900030",15419,"1",2898022,"1",
"900030",15419,"2",2898022,"1",
"900030",15419,"3",2898022,"1",
"900030",15419,"4",2898022,"1",
"900030",15419,"5",2898022,"1",
"900170",45840,"1",2898022,"1",
"900170",45840,"2",2898022,"1",
"900170",45840,"3",2898022,"1",
"900170",45840,"4",2898022,"1",
"900170",45840,"5",2898022,"1",
"900180",1186,"1",2898022,"1",
"900180",1707,"2",2898022,"1",
"900180",1004,"3",2898022,"1",
"900180",1019,"4",2898022,"1",
"900180",1041,"5",2898022,"1",
"980000",62445,"1",2898022,"1",
"980000",62966,"2",2898022,"1",
"980000",62263,"3",2898022,"1",
"980000",62278,"4",2898022,"1",
"980000",62300,"5",2898022,"1",
"980070",62445,"1",2898022,"1",
"980070",62966,"2",2898022,"1",
"980070",62263,"3",2898022,"1",
"980070",62278,"4",2898022,"1",
"980070",62300,"5",2898022,"1",
"900170",11990,"1",2898031,"1",
"900170",10373,"2",2898031,"1",
"900170",12379,"3",2898031,"1",
"900170",13604,"4",2898031,"1",
"900170",10564,"5",2898031,"1",
"980000",11990,"1",2898031,"1",
"980000",10373,"2",2898031,"1",
"980000",12379,"3",2898031,"1",
"980000",13604,"4",2898031,"1",
"980000",10564,"5",2898031,"1",
"980070",11990,"1",2898031,"1",
"980070",10373,"2",2898031,"1",
"980070",12379,"3",2898031,"1",
"980070",13604,"4",2898031,"1",
"980070",10564,"5",2898031,"1",
"900170",13021,"1",2898032,"1",
"900170",11286,"2",2898032,"1",
"900170",11139,"3",2898032,"1",
"900170",14630,"4",2898032,"1",
"900170",13217,"5",2898032,"1",
"980000",13021,"1",2898032,"1",
"980000",11286,"2",2898032,"1",
"980000",11139,"3",2898032,"1",
"980000",14630,"4",2898032,"1",
"980000",13217,"5",2898032,"1",
"980070",13021,"1",2898032,"1",
"980070",11286,"2",2898032,"1",
"980070",11139,"3",2898032,"1",
"980070",14630,"4",2898032,"1",
"980070",13217,"5",2898032,"1",
"900000",229000,"1",2898041,"1",
"900000",229000,"2",2898041,"1",
"900000",229000,"3",2898041,"1",
"900000",229000,"4",2898041,"1",
"900000",229000,"5",2898041,"1",
"900180",200,"1",2898041,"1",
"900180",200,"2",2898041,"1",
"900180",200,"3",2898041,"1",
"900180",200,"4",2898041,"1",
"900180",200,"5",2898041,"1",
"900190",8000,"1",2898041,"1",
"900190",8000,"2",2898041,"1",
"900190",8000,"3",2898041,"1",
"900190",8000,"4",2898041,"1",
"900190",8000,"5",2898041,"1",
"980000",237200,"1",2898041,"1",
"980000",237200,"2",2898041,"1",
"980000",237200,"3",2898041,"1",
"980000",237200,"4",2898041,"1",
"980000",237200,"5",2898041,"1",
"980070",239200,"1",2898041,"1",
"980070",239200,"2",2898041,"1",
"980070",239200,"3",2898041,"1",
"980070",239200,"4",2898041,"1",
"980070",239200,"5",2898041,"1",
"900000",229000,"1",2898042,"1",
"900000",229000,"2",2898042,"1",
"900000",229000,"3",2898042,"1",
"900000",229000,"4",2898042,"1",
"900000",229000,"5",2898042,"1",
"900180",200,"1",2898042,"1",
"900180",200,"2",2898042,"1",
"900180",200,"3",2898042,"1",
"900180",200,"4",2898042,"1",
"900180",200,"5",2898042,"1",
"900190",8000,"1",2898042,"1",
"900190",8000,"2",2898042,"1",
"900190",8000,"3",2898042,"1",
"900190",8000,"4",2898042,"1",
"900190",8000,"5",2898042,"1",
"980000",237200,"1",2898042,"1",
"980000",237200,"2",2898042,"1",
"980000",237200,"3",2898042,"1",
"980000",237200,"4",2898042,"1",
"980000",237200,"5",2898042,"1",
"980070",239200,"1",2898042,"1",
"980070",239200,"2",2898042,"1",
"980070",239200,"3",2898042,"1",
"980070",239200,"4",2898042,"1",
"980070",239200,"5",2898042,"1",
"900000",72000,"1",2898051,"1",
"900000",72000,"2",2898051,"1",
"900000",72000,"3",2898051,"1",
"900000",72000,"4",2898051,"1",
"900000",72000,"5",2898051,"1",
"900030",6240,"1",2898051,"1",
"900030",6240,"2",2898051,"1",
"900030",6240,"3",2898051,"1",
"900030",6240,"4",2898051,"1",
"900030",6240,"5",2898051,"1",
"900180",4500,"1",2898051,"1",
"900180",4500,"2",2898051,"1",
"900180",4500,"3",2898051,"1",
"900180",4500,"4",2898051,"1",
"900180",4500,"5",2898051,"1",
"980000",82740,"1",2898051,"1",
"980000",82740,"2",2898051,"1",
"980000",82740,"3",2898051,"1",
"980000",82740,"4",2898051,"1",
"980000",82740,"5",2898051,"1",
"980070",83680,"1",2898051,"1",
"980070",83680,"2",2898051,"1",
"980070",83680,"3",2898051,"1",
"980070",83680,"4",2898051,"1",
"980070",83680,"5",2898051,"1",
"900000",72000,"1",2898052,"1",
"900000",72000,"2",2898052,"1",
"900000",72000,"3",2898052,"1",
"900000",72000,"4",2898052,"1",
"900000",72000,"5",2898052,"1",
"900030",6240,"1",2898052,"1",
"900030",6240,"2",2898052,"1",
"900030",6240,"3",2898052,"1",
"900030",6240,"4",2898052,"1",
"900030",6240,"5",2898052,"1",
"900180",4500,"1",2898052,"1",
"900180",4500,"2",2898052,"1",
"900180",4500,"3",2898052,"1",
"900180",4500,"4",2898052,"1",
"900180",4500,"5",2898052,"1",
"980000",82740,"1",2898052,"1",
"980000",82740,"2",2898052,"1",
"980000",82740,"3",2898052,"1",
"980000",82740,"4",2898052,"1",
"980000",82740,"5",2898052,"1",
"980070",83680,"1",2898052,"1",
"980070",83680,"2",2898052,"1",
"980070",83680,"3",2898052,"1",
"980070",83680,"4",2898052,"1",
"980070",83680,"5",2898052,"1",
"900000",32000,"1",2898061,"1",
"900000",32000,"2",2898061,"1",
"900000",32000,"3",2898061,"1",
"900000",32000,"4",2898061,"1",
"900000",32000,"5",2898061,"1",
"980000",32000,"1",2898061,"1",
"980000",32000,"2",2898061,"1",
"980000",32000,"3",2898061,"1",
"980000",32000,"4",2898061,"1",
"980000",32000,"5",2898061,"1",
"980070",33300,"1",2898061,"1",
"980070",33300,"2",2898061,"1",
"980070",33300,"3",2898061,"1",
"980070",33300,"4",2898061,"1",
"980070",33300,"5",2898061,"1",
"900000",32000,"1",2898062,"1",
"900000",32000,"2",2898062,"1",
"900000",32000,"3",2898062,"1",
"900000",32000,"4",2898062,"1",
"900000",32000,"5",2898062,"1",
"980000",32000,"1",2898062,"1",
"980000",32000,"2",2898062,"1",
"980000",32000,"3",2898062,"1",
"980000",32000,"4",2898062,"1",
"980000",32000,"5",2898062,"1",
"980070",33300,"1",2898062,"1",
"980070",33300,"2",2898062,"1",
"980070",33300,"3",2898062,"1",
"980070",33300,"4",2898062,"1",
"980070",33300,"5",2898062,"1",
"900000",25000,"1",2898091,"1",
"900000",25000,"2",2898091,"1",
"900000",25000,"3",2898091,"1",
"900000",25000,"4",2898091,"1",
"900000",25000,"5",2898091,"1",
"980000",25000,"1",2898091,"1",
"980000",25000,"2",2898091,"1",
"980000",25000,"3",2898091,"1",
"980000",25000,"4",2898091,"1",
"980000",25000,"5",2898091,"1",
"980070",25000,"1",2898091,"1",
"980070",25000,"2",2898091,"1",
"980070",25000,"3",2898091,"1",
"980070",25000,"4",2898091,"1",
"980070",25000,"5",2898091,"1",
"900000",25000,"1",2898092,"1",
"900000",25000,"2",2898092,"1",
"900000",25000,"3",2898092,"1",
"900000",25000,"4",2898092,"1",
"900000",25000,"5",2898092,"1",
"980000",25000,"1",2898092,"1",
"980000",25000,"2",2898092,"1",
"980000",25000,"3",2898092,"1",
"980000",25000,"4",2898092,"1",
"980000",25000,"5",2898092,"1",
"980070",25000,"1",2898092,"1",
"980070",25000,"2",2898092,"1",
"980070",25000,"3",2898092,"1",
"980070",25000,"4",2898092,"1",
"980070",25000,"5",2898092,"1",
"900000",23600,"1",2898112,"1",
"900000",23600,"2",2898112,"1",
"900000",23600,"3",2898112,"1",
"900000",23600,"4",2898112,"1",
"900000",23600,"5",2898112,"1",
"980000",23600,"1",2898112,"1",
"980000",23600,"2",2898112,"1",
"980000",23600,"3",2898112,"1",
"980000",23600,"4",2898112,"1",
"980000",23600,"5",2898112,"1",
"980070",23577,"1",2898112,"1",
"980070",23577,"2",2898112,"1",
"980070",23577,"3",2898112,"1",
"980070",23577,"4",2898112,"1",
"980070",23577,"5",2898112,"1",
"900030",6000,"1",2898121,"1",
"900030",6000,"2",2898121,"1",
"900030",6000,"3",2898121,"1",
"900030",6000,"4",2898121,"1",
"900030",6000,"5",2898121,"1",
"900090",2400,"1",2898121,"1",
"900090",2400,"2",2898121,"1",
"900090",2400,"3",2898121,"1",
"900090",2400,"4",2898121,"1",
"900090",2400,"5",2898121,"1",
"900150",972,"1",2898121,"1",
"900150",972,"2",2898121,"1",
"900150",972,"3",2898121,"1",
"900150",972,"4",2898121,"1",
"900150",972,"5",2898121,"1",
"980000",9372,"1",2898121,"1",
"980000",9372,"2",2898121,"1",
"980000",9372,"3",2898121,"1",
"980000",9372,"4",2898121,"1",
"980000",9372,"5",2898121,"1",
"980070",9372,"1",2898121,"1",
"980070",9372,"2",2898121,"1",
"980070",9372,"3",2898121,"1",
"980070",9372,"4",2898121,"1",
"980070",9372,"5",2898121,"1",
"900030",6000,"1",2898122,"1",
"900030",6000,"2",2898122,"1",
"900030",6000,"3",2898122,"1",
"900030",6000,"4",2898122,"1",
"900030",6000,"5",2898122,"1",
"900090",2400,"1",2898122,"1",
"900090",2400,"2",2898122,"1",
"900090",2400,"3",2898122,"1",
"900090",2400,"4",2898122,"1",
"900090",2400,"5",2898122,"1",
"900150",972,"1",2898122,"1",
"900150",972,"2",2898122,"1",
"900150",972,"3",2898122,"1",
"900150",972,"4",2898122,"1",
"900150",972,"5",2898122,"1",
"980000",9372,"1",2898122,"1",
"980000",9372,"2",2898122,"1",
"980000",9372,"3",2898122,"1",
"980000",9372,"4",2898122,"1",
"980000",9372,"5",2898122,"1",
"980070",9372,"1",2898122,"1",
"980070",9372,"2",2898122,"1",
"980070",9372,"3",2898122,"1",
"980070",9372,"4",2898122,"1",
"980070",9372,"5",2898122,"1",
"900000",47104,"1",2898151,"1",
"900000",43964,"2",2898151,"1",
"900000",40717,"3",2898151,"1",
"900000",41549,"4",2898151,"1",
"900000",45474,"5",2898151,"1",
"900030",18059,"1",2898151,"1",
"900030",18059,"2",2898151,"1",
"900030",18059,"3",2898151,"1",
"900030",18059,"4",2898151,"1",
"900030",18059,"5",2898151,"1",
"900180",36,"1",2898151,"1",
"900180",96,"2",2898151,"1",
"900180",154,"3",2898151,"1",
"900180",112,"4",2898151,"1",
"900180",65,"5",2898151,"1",
"980000",65199,"1",2898151,"1",
"980000",62119,"2",2898151,"1",
"980000",58930,"3",2898151,"1",
"980000",59720,"4",2898151,"1",
"980000",63598,"5",2898151,"1",
"980070",68087,"1",2898151,"1",
"980070",65007,"2",2898151,"1",
"980070",61818,"3",2898151,"1",
"980070",62608,"4",2898151,"1",
"980070",66486,"5",2898151,"1",
"900000",46314,"1",2898152,"1",
"900000",49825,"2",2898152,"1",
"900000",48840,"3",2898152,"1",
"900000",41665,"4",2898152,"1",
"900000",47134,"5",2898152,"1",
"900030",18059,"1",2898152,"1",
"900030",18059,"2",2898152,"1",
"900030",18059,"3",2898152,"1",
"900030",18059,"4",2898152,"1",
"900030",18059,"5",2898152,"1",
"900180",47,"1",2898152,"1",
"900180",26,"2",2898152,"1",
"900180",95,"3",2898152,"1",
"900180",32,"4",2898152,"1",
"900180",6,"5",2898152,"1",
"980000",64420,"1",2898152,"1",
"980000",67910,"2",2898152,"1",
"980000",66994,"3",2898152,"1",
"980000",59756,"4",2898152,"1",
"980000",65199,"5",2898152,"1",
"980070",67308,"1",2898152,"1",
"980070",70798,"2",2898152,"1",
"980070",69882,"3",2898152,"1",
"980070",62644,"4",2898152,"1",
"980070",68087,"5",2898152,"1",
"900030",10211,"1",2898181,"1",
"900030",10211,"2",2898181,"1",
"900030",10211,"3",2898181,"1",
"900030",10211,"4",2898181,"1",
"900030",10211,"5",2898181,"1",
"900150",2268,"1",2898181,"1",
"900150",2268,"2",2898181,"1",
"900150",2268,"3",2898181,"1",
"900150",2268,"4",2898181,"1",
"900150",2268,"5",2898181,"1",
"980000",12479,"1",2898181,"1",
"980000",12479,"2",2898181,"1",
"980000",12479,"3",2898181,"1",
"980000",12479,"4",2898181,"1",
"980000",12479,"5",2898181,"1",
"980070",12479,"1",2898181,"1",
"980070",12479,"2",2898181,"1",
"980070",12479,"3",2898181,"1",
"980070",12479,"4",2898181,"1",
"980070",12479,"5",2898181,"1",
"900030",10211,"1",2898182,"1",
"900030",10211,"2",2898182,"1",
"900030",10211,"3",2898182,"1",
"900030",10211,"4",2898182,"1",
"900030",10211,"5",2898182,"1",
"900150",2268,"1",2898182,"1",
"900150",2268,"2",2898182,"1",
"900150",2268,"3",2898182,"1",
"900150",2268,"4",2898182,"1",
"900150",2268,"5",2898182,"1",
"980000",12479,"1",2898182,"1",
"980000",12479,"2",2898182,"1",
"980000",12479,"3",2898182,"1",
"980000",12479,"4",2898182,"1",
"980000",12479,"5",2898182,"1",
"980070",12479,"1",2898182,"1",
"980070",12479,"2",2898182,"1",
"980070",12479,"3",2898182,"1",
"980070",12479,"4",2898182,"1",
"980070",12479,"5",2898182,"1",
"900000",75744,"1",2898191,"1",
"900000",69978,"2",2898191,"1",
"900000",70485,"3",2898191,"1",
"900000",69480,"4",2898191,"1",
"900000",68751,"5",2898191,"1",
"980000",75744,"1",2898191,"1",
"980000",69978,"2",2898191,"1",
"980000",70485,"3",2898191,"1",
"980000",69480,"4",2898191,"1",
"980000",68751,"5",2898191,"1",
"980070",75744,"1",2898191,"1",
"980070",69978,"2",2898191,"1",
"980070",70485,"3",2898191,"1",
"980070",69480,"4",2898191,"1",
"980070",68751,"5",2898191,"1",
"900000",72437,"1",2898192,"1",
"900000",73521,"2",2898192,"1",
"900000",69730,"3",2898192,"1",
"900000",65914,"4",2898192,"1",
"900000",72060,"5",2898192,"1",
"980000",72437,"1",2898192,"1",
"980000",73521,"2",2898192,"1",
"980000",69730,"3",2898192,"1",
"980000",65914,"4",2898192,"1",
"980000",72060,"5",2898192,"1",
"980070",72437,"1",2898192,"1",
"980070",73521,"2",2898192,"1",
"980070",69730,"3",2898192,"1",
"980070",65914,"4",2898192,"1",
"980070",72060,"5",2898192,"1",
"900000",35000,"1",2898211,"1",
"900000",35000,"2",2898211,"1",
"900000",35000,"3",2898211,"1",
"900000",35000,"4",2898211,"1",
"900000",35000,"5",2898211,"1",
"900180",87,"1",2898211,"1",
"900180",32,"2",2898211,"1",
"900180",83,"3",2898211,"1",
"900180",137,"4",2898211,"1",
"900180",24,"5",2898211,"1",
"980000",35087,"1",2898211,"1",
"980000",35032,"2",2898211,"1",
"980000",35083,"3",2898211,"1",
"980000",35137,"4",2898211,"1",
"980000",35024,"5",2898211,"1",
"980070",41585,"1",2898211,"1","T"
"980070",41585,"2",2898211,"1","T"
"980070",41585,"3",2898211,"1","T"
"980070",41585,"4",2898211,"1","T"
"980070",41585,"5",2898211,"1","T"
"900000",35000,"1",2898212,"1",
"900000",35000,"2",2898212,"1",
"900000",35000,"3",2898212,"1",
"900000",35000,"4",2898212,"1",
"900000",35000,"5",2898212,"1",
"900180",94,"1",2898212,"1",
"900180",952,"2",2898212,"1",
"900180",70,"3",2898212,"1",
"900180",99,"4",2898212,"1",
"900180",59,"5",2898212,"1",
"980000",35094,"1",2898212,"1",
"980000",35952,"2",2898212,"1",
"980000",35070,"3",2898212,"1",
"980000",35099,"4",2898212,"1",
"980000",35059,"5",2898212,"1",
"980070",41767,"1",2898212,"1","T"
"980070",41767,"2",2898212,"1","T"
"980070",41767,"3",2898212,"1","T"
"980070",41767,"4",2898212,"1","T"
"980070",41767,"5",2898212,"1","T"
"900160",35000,"1",2898221,"1",
"900160",12088,"2",2898221,"1",
"900160",20692,"3",2898221,"1",
"900160",55091,"4",2898221,"1",
"900160",27603,"5",2898221,"1",
"980000",35000,"1",2898221,"1",
"980000",12088,"2",2898221,"1",
"980000",20692,"3",2898221,"1",
"980000",55091,"4",2898221,"1",
"980000",27603,"5",2898221,"1",
"980070",35000,"1",2898221,"1",
"980070",12088,"2",2898221,"1",
"980070",20692,"3",2898221,"1",
"980070",55091,"4",2898221,"1",
"980070",27603,"5",2898221,"1",
"900160",6166,"1",2898222,"1",
"900160",73494,"2",2898222,"1",
"900160",16865,"3",2898222,"1",
"900160",24333,"4",2898222,"1",
"900160",815,"5",2898222,"1",
"980000",6166,"1",2898222,"1",
"980000",73494,"2",2898222,"1",
"980000",16865,"3",2898222,"1",
"980000",24333,"4",2898222,"1",
"980000",815,"5",2898222,"1",
"980070",6166,"1",2898222,"1",
"980070",73494,"2",2898222,"1",
"980070",16865,"3",2898222,"1",
"980070",24333,"4",2898222,"1",
"980070",815,"5",2898222,"1",
"900180",38657,"1",2898251,"1","T"
"900180",38657,"2",2898251,"1","T"
"900180",38657,"3",2898251,"1","T"
"900180",38657,"4",2898251,"1","T"
"900180",38657,"5",2898251,"1","T"
"980000",38657,"1",2898251,"1","T"
"980000",38657,"2",2898251,"1","T"
"980000",38657,"3",2898251,"1","T"
"980000",38657,"4",2898251,"1","T"
"980000",38657,"5",2898251,"1","T"
"980070",38657,"1",2898251,"1","T"
"980070",38657,"2",2898251,"1","T"
"980070",38657,"3",2898251,"1","T"
"980070",38657,"4",2898251,"1","T"
"980070",38657,"5",2898251,"1","T"
"900030",12672,"1",2898252,"1",
"900030",18852,"2",2898252,"1",
"900030",13104,"3",2898252,"1",
"900030",19968,"4",2898252,"1",
"900030",23340,"5",2898252,"1",
"900090",7882,"1",2898252,"1",
"900090",743,"2",2898252,"1",
"900090",8540,"3",2898252,"1",
"900090",6545,"4",2898252,"1",
"900090",16482,"5",2898252,"1",
"900180",38657,"1",2898252,"1","T"
"900180",38657,"2",2898252,"1","T"
"900180",38657,"3",2898252,"1","T"
"900180",38657,"4",2898252,"1","T"
"900180",38657,"5",2898252,"1","T"
"980000",64283,"1",2898252,"1","T"
"980000",64283,"2",2898252,"1","T"
"980000",64283,"3",2898252,"1","T"
"980000",64283,"4",2898252,"1","T"
"980000",64283,"5",2898252,"1","T"
"980070",64283,"1",2898252,"1","T"
"980070",64283,"2",2898252,"1","T"
"980070",64283,"3",2898252,"1","T"
"980070",64283,"4",2898252,"1","T"
"980070",64283,"5",2898252,"1","T"
"900000",36755,"1",2898261,"1",
"900000",65310,"2",2898261,"1",
"900000",35789,"3",2898261,"1",
"900000",31135,"4",2898261,"1",
"900000",28935,"5",2898261,"1",
"980000",36755,"1",2898261,"1",
"980000",65310,"2",2898261,"1",
"980000",35789,"3",2898261,"1",
"980000",31135,"4",2898261,"1",
"980000",28935,"5",2898261,"1",
"980070",36755,"1",2898261,"1",
"980070",65310,"2",2898261,"1",
"980070",35789,"3",2898261,"1",
"980070",31135,"4",2898261,"1",
"980070",28935,"5",2898261,"1",
"900000",64729,"1",2898262,"1",
"900000",15701,"2",2898262,"1",
"900000",972,"3",2898262,"1",
"900000",29811,"4",2898262,"1",
"900000",29641,"5",2898262,"1",
"980000",64729,"1",2898262,"1",
"980000",15701,"2",2898262,"1",
"980000",972,"3",2898262,"1",
"980000",29811,"4",2898262,"1",
"980000",29641,"5",2898262,"1",
"980070",64729,"1",2898262,"1",
"980070",15701,"2",2898262,"1",
"980070",972,"3",2898262,"1",
"980070",29811,"4",2898262,"1",
"980070",29641,"5",2898262,"1",
"900000",104956,"1",2898271,"1",
"900000",4078,"2",2898271,"1",
"900000",2712,"3",2898271,"1",
"900000",1510,"4",2898271,"1",
"900000",36169,"5",2898271,"1",
"900030",7595,"1",2898271,"1",
"900030",26051,"2",2898271,"1",
"900030",22307,"3",2898271,"1",
"900030",17207,"4",2898271,"1",
"900030",17327,"5",2898271,"1",
"980000",112551,"1",2898271,"1",
"980000",30129,"2",2898271,"1",
"980000",25019,"3",2898271,"1",
"980000",18717,"4",2898271,"1",
"980000",53496,"5",2898271,"1",
"980070",112551,"1",2898271,"1",
"980070",30129,"2",2898271,"1",
"980070",25019,"3",2898271,"1",
"980070",18717,"4",2898271,"1",
"980070",53496,"5",2898271,"1",
"900000",17414,"1",2898272,"1",
"900000",40250,"2",2898272,"1",
"900000",89852,"3",2898272,"1",
"900000",21793,"4",2898272,"1",
"900000",5268,"5",2898272,"1",
"900030",9515,"1",2898272,"1",
"900030",14123,"2",2898272,"1",
"900030",9551,"3",2898272,"1",
"900030",32099,"4",2898272,"1",
"900030",17159,"5",2898272,"1",
"980000",26929,"1",2898272,"1",
"980000",54373,"2",2898272,"1",
"980000",99403,"3",2898272,"1",
"980000",53892,"4",2898272,"1",
"980000",22427,"5",2898272,"1",
"980070",26929,"1",2898272,"1",
"980070",54373,"2",2898272,"1",
"980070",99403,"3",2898272,"1",
"980070",53892,"4",2898272,"1",
"980070",22427,"5",2898272,"1",
"900030",18707,"1",2898281,"1",
"900030",18707,"2",2898281,"1",
"900030",18707,"3",2898281,"1",
"900030",18707,"4",2898281,"1",
"900030",18707,"5",2898281,"1",
"900140",48771,"1",2898281,"1","T"
"900140",48771,"2",2898281,"1","T"
"900140",48771,"3",2898281,"1","T"
"900140",48771,"4",2898281,"1","T"
"900140",48771,"5",2898281,"1","T"
"900170",4000,"1",2898281,"1",
"900170",4000,"2",2898281,"1",
"900170",4000,"3",2898281,"1",
"900170",4000,"4",2898281,"1",
"900170",4000,"5",2898281,"1",
"900180",5038,"1",2898281,"1",
"900180",5371,"2",2898281,"1",
"900180",5401,"3",2898281,"1",
"900180",5432,"4",2898281,"1",
"900180",5553,"5",2898281,"1",
"980000",76837,"1",2898281,"1","T"
"980000",76837,"2",2898281,"1","T"
"980000",76837,"3",2898281,"1","T"
"980000",76837,"4",2898281,"1","T"
"980000",76837,"5",2898281,"1","T"
"980070",76837,"1",2898281,"1","T"
"980070",76837,"2",2898281,"1","T"
"980070",76837,"3",2898281,"1","T"
"980070",76837,"4",2898281,"1","T"
"980070",76837,"5",2898281,"1","T"
"900030",18707,"1",2898282,"1",
"900030",18707,"2",2898282,"1",
"900030",18707,"3",2898282,"1",
"900030",18707,"4",2898282,"1",
"900030",18707,"5",2898282,"1",
"900140",48771,"1",2898282,"1","T"
"900140",48771,"2",2898282,"1","T"
"900140",48771,"3",2898282,"1","T"
"900140",48771,"4",2898282,"1","T"
"900140",48771,"5",2898282,"1","T"
"900170",4000,"1",2898282,"1",
"900170",4000,"2",2898282,"1",
"900170",4000,"3",2898282,"1",
"900170",4000,"4",2898282,"1",
"900170",4000,"5",2898282,"1",
"900180",7820,"1",2898282,"1",
"900180",5013,"2",2898282,"1",
"900180",5728,"3",2898282,"1",
"900180",6073,"4",2898282,"1",
"900180",9745,"5",2898282,"1",
"980000",78354,"1",2898282,"1","T"
"980000",78354,"2",2898282,"1","T"
"980000",78354,"3",2898282,"1","T"
"980000",78354,"4",2898282,"1","T"
"980000",78354,"5",2898282,"1","T"
"980070",78354,"1",2898282,"1","T"
"980070",78354,"2",2898282,"1","T"
"980070",78354,"3",2898282,"1","T"
"980070",78354,"4",2898282,"1","T"
"980070",78354,"5",2898282,"1","T"
"900000",9000,"1",2898312,"1",
"900000",9000,"2",2898312,"1",
"900000",9000,"3",2898312,"1",
"900000",9000,"4",2898312,"1",
"900000",9000,"5",2898312,"1",
"900210",4956,"1",2898312,"1",
"900210",4956,"2",2898312,"1",
"900210",4956,"3",2898312,"1",
"900210",4956,"4",2898312,"1",
"900210",4956,"5",2898312,"1",
"980000",13956,"1",2898312,"1",
"980000",13956,"2",2898312,"1",
"980000",13956,"3",2898312,"1",
"980000",13956,"4",2898312,"1",
"980000",13956,"5",2898312,"1",
"980070",16556,"1",2898312,"1",
"980070",16556,"2",2898312,"1",
"980070",16556,"3",2898312,"1",
"980070",16556,"4",2898312,"1",
"980070",16556,"5",2898312,"1",
"900000",20821,"1",2898321,"1",
"900000",21479,"2",2898321,"1",
"900000",26474,"3",2898321,"1",
"900000",28119,"4",2898321,"1",
"900000",25656,"5",2898321,"1",
"980000",20821,"1",2898321,"1",
"980000",21479,"2",2898321,"1",
"980000",26474,"3",2898321,"1",
"980000",28119,"4",2898321,"1",
"980000",25656,"5",2898321,"1",
"980070",20821,"1",2898321,"1",
"980070",21479,"2",2898321,"1",
"980070",26474,"3",2898321,"1",
"980070",28119,"4",2898321,"1",
"980070",25656,"5",2898321,"1",
"900000",22202,"1",2898322,"1",
"900000",20251,"2",2898322,"1",
"900000",28357,"3",2898322,"1",
"900000",26959,"4",2898322,"1",
"900000",23886,"5",2898322,"1",
"980000",22202,"1",2898322,"1",
"980000",20251,"2",2898322,"1",
"980000",28357,"3",2898322,"1",
"980000",26959,"4",2898322,"1",
"980000",23886,"5",2898322,"1",
"980070",22202,"1",2898322,"1",
"980070",20251,"2",2898322,"1",
"980070",28357,"3",2898322,"1",
"980070",26959,"4",2898322,"1",
"980070",23886,"5",2898322,"1",
"900000",890,"1",2898341,"1",
"900000",890,"2",2898341,"1",
"900000",890,"3",2898341,"1",
"900000",890,"4",2898341,"1",
"900000",890,"5",2898341,"1",
"900170",500,"1",2898341,"1",
"900170",500,"2",2898341,"1",
"900170",500,"3",2898341,"1",
"900170",500,"4",2898341,"1",
"900170",500,"5",2898341,"1",
"900210",800,"1",2898341,"1",
"900210",800,"2",2898341,"1",
"900210",800,"3",2898341,"1",
"900210",800,"4",2898341,"1",
"900210",800,"5",2898341,"1",
"980000",2190,"1",2898341,"1",
"980000",2190,"2",2898341,"1",
"980000",2190,"3",2898341,"1",
"980000",2190,"4",2898341,"1",
"980000",2190,"5",2898341,"1",
"980070",10390,"1",2898341,"1",
"980070",10390,"2",2898341,"1",
"980070",10390,"3",2898341,"1",
"980070",10390,"4",2898341,"1",
"980070",10390,"5",2898341,"1",
"900000",890,"1",2898342,"1",
"900000",890,"2",2898342,"1",
"900000",890,"3",2898342,"1",
"900000",890,"4",2898342,"1",
"900000",890,"5",2898342,"1",
"900170",500,"1",2898342,"1",
"900170",500,"2",2898342,"1",
"900170",500,"3",2898342,"1",
"900170",500,"4",2898342,"1",
"900170",500,"5",2898342,"1",
"900210",800,"1",2898342,"1",
"900210",800,"2",2898342,"1",
"900210",800,"3",2898342,"1",
"900210",800,"4",2898342,"1",
"900210",800,"5",2898342,"1",
"980000",2190,"1",2898342,"1",
"980000",2190,"2",2898342,"1",
"980000",2190,"3",2898342,"1",
"980000",2190,"4",2898342,"1",
"980000",2190,"5",2898342,"1",
"980070",10390,"1",2898342,"1",
"980070",10390,"2",2898342,"1",
"980070",10390,"3",2898342,"1",
"980070",10390,"4",2898342,"1",
"980070",10390,"5",2898342,"1",
"900000",235000,"1",2898351,"1",
"900000",235000,"2",2898351,"1",
"900000",235000,"3",2898351,"1",
"900000",235000,"4",2898351,"1",
"900000",235000,"5",2898351,"1",
"980000",235000,"1",2898351,"1",
"980000",235000,"2",2898351,"1",
"980000",235000,"3",2898351,"1",
"980000",235000,"4",2898351,"1",
"980000",235000,"5",2898351,"1",
"980070",239800,"1",2898351,"1",
"980070",239800,"2",2898351,"1",
"980070",239800,"3",2898351,"1",
"980070",239800,"4",2898351,"1",
"980070",239800,"5",2898351,"1",
"900000",235000,"1",2898352,"1",
"900000",235000,"2",2898352,"1",
"900000",235000,"3",2898352,"1",
"900000",235000,"4",2898352,"1",
"900000",235000,"5",2898352,"1",
"980000",235000,"1",2898352,"1",
"980000",235000,"2",2898352,"1",
"980000",235000,"3",2898352,"1",
"980000",235000,"4",2898352,"1",
"980000",235000,"5",2898352,"1",
"980070",239800,"1",2898352,"1",
"980070",239800,"2",2898352,"1",
"980070",239800,"3",2898352,"1",
"980070",239800,"4",2898352,"1",
"980070",239800,"5",2898352,"1",
"800940",10967,"1",2898371,"1","T"
"800940",10967,"2",2898371,"1","T"
"800940",10967,"3",2898371,"1","T"
"800940",10967,"4",2898371,"1","T"
"800940",10967,"5",2898371,"1","T"
"900000",45000,"1",2898371,"1",
"900000",45000,"2",2898371,"1",
"900000",45000,"3",2898371,"1",
"900000",45000,"4",2898371,"1",
"900000",45000,"5",2898371,"1",
"900160",3268,"1",2898371,"1",
"900160",2104,"2",2898371,"1",
"900160",110356,"3",2898371,"1",
"900160",3563,"4",2898371,"1",
"900160",3312,"5",2898371,"1",
"900180",1500,"1",2898371,"1",
"900180",1500,"2",2898371,"1",
"900180",1500,"3",2898371,"1",
"900180",1500,"4",2898371,"1",
"900180",1500,"5",2898371,"1",
"980000",49768,"1",2898371,"1",
"980000",48604,"2",2898371,"1",
"980000",156856,"3",2898371,"1",
"980000",50063,"4",2898371,"1",
"980000",49812,"5",2898371,"1",
"980070",39368,"1",2898371,"1",
"980070",38204,"2",2898371,"1",
"980070",146456,"3",2898371,"1",
"980070",39663,"4",2898371,"1",
"980070",39412,"5",2898371,"1",
"800940",7102,"1",2898372,"1",
"800940",7609,"2",2898372,"1",
"800940",3754,"3",2898372,"1",
"800940",5008,"4",2898372,"1",
"800940",6811,"5",2898372,"1",
"900000",45000,"1",2898372,"1",
"900000",45000,"2",2898372,"1",
"900000",45000,"3",2898372,"1",
"900000",45000,"4",2898372,"1",
"900000",45000,"5",2898372,"1",
"900160",23916,"1",2898372,"1",
"900160",27231,"2",2898372,"1",
"900160",2036,"3",2898372,"1",
"900160",10229,"4",2898372,"1",
"900160",22017,"5",2898372,"1",
"900180",1500,"1",2898372,"1",
"900180",1500,"2",2898372,"1",
"900180",1500,"3",2898372,"1",
"900180",1500,"4",2898372,"1",
"900180",1500,"5",2898372,"1",
"980000",70416,"1",2898372,"1",
"980000",73731,"2",2898372,"1",
"980000",48536,"3",2898372,"1",
"980000",56729,"4",2898372,"1",
"980000",68517,"5",2898372,"1",
"980070",60016,"1",2898372,"1",
"980070",63331,"2",2898372,"1",
"980070",38136,"3",2898372,"1",
"980070",46329,"4",2898372,"1",
"980070",58117,"5",2898372,"1",
"900000",120000,"1",2898391,"1",
"900000",120000,"2",2898391,"1",
"900000",120000,"3",2898391,"1",
"900000",120000,"4",2898391,"1",
"900000",120000,"5",2898391,"1",
"900180",126,"1",2898391,"1",
"900180",572,"2",2898391,"1",
"900180",75,"3",2898391,"1",
"900180",90,"4",2898391,"1",
"900180",147,"5",2898391,"1",
"900210",1200,"1",2898391,"1",
"900210",1200,"2",2898391,"1",
"900210",1200,"3",2898391,"1",
"900210",1200,"4",2898391,"1",
"900210",1200,"5",2898391,"1",
"980000",121326,"1",2898391,"1",
"980000",121772,"2",2898391,"1",
"980000",121275,"3",2898391,"1",
"980000",121290,"4",2898391,"1",
"980000",121347,"5",2898391,"1",
"980070",121901,"1",2898391,"1",
"980070",122347,"2",2898391,"1",
"980070",121850,"3",2898391,"1",
"980070",121865,"4",2898391,"1",
"980070",121922,"5",2898391,"1",
"900000",120000,"1",2898392,"1",
"900000",120000,"2",2898392,"1",
"900000",120000,"3",2898392,"1",
"900000",120000,"4",2898392,"1",
"900000",120000,"5",2898392,"1",
"900180",118,"1",2898392,"1",
"900180",111,"2",2898392,"1",
"900180",4,"3",2898392,"1",
"900180",67,"4",2898392,"1",
"900180",21,"5",2898392,"1",
"900210",1200,"1",2898392,"1",
"900210",1200,"2",2898392,"1",
"900210",1200,"3",2898392,"1",
"900210",1200,"4",2898392,"1",
"900210",1200,"5",2898392,"1",
"980000",121318,"1",2898392,"1",
"980000",121311,"2",2898392,"1",
"980000",121204,"3",2898392,"1",
"980000",121267,"4",2898392,"1",
"980000",121221,"5",2898392,"1",
"980070",121893,"1",2898392,"1",
"980070",121886,"2",2898392,"1",
"980070",121779,"3",2898392,"1",
"980070",121842,"4",2898392,"1",
"980070",121796,"5",2898392,"1",
"900030",18659,"1",2898421,"1",
"900030",18659,"2",2898421,"1",
"900030",18659,"3",2898421,"1",
"900030",18659,"4",2898421,"1",
"900030",18659,"5",2898421,"1",
"900150",108000,"1",2898421,"1",
"900150",108000,"2",2898421,"1",
"900150",108000,"3",2898421,"1",
"900150",108000,"4",2898421,"1",
"900150",108000,"5",2898421,"1",
"900160",45080,"1",2898421,"1",
"900160",30807,"2",2898421,"1",
"900160",26560,"3",2898421,"1",
"900160",34392,"4",2898421,"1",
"900160",74400,"5",2898421,"1",
"900170",5496,"1",2898421,"1",
"900170",5496,"2",2898421,"1",
"900170",5496,"3",2898421,"1",
"900170",5496,"4",2898421,"1",
"900170",5496,"5",2898421,"1",
"980000",177235,"1",2898421,"1",
"980000",162962,"2",2898421,"1",
"980000",158715,"3",2898421,"1",
"980000",166547,"4",2898421,"1",
"980000",206555,"5",2898421,"1",
"980070",183235,"1",2898421,"1",
"980070",168962,"2",2898421,"1",
"980070",164715,"3",2898421,"1",
"980070",172547,"4",2898421,"1",
"980070",212555,"5",2898421,"1",
"900030",18659,"1",2898422,"1",
"900030",18659,"2",2898422,"1",
"900030",18659,"3",2898422,"1",
"900030",18659,"4",2898422,"1",
"900030",18659,"5",2898422,"1",
"900150",108000,"1",2898422,"1",
"900150",108000,"2",2898422,"1",
"900150",108000,"3",2898422,"1",
"900150",108000,"4",2898422,"1",
"900150",108000,"5",2898422,"1",
"900160",79515,"1",2898422,"1",
"900160",34924,"2",2898422,"1",
"900160",22019,"3",2898422,"1",
"900160",70249,"4",2898422,"1",
"900160",73496,"5",2898422,"1",
"900170",5496,"1",2898422,"1",
"900170",5496,"2",2898422,"1",
"900170",5496,"3",2898422,"1",
"900170",5496,"4",2898422,"1",
"900170",5496,"5",2898422,"1",
"980000",211670,"1",2898422,"1",
"980000",167079,"2",2898422,"1",
"980000",154174,"3",2898422,"1",
"980000",202404,"4",2898422,"1",
"980000",205651,"5",2898422,"1",
"980070",217670,"1",2898422,"1",
"980070",173079,"2",2898422,"1",
"980070",160174,"3",2898422,"1",
"980070",208404,"4",2898422,"1",
"980070",211651,"5",2898422,"1",
"900030",38518,"1",2898431,"1",
"900030",38518,"2",2898431,"1",
"900030",38518,"3",2898431,"1",
"900030",38518,"4",2898431,"1",
"900030",38518,"5",2898431,"1",
"900170",22228,"1",2898431,"1",
"900170",25706,"2",2898431,"1",
"900170",24005,"3",2898431,"1",
"900170",21088,"4",2898431,"1",
"900170",25417,"5",2898431,"1",
"900180",30000,"1",2898431,"1",
"900180",30000,"2",2898431,"1",
"900180",30000,"3",2898431,"1",
"900180",30000,"4",2898431,"1",
"900180",30000,"5",2898431,"1",
"980000",90746,"1",2898431,"1",
"980000",94224,"2",2898431,"1",
"980000",92523,"3",2898431,"1",
"980000",89606,"4",2898431,"1",
"980000",93935,"5",2898431,"1",
"980070",90496,"1",2898431,"1",
"980070",93974,"2",2898431,"1",
"980070",92273,"3",2898431,"1",
"980070",89356,"4",2898431,"1",
"980070",93685,"5",2898431,"1",
"900030",38518,"1",2898432,"1",
"900030",38518,"2",2898432,"1",
"900030",38518,"3",2898432,"1",
"900030",38518,"4",2898432,"1",
"900030",38518,"5",2898432,"1",
"900170",23974,"1",2898432,"1",
"900170",24973,"2",2898432,"1",
"900170",22108,"3",2898432,"1",
"900170",25484,"4",2898432,"1",
"900170",29338,"5",2898432,"1",
"900180",30000,"1",2898432,"1",
"900180",30000,"2",2898432,"1",
"900180",30000,"3",2898432,"1",
"900180",30000,"4",2898432,"1",
"900180",30000,"5",2898432,"1",
"980000",92492,"1",2898432,"1",
"980000",93491,"2",2898432,"1",
"980000",90626,"3",2898432,"1",
"980000",94002,"4",2898432,"1",
"980000",97856,"5",2898432,"1",
"980070",92242,"1",2898432,"1",
"980070",93241,"2",2898432,"1",
"980070",90376,"3",2898432,"1",
"980070",93752,"4",2898432,"1",
"980070",97606,"5",2898432,"1",
"900000",55000,"1",2898451,"1",
"900000",55000,"2",2898451,"1",
"900000",55000,"3",2898451,"1",
"900000",55000,"4",2898451,"1",
"900000",55000,"5",2898451,"1",
"900030",54118,"1",2898451,"1",
"900030",54118,"2",2898451,"1",
"900030",54118,"3",2898451,"1",
"900030",54118,"4",2898451,"1",
"900030",54118,"5",2898451,"1",
"900090",1400,"1",2898451,"1",
"900090",1400,"2",2898451,"1",
"900090",1400,"3",2898451,"1",
"900090",1400,"4",2898451,"1",
"900090",1400,"5",2898451,"1",
"980000",110518,"1",2898451,"1",
"980000",110518,"2",2898451,"1",
"980000",110518,"3",2898451,"1",
"980000",110518,"4",2898451,"1",
"980000",110518,"5",2898451,"1",
"980070",114518,"1",2898451,"1",
"980070",114518,"2",2898451,"1",
"980070",114518,"3",2898451,"1",
"980070",114518,"4",2898451,"1",
"980070",114518,"5",2898451,"1",
"900000",55000,"1",2898452,"1",
"900000",55000,"2",2898452,"1",
"900000",55000,"3",2898452,"1",
"900000",55000,"4",2898452,"1",
"900000",55000,"5",2898452,"1",
"900030",54118,"1",2898452,"1",
"900030",54118,"2",2898452,"1",
"900030",54118,"3",2898452,"1",
"900030",54118,"4",2898452,"1",
"900030",54118,"5",2898452,"1",
"900090",1400,"1",2898452,"1",
"900090",1400,"2",2898452,"1",
"900090",1400,"3",2898452,"1",
"900090",1400,"4",2898452,"1",
"900090",1400,"5",2898452,"1",
"980000",110518,"1",2898452,"1",
"980000",110518,"2",2898452,"1",
"980000",110518,"3",2898452,"1",
"980000",110518,"4",2898452,"1",
"980000",110518,"5",2898452,"1",
"980070",114518,"1",2898452,"1",
"980070",114518,"2",2898452,"1",
"980070",114518,"3",2898452,"1",
"980070",114518,"4",2898452,"1",
"980070",114518,"5",2898452,"1",
"900000",410973,"1",2898471,"1","T"
"900000",410973,"2",2898471,"1","T"
"900000",410973,"3",2898471,"1","T"
"900000",410973,"4",2898471,"1","T"
"900000",410973,"5",2898471,"1","T"
"900180",19490,"1",2898471,"1",
"900180",51,"2",2898471,"1",
"900180",1,"3",2898471,"1",
"900180",10,"4",2898471,"1",
"900180",19331,"5",2898471,"1",
"980000",418750,"1",2898471,"1","T"
"980000",418750,"2",2898471,"1","T"
"980000",418750,"3",2898471,"1","T"
"980000",418750,"4",2898471,"1","T"
"980000",418750,"5",2898471,"1","T"
"980070",418750,"1",2898471,"1","T"
"980070",418750,"2",2898471,"1","T"
"980070",418750,"3",2898471,"1","T"
"980070",418750,"4",2898471,"1","T"
"980070",418750,"5",2898471,"1","T"
"900000",410973,"1",2898472,"1","T"
"900000",410973,"2",2898472,"1","T"
"900000",410973,"3",2898472,"1","T"
"900000",410973,"4",2898472,"1","T"
"900000",410973,"5",2898472,"1","T"
"900180",9716,"1",2898472,"1",
"900180",5086,"2",2898472,"1",
"900180",349,"3",2898472,"1",
"900180",408,"4",2898472,"1",
"900180",204,"5",2898472,"1",
"980000",414126,"1",2898472,"1","T"
"980000",414126,"2",2898472,"1","T"
"980000",414126,"3",2898472,"1","T"
"980000",414126,"4",2898472,"1","T"
"980000",414126,"5",2898472,"1","T"
"980070",414126,"1",2898472,"1","T"
"980070",414126,"2",2898472,"1","T"
"980070",414126,"3",2898472,"1","T"
"980070",414126,"4",2898472,"1","T"
"980070",414126,"5",2898472,"1","T"
"900000",263864,"1",2898491,"1","T"
"900000",263864,"2",2898491,"1","T"
"900000",263864,"3",2898491,"1","T"
"900000",263864,"4",2898491,"1","T"
"900000",263864,"5",2898491,"1","T"
"900180",1800,"1",2898491,"1",
"900180",1800,"2",2898491,"1",
"900180",1800,"3",2898491,"1",
"900180",1800,"4",2898491,"1",
"900180",1800,"5",2898491,"1",
"980000",265664,"1",2898491,"1","T"
"980000",265664,"2",2898491,"1","T"
"980000",265664,"3",2898491,"1","T"
"980000",265664,"4",2898491,"1","T"
"980000",265664,"5",2898491,"1","T"
"980070",265664,"1",2898491,"1","T"
"980070",265664,"2",2898491,"1","T"
"980070",265664,"3",2898491,"1","T"
"980070",265664,"4",2898491,"1","T"
"980070",265664,"5",2898491,"1","T"
"900000",258424,"1",2898492,"1","T"
"900000",258424,"2",2898492,"1","T"
"900000",258424,"3",2898492,"1","T"
"900000",258424,"4",2898492,"1","T"
"900000",258424,"5",2898492,"1","T"
"900180",1800,"1",2898492,"1",
"900180",1800,"2",2898492,"1",
"900180",1800,"3",2898492,"1",
"900180",1800,"4",2898492,"1",
"900180",1800,"5",2898492,"1",
"980000",260224,"1",2898492,"1","T"
"980000",260224,"2",2898492,"1","T"
"980000",260224,"3",2898492,"1","T"
"980000",260224,"4",2898492,"1","T"
"980000",260224,"5",2898492,"1","T"
"980070",260224,"1",2898492,"1","T"
"980070",260224,"2",2898492,"1","T"
"980070",260224,"3",2898492,"1","T"
"980070",260224,"4",2898492,"1","T"
"980070",260224,"5",2898492,"1","T"
"900000",100000,"1",2898511,"1",
"900000",100000,"2",2898511,"1",
"900000",100000,"3",2898511,"1",
"900000",100000,"4",2898511,"1",
"900000",100000,"5",2898511,"1",
"980000",100000,"1",2898511,"1",
"980000",100000,"2",2898511,"1",
"980000",100000,"3",2898511,"1",
"980000",100000,"4",2898511,"1",
"980000",100000,"5",2898511,"1",
"980070",100000,"1",2898511,"1",
"980070",100000,"2",2898511,"1",
"980070",100000,"3",2898511,"1",
"980070",100000,"4",2898511,"1",
"980070",100000,"5",2898511,"1",
"900000",100000,"1",2898512,"1",
"900000",100000,"2",2898512,"1",
"900000",100000,"3",2898512,"1",
"900000",100000,"4",2898512,"1",
"900000",100000,"5",2898512,"1",
"980000",100000,"1",2898512,"1",
"980000",100000,"2",2898512,"1",
"980000",100000,"3",2898512,"1",
"980000",100000,"4",2898512,"1",
"980000",100000,"5",2898512,"1",
"980070",100000,"1",2898512,"1",
"980070",100000,"2",2898512,"1",
"980070",100000,"3",2898512,"1",
"980070",100000,"4",2898512,"1",
"980070",100000,"5",2898512,"1",
"900000",65000,"1",2898551,"1",
"900000",65000,"2",2898551,"1",
"900000",65000,"3",2898551,"1",
"900000",65000,"4",2898551,"1",
"900000",65000,"5",2898551,"1",
"980000",65000,"1",2898551,"1",
"980000",65000,"2",2898551,"1",
"980000",65000,"3",2898551,"1",
"980000",65000,"4",2898551,"1",
"980000",65000,"5",2898551,"1",
"980070",64000,"1",2898551,"1",
"980070",64000,"2",2898551,"1",
"980070",64000,"3",2898551,"1",
"980070",64000,"4",2898551,"1",
"980070",64000,"5",2898551,"1",
"900000",65000,"1",2898552,"1",
"900000",65000,"2",2898552,"1",
"900000",65000,"3",2898552,"1",
"900000",65000,"4",2898552,"1",
"900000",65000,"5",2898552,"1",
"980000",65000,"1",2898552,"1",
"980000",65000,"2",2898552,"1",
"980000",65000,"3",2898552,"1",
"980000",65000,"4",2898552,"1",
"980000",65000,"5",2898552,"1",
"980070",64000,"1",2898552,"1",
"980070",64000,"2",2898552,"1",
"980070",64000,"3",2898552,"1",
"980070",64000,"4",2898552,"1",
"980070",64000,"5",2898552,"1",
"900030",23844,"1",2898571,"1",
"900030",22212,"2",2898571,"1",
"900030",11892,"3",2898571,"1",
"900030",9504,"4",2898571,"1",
"900030",19272,"5",2898571,"1",
"900090",61,"1",2898571,"1",
"900090",7589,"2",2898571,"1",
"900090",2075,"3",2898571,"1",
"900090",694,"4",2898571,"1",
"900090",10437,"5",2898571,"1",
"980000",23905,"1",2898571,"1",
"980000",29801,"2",2898571,"1",
"980000",13967,"3",2898571,"1",
"980000",10198,"4",2898571,"1",
"980000",29709,"5",2898571,"1",
"980070",23905,"1",2898571,"1",
"980070",29801,"2",2898571,"1",
"980070",13967,"3",2898571,"1",
"980070",10198,"4",2898571,"1",
"980070",29709,"5",2898571,"1",
"900170",4559,"1",2898572,"1",
"900170",27133,"2",2898572,"1",
"900170",25106,"3",2898572,"1",
"900170",18949,"4",2898572,"1",
"900170",11637,"5",2898572,"1",
"980000",4559,"1",2898572,"1",
"980000",27133,"2",2898572,"1",
"980000",25106,"3",2898572,"1",
"980000",18949,"4",2898572,"1",
"980000",11637,"5",2898572,"1",
"980070",4559,"1",2898572,"1",
"980070",27133,"2",2898572,"1",
"980070",25106,"3",2898572,"1",
"980070",18949,"4",2898572,"1",
"980070",11637,"5",2898572,"1",
"900030",40918,"1",2898581,"1",
"900030",40918,"2",2898581,"1",
"900030",40918,"3",2898581,"1",
"900030",40918,"4",2898581,"1",
"900030",40918,"5",2898581,"1",
"900170",13800,"1",2898581,"1",
"900170",13800,"2",2898581,"1",
"900170",13800,"3",2898581,"1",
"900170",13800,"4",2898581,"1",
"900170",13800,"5",2898581,"1",
"900180",10,"1",2898581,"1",
"900180",10,"2",2898581,"1",
"900180",10,"3",2898581,"1",
"900180",10,"4",2898581,"1",
"900180",10,"5",2898581,"1",
"980000",54728,"1",2898581,"1",
"980000",54728,"2",2898581,"1",
"980000",54728,"3",2898581,"1",
"980000",54728,"4",2898581,"1",
"980000",54728,"5",2898581,"1",
"980070",54728,"1",2898581,"1",
"980070",54728,"2",2898581,"1",
"980070",54728,"3",2898581,"1",
"980070",54728,"4",2898581,"1",
"980070",54728,"5",2898581,"1",
"900030",40918,"1",2898582,"1",
"900030",40918,"2",2898582,"1",
"900030",40918,"3",2898582,"1",
"900030",40918,"4",2898582,"1",
"900030",40918,"5",2898582,"1",
"900170",13800,"1",2898582,"1",
"900170",13800,"2",2898582,"1",
"900170",13800,"3",2898582,"1",
"900170",13800,"4",2898582,"1",
"900170",13800,"5",2898582,"1",
"900180",10,"1",2898582,"1",
"900180",10,"2",2898582,"1",
"900180",10,"3",2898582,"1",
"900180",10,"4",2898582,"1",
"900180",10,"5",2898582,"1",
"980000",54728,"1",2898582,"1",
"980000",54728,"2",2898582,"1",
"980000",54728,"3",2898582,"1",
"980000",54728,"4",2898582,"1",
"980000",54728,"5",2898582,"1",
"980070",54728,"1",2898582,"1",
"980070",54728,"2",2898582,"1",
"980070",54728,"3",2898582,"1",
"980070",54728,"4",2898582,"1",
"980070",54728,"5",2898582,"1",
"900030",39490,"1",2898621,"1",
"900030",39490,"2",2898621,"1",
"900030",39490,"3",2898621,"1",
"900030",39490,"4",2898621,"1",
"900030",39490,"5",2898621,"1",
"900170",31968,"1",2898621,"1",
"900170",31968,"2",2898621,"1",
"900170",31968,"3",2898621,"1",
"900170",31968,"4",2898621,"1",
"900170",31968,"5",2898621,"1",
"900180",91,"1",2898621,"1",
"900180",12,"2",2898621,"1",
"900180",51,"3",2898621,"1",
"900180",75,"4",2898621,"1",
"900180",27,"5",2898621,"1",
"980000",71549,"1",2898621,"1",
"980000",71470,"2",2898621,"1",
"980000",71509,"3",2898621,"1",
"980000",71533,"4",2898621,"1",
"980000",71485,"5",2898621,"1",
"980070",72758,"1",2898621,"1",
"980070",72679,"2",2898621,"1",
"980070",72718,"3",2898621,"1",
"980070",72742,"4",2898621,"1",
"980070",72694,"5",2898621,"1",
"900030",39490,"1",2898622,"1",
"900030",39490,"2",2898622,"1",
"900030",39490,"3",2898622,"1",
"900030",39490,"4",2898622,"1",
"900030",39490,"5",2898622,"1",
"900170",31968,"1",2898622,"1",
"900170",31968,"2",2898622,"1",
"900170",31968,"3",2898622,"1",
"900170",31968,"4",2898622,"1",
"900170",31968,"5",2898622,"1",
"900180",84,"1",2898622,"1",
"900180",50,"2",2898622,"1",
"900180",48,"3",2898622,"1",
"900180",67,"4",2898622,"1",
"900180",132,"5",2898622,"1",
"980000",71542,"1",2898622,"1",
"980000",71508,"2",2898622,"1",
"980000",71506,"3",2898622,"1",
"980000",71525,"4",2898622,"1",
"980000",71590,"5",2898622,"1",
"980070",72751,"1",2898622,"1",
"980070",72717,"2",2898622,"1",
"980070",72715,"3",2898622,"1",
"980070",72734,"4",2898622,"1",
"980070",72799,"5",2898622,"1",
"900000",13671,"1",2898631,"1",
"900000",16839,"2",2898631,"1",
"900000",14328,"3",2898631,"1",
"900000",52845,"4",2898631,"1",
"900000",18364,"5",2898631,"1",
"980000",13671,"1",2898631,"1",
"980000",16839,"2",2898631,"1",
"980000",14328,"3",2898631,"1",
"980000",52845,"4",2898631,"1",
"980000",18364,"5",2898631,"1",
"980070",13671,"1",2898631,"1",
"980070",16839,"2",2898631,"1",
"980070",14328,"3",2898631,"1",
"980070",52845,"4",2898631,"1",
"980070",18364,"5",2898631,"1",
"900000",36557,"1",2898632,"1",
"900000",22886,"2",2898632,"1",
"900000",20899,"3",2898632,"1",
"900000",43346,"4",2898632,"1",
"900000",10848,"5",2898632,"1",
"980000",36557,"1",2898632,"1",
"980000",22886,"2",2898632,"1",
"980000",20899,"3",2898632,"1",
"980000",43346,"4",2898632,"1",
"980000",10848,"5",2898632,"1",
"980070",36557,"1",2898632,"1",
"980070",22886,"2",2898632,"1",
"980070",20899,"3",2898632,"1",
"980070",43346,"4",2898632,"1",
"980070",10848,"5",2898632,"1",
"900000",46000,"1",2898651,"1",
"900000",46000,"2",2898651,"1",
"900000",46000,"3",2898651,"1",
"900000",46000,"4",2898651,"1",
"900000",46000,"5",2898651,"1",
"950002",16100,"1",2898651,"1",
"950002",16100,"2",2898651,"1",
"950002",16100,"3",2898651,"1",
"950002",16100,"4",2898651,"1",
"950002",16100,"5",2898651,"1",
"980000",46000,"1",2898651,"1",
"980000",46000,"2",2898651,"1",
"980000",46000,"3",2898651,"1",
"980000",46000,"4",2898651,"1",
"980000",46000,"5",2898651,"1",
"980070",30800,"1",2898651,"1",
"980070",30800,"2",2898651,"1",
"980070",30800,"3",2898651,"1",
"980070",30800,"4",2898651,"1",
"980070",30800,"5",2898651,"1",
"900000",46000,"1",2898652,"1",
"900000",46000,"2",2898652,"1",
"900000",46000,"3",2898652,"1",
"900000",46000,"4",2898652,"1",
"900000",46000,"5",2898652,"1",
"950002",16100,"1",2898652,"1",
"950002",16100,"2",2898652,"1",
"950002",16100,"3",2898652,"1",
"950002",16100,"4",2898652,"1",
"950002",16100,"5",2898652,"1",
"980000",46000,"1",2898652,"1",
"980000",46000,"2",2898652,"1",
"980000",46000,"3",2898652,"1",
"980000",46000,"4",2898652,"1",
"980000",46000,"5",2898652,"1",
"980070",30800,"1",2898652,"1",
"980070",30800,"2",2898652,"1",
"980070",30800,"3",2898652,"1",
"980070",30800,"4",2898652,"1",
"980070",30800,"5",2898652,"1",
"900000",68000,"1",2898661,"1",
"900000",68000,"2",2898661,"1",
"900000",68000,"3",2898661,"1",
"900000",68000,"4",2898661,"1",
"900000",68000,"5",2898661,"1",
"900030",17808,"1",2898661,"1",
"900030",17808,"2",2898661,"1",
"900030",17808,"3",2898661,"1",
"900030",17808,"4",2898661,"1",
"900030",17808,"5",2898661,"1",
"900170",7584,"1",2898661,"1",
"900170",7584,"2",2898661,"1",
"900170",7584,"3",2898661,"1",
"900170",7584,"4",2898661,"1",
"900170",7584,"5",2898661,"1",
"900180",102,"1",2898661,"1",
"900180",102,"2",2898661,"1",
"900180",102,"3",2898661,"1",
"900180",102,"4",2898661,"1",
"900180",102,"5",2898661,"1",
"980000",93494,"1",2898661,"1",
"980000",93494,"2",2898661,"1",
"980000",93494,"3",2898661,"1",
"980000",93494,"4",2898661,"1",
"980000",93494,"5",2898661,"1",
"980070",95710,"1",2898661,"1",
"980070",95710,"2",2898661,"1",
"980070",95710,"3",2898661,"1",
"980070",95710,"4",2898661,"1",
"980070",95710,"5",2898661,"1",
"900000",68000,"1",2898662,"1",
"900000",68000,"2",2898662,"1",
"900000",68000,"3",2898662,"1",
"900000",68000,"4",2898662,"1",
"900000",68000,"5",2898662,"1",
"900030",17808,"1",2898662,"1",
"900030",17808,"2",2898662,"1",
"900030",17808,"3",2898662,"1",
"900030",17808,"4",2898662,"1",
"900030",17808,"5",2898662,"1",
"900170",7584,"1",2898662,"1",
"900170",7584,"2",2898662,"1",
"900170",7584,"3",2898662,"1",
"900170",7584,"4",2898662,"1",
"900170",7584,"5",2898662,"1",
"900180",102,"1",2898662,"1",
"900180",102,"2",2898662,"1",
"900180",102,"3",2898662,"1",
"900180",102,"4",2898662,"1",
"900180",102,"5",2898662,"1",
"980000",93494,"1",2898662,"1",
"980000",93494,"2",2898662,"1",
"980000",93494,"3",2898662,"1",
"980000",93494,"4",2898662,"1",
"980000",93494,"5",2898662,"1",
"980070",95710,"1",2898662,"1",
"980070",95710,"2",2898662,"1",
"980070",95710,"3",2898662,"1",
"980070",95710,"4",2898662,"1",
"980070",95710,"5",2898662,"1",
"900000",18000,"1",2898671,"1",
"900000",18000,"2",2898671,"1",
"900000",18000,"3",2898671,"1",
"900000",18000,"4",2898671,"1",
"900000",18000,"5",2898671,"1",
"900150",5238,"1",2898671,"1",
"900150",180,"2",2898671,"1",
"900150",4887,"3",2898671,"1",
"900150",3123,"4",2898671,"1",
"900150",6048,"5",2898671,"1",
"980000",23238,"1",2898671,"1",
"980000",18180,"2",2898671,"1",
"980000",22887,"3",2898671,"1",
"980000",21123,"4",2898671,"1",
"980000",24048,"5",2898671,"1",
"980070",23238,"1",2898671,"1",
"980070",18180,"2",2898671,"1",
"980070",22887,"3",2898671,"1",
"980070",21123,"4",2898671,"1",
"980070",24048,"5",2898671,"1",
"900000",18000,"1",2898672,"1",
"900000",18000,"2",2898672,"1",
"900000",18000,"3",2898672,"1",
"900000",18000,"4",2898672,"1",
"900000",18000,"5",2898672,"1",
"900150",3231,"1",2898672,"1",
"900150",6228,"2",2898672,"1",
"900150",1278,"3",2898672,"1",
"900150",2322,"4",2898672,"1",
"900150",3204,"5",2898672,"1",
"980000",21231,"1",2898672,"1",
"980000",24228,"2",2898672,"1",
"980000",19278,"3",2898672,"1",
"980000",20322,"4",2898672,"1",
"980000",21204,"5",2898672,"1",
"980070",21231,"1",2898672,"1",
"980070",24228,"2",2898672,"1",
"980070",19278,"3",2898672,"1",
"980070",20322,"4",2898672,"1",
"980070",21204,"5",2898672,"1",
"900000",56000,"1",2898711,"1",
"900000",56000,"2",2898711,"1",
"900000",56000,"3",2898711,"1",
"900000",56000,"4",2898711,"1",
"900000",56000,"5",2898711,"1",
"900180",3,"1",2898711,"1",
"900180",3,"2",2898711,"1",
"900180",3,"3",2898711,"1",
"900180",3,"4",2898711,"1",
"900180",3,"5",2898711,"1",
"980000",56003,"1",2898711,"1",
"980000",56003,"2",2898711,"1",
"980000",56003,"3",2898711,"1",
"980000",56003,"4",2898711,"1",
"980000",56003,"5",2898711,"1",
"980070",57303,"1",2898711,"1",
"980070",57303,"2",2898711,"1",
"980070",57303,"3",2898711,"1",
"980070",57303,"4",2898711,"1",
"980070",57303,"5",2898711,"1",
"900000",56000,"1",2898712,"1",
"900000",56000,"2",2898712,"1",
"900000",56000,"3",2898712,"1",
"900000",56000,"4",2898712,"1",
"900000",56000,"5",2898712,"1",
"900180",3,"1",2898712,"1",
"900180",3,"2",2898712,"1",
"900180",3,"3",2898712,"1",
"900180",3,"4",2898712,"1",
"900180",3,"5",2898712,"1",
"980000",56003,"1",2898712,"1",
"980000",56003,"2",2898712,"1",
"980000",56003,"3",2898712,"1",
"980000",56003,"4",2898712,"1",
"980000",56003,"5",2898712,"1",
"980070",57303,"1",2898712,"1",
"980070",57303,"2",2898712,"1",
"980070",57303,"3",2898712,"1",
"980070",57303,"4",2898712,"1",
"980070",57303,"5",2898712,"1",
"900000",55000,"1",2898761,"1",
"900000",55000,"2",2898761,"1",
"900000",55000,"3",2898761,"1",
"900000",55000,"4",2898761,"1",
"900000",55000,"5",2898761,"1",
"900030",6600,"1",2898761,"1",
"900030",6600,"2",2898761,"1",
"900030",6600,"3",2898761,"1",
"900030",6600,"4",2898761,"1",
"900030",6600,"5",2898761,"1",
"980000",61600,"1",2898761,"1",
"980000",61600,"2",2898761,"1",
"980000",61600,"3",2898761,"1",
"980000",61600,"4",2898761,"1",
"980000",61600,"5",2898761,"1",
"980070",61600,"1",2898761,"1",
"980070",61600,"2",2898761,"1",
"980070",61600,"3",2898761,"1",
"980070",61600,"4",2898761,"1",
"980070",61600,"5",2898761,"1",
"900030",20916,"1",2898781,"1",
"900030",13872,"2",2898781,"1",
"900030",6648,"3",2898781,"1",
"900030",8400,"4",2898781,"1",
"900030",16272,"5",2898781,"1",
"900170",1599,"1",2898781,"1",
"900170",39705,"2",2898781,"1",
"900170",51238,"3",2898781,"1",
"900170",15600,"4",2898781,"1",
"900170",6728,"5",2898781,"1",
"980000",22515,"1",2898781,"1",
"980000",53577,"2",2898781,"1",
"980000",57886,"3",2898781,"1",
"980000",24000,"4",2898781,"1",
"980000",23000,"5",2898781,"1",
"980070",22515,"1",2898781,"1",
"980070",53577,"2",2898781,"1",
"980070",57886,"3",2898781,"1",
"980070",24000,"4",2898781,"1",
"980070",23000,"5",2898781,"1",
"900030",9588,"1",2898782,"1",
"900030",15624,"2",2898782,"1",
"900030",18588,"3",2898782,"1",
"900030",20124,"4",2898782,"1",
"900030",12216,"5",2898782,"1",
"900170",1287,"1",2898782,"1",
"900170",21866,"2",2898782,"1",
"900170",31622,"3",2898782,"1",
"900170",30556,"4",2898782,"1",
"900170",1060,"5",2898782,"1",
"980000",10875,"1",2898782,"1",
"980000",37490,"2",2898782,"1",
"980000",50210,"3",2898782,"1",
"980000",50680,"4",2898782,"1",
"980000",13276,"5",2898782,"1",
"980070",10875,"1",2898782,"1",
"980070",37490,"2",2898782,"1",
"980070",50210,"3",2898782,"1",
"980070",50680,"4",2898782,"1",
"980070",13276,"5",2898782,"1",
"800940",10967,"1",2898801,"1","T"
"800940",10967,"2",2898801,"1","T"
"800940",10967,"3",2898801,"1","T"
"800940",10967,"4",2898801,"1","T"
"800940",10967,"5",2898801,"1","T"
"900000",106773,"1",2898801,"1",
"900000",46981,"2",2898801,"1",
"900000",123313,"3",2898801,"1",
"900000",133772,"4",2898801,"1",
"900000",46011,"5",2898801,"1",
"900160",82927,"1",2898801,"1",
"900160",15736,"2",2898801,"1",
"900160",3315,"3",2898801,"1",
"900160",2025,"4",2898801,"1",
"900160",10898,"5",2898801,"1",
"980000",189700,"1",2898801,"1",
"980000",62717,"2",2898801,"1",
"980000",126628,"3",2898801,"1",
"980000",135797,"4",2898801,"1",
"980000",56909,"5",2898801,"1",
"980070",183700,"1",2898801,"1",
"980070",56717,"2",2898801,"1",
"980070",120628,"3",2898801,"1",
"980070",129797,"4",2898801,"1",
"980070",50909,"5",2898801,"1",
"800940",10967,"1",2898802,"1","T"
"800940",10967,"2",2898802,"1","T"
"800940",10967,"3",2898802,"1","T"
"800940",10967,"4",2898802,"1","T"
"800940",10967,"5",2898802,"1","T"
"900000",235419,"1",2898802,"1","T"
"900000",235419,"2",2898802,"1","T"
"900000",235419,"3",2898802,"1","T"
"900000",235419,"4",2898802,"1","T"
"900000",235419,"5",2898802,"1","T"
"900160",62041,"1",2898802,"1",
"900160",3267,"2",2898802,"1",
"900160",3178,"3",2898802,"1",
"900160",3105,"4",2898802,"1",
"900160",-2271,"5",2898802,"1",
"980000",249283,"1",2898802,"1","T"
"980000",249283,"2",2898802,"1","T"
"980000",249283,"3",2898802,"1","T"
"980000",249283,"4",2898802,"1","T"
"980000",249283,"5",2898802,"1","T"
"980070",243283,"1",2898802,"1","T"
"980070",243283,"2",2898802,"1","T"
"980070",243283,"3",2898802,"1","T"
"980070",243283,"4",2898802,"1","T"
"980070",243283,"5",2898802,"1","T"
"900030",4200,"1",2898811,"1",
"900030",4200,"2",2898811,"1",
"900030",4200,"3",2898811,"1",
"900030",4200,"4",2898811,"1",
"900030",4200,"5",2898811,"1",
"900150",4800,"1",2898811,"1",
"900150",4800,"2",2898811,"1",
"900150",4800,"3",2898811,"1",
"900150",4800,"4",2898811,"1",
"900150",4800,"5",2898811,"1",
"980000",9000,"1",2898811,"1",
"980000",9000,"2",2898811,"1",
"980000",9000,"3",2898811,"1",
"980000",9000,"4",2898811,"1",
"980000",9000,"5",2898811,"1",
"980070",9000,"1",2898811,"1",
"980070",9000,"2",2898811,"1",
"980070",9000,"3",2898811,"1",
"980070",9000,"4",2898811,"1",
"980070",9000,"5",2898811,"1",
"900030",4200,"1",2898812,"1",
"900030",4200,"2",2898812,"1",
"900030",4200,"3",2898812,"1",
"900030",4200,"4",2898812,"1",
"900030",4200,"5",2898812,"1",
"900150",4800,"1",2898812,"1",
"900150",4800,"2",2898812,"1",
"900150",4800,"3",2898812,"1",
"900150",4800,"4",2898812,"1",
"900150",4800,"5",2898812,"1",
"980000",9000,"1",2898812,"1",
"980000",9000,"2",2898812,"1",
"980000",9000,"3",2898812,"1",
"980000",9000,"4",2898812,"1",
"980000",9000,"5",2898812,"1",
"980070",9000,"1",2898812,"1",
"980070",9000,"2",2898812,"1",
"980070",9000,"3",2898812,"1",
"980070",9000,"4",2898812,"1",
"980070",9000,"5",2898812,"1",
"900000",101818,"1",2898821,"1",
"900000",102164,"2",2898821,"1",
"900000",105495,"3",2898821,"1",
"900000",119845,"4",2898821,"1",
"900000",95081,"5",2898821,"1",
"900180",6,"1",2898821,"1",
"900180",14,"2",2898821,"1",
"900180",410,"3",2898821,"1",
"900180",102,"4",2898821,"1",
"900180",8,"5",2898821,"1",
"980000",101824,"1",2898821,"1",
"980000",102178,"2",2898821,"1",
"980000",105905,"3",2898821,"1",
"980000",119947,"4",2898821,"1",
"980000",95089,"5",2898821,"1",
"980070",96024,"1",2898821,"1",
"980070",96378,"2",2898821,"1",
"980070",100105,"3",2898821,"1",
"980070",114147,"4",2898821,"1",
"980070",89289,"5",2898821,"1",
"900000",109190,"1",2898822,"1",
"900000",99476,"2",2898822,"1",
"900000",101550,"3",2898822,"1",
"900000",97116,"4",2898822,"1",
"900000",97733,"5",2898822,"1",
"900180",18,"1",2898822,"1",
"900180",42,"2",2898822,"1",
"900180",153,"3",2898822,"1",
"900180",102,"4",2898822,"1",
"900180",510,"5",2898822,"1",
"980000",109208,"1",2898822,"1",
"980000",99518,"2",2898822,"1",
"980000",101703,"3",2898822,"1",
"980000",97218,"4",2898822,"1",
"980000",98243,"5",2898822,"1",
"980070",103408,"1",2898822,"1",
"980070",93718,"2",2898822,"1",
"980070",95903,"3",2898822,"1",
"980070",91418,"4",2898822,"1",
"980070",92443,"5",2898822,"1",
"900000",96672,"1",2898831,"1",
"900000",97445,"2",2898831,"1",
"900000",97395,"3",2898831,"1",
"900000",96977,"4",2898831,"1",
"900000",96184,"5",2898831,"1",
"900030",16859,"1",2898831,"1",
"900030",16859,"2",2898831,"1",
"900030",16859,"3",2898831,"1",
"900030",16859,"4",2898831,"1",
"900030",16859,"5",2898831,"1",
"900180",85,"1",2898831,"1",
"900180",101,"2",2898831,"1",
"900180",56,"3",2898831,"1",
"900180",34,"4",2898831,"1",
"900180",227,"5",2898831,"1",
"980000",113616,"1",2898831,"1",
"980000",114405,"2",2898831,"1",
"980000",114310,"3",2898831,"1",
"980000",113870,"4",2898831,"1",
"980000",113270,"5",2898831,"1",
"980070",113616,"1",2898831,"1",
"980070",114405,"2",2898831,"1",
"980070",114310,"3",2898831,"1",
"980070",113870,"4",2898831,"1",
"980070",113270,"5",2898831,"1",
"900000",99652,"1",2898832,"1",
"900000",92603,"2",2898832,"1",
"900000",91328,"3",2898832,"1",
"900000",90790,"4",2898832,"1",
"900000",98126,"5",2898832,"1",
"900030",16859,"1",2898832,"1",
"900030",16859,"2",2898832,"1",
"900030",16859,"3",2898832,"1",
"900030",16859,"4",2898832,"1",
"900030",16859,"5",2898832,"1",
"900180",33,"1",2898832,"1",
"900180",451,"2",2898832,"1",
"900180",85,"3",2898832,"1",
"900180",89,"4",2898832,"1",
"900180",53,"5",2898832,"1",
"980000",116544,"1",2898832,"1",
"980000",109913,"2",2898832,"1",
"980000",108272,"3",2898832,"1",
"980000",107738,"4",2898832,"1",
"980000",115038,"5",2898832,"1",
"980070",116544,"1",2898832,"1",
"980070",109913,"2",2898832,"1",
"980070",108272,"3",2898832,"1",
"980070",107738,"4",2898832,"1",
"980070",115038,"5",2898832,"1",
"900030",12443,"1",2898841,"1",
"900030",12443,"2",2898841,"1",
"900030",12443,"3",2898841,"1",
"900030",12443,"4",2898841,"1",
"900030",12443,"5",2898841,"1",
"980000",12443,"1",2898841,"1",
"980000",12443,"2",2898841,"1",
"980000",12443,"3",2898841,"1",
"980000",12443,"4",2898841,"1",
"980000",12443,"5",2898841,"1",
"980070",12443,"1",2898841,"1",
"980070",12443,"2",2898841,"1",
"980070",12443,"3",2898841,"1",
"980070",12443,"4",2898841,"1",
"980070",12443,"5",2898841,"1",
"900030",12443,"1",2898842,"1",
"900030",12443,"2",2898842,"1",
"900030",12443,"3",2898842,"1",
"900030",12443,"4",2898842,"1",
"900030",12443,"5",2898842,"1",
"980000",12443,"1",2898842,"1",
"980000",12443,"2",2898842,"1",
"980000",12443,"3",2898842,"1",
"980000",12443,"4",2898842,"1",
"980000",12443,"5",2898842,"1",
"980070",12443,"1",2898842,"1",
"980070",12443,"2",2898842,"1",
"980070",12443,"3",2898842,"1",
"980070",12443,"4",2898842,"1",
"980070",12443,"5",2898842,"1",
"900030",44314,"1",2898871,"1",
"900030",44314,"2",2898871,"1",
"900030",44314,"3",2898871,"1",
"900030",44314,"4",2898871,"1",
"900030",44314,"5",2898871,"1",
"980000",44314,"1",2898871,"1",
"980000",44314,"2",2898871,"1",
"980000",44314,"3",2898871,"1",
"980000",44314,"4",2898871,"1",
"980000",44314,"5",2898871,"1",
"980070",44314,"1",2898871,"1",
"980070",44314,"2",2898871,"1",
"980070",44314,"3",2898871,"1",
"980070",44314,"4",2898871,"1",
"980070",44314,"5",2898871,"1",
"900030",44314,"1",2898872,"1",
"900030",44314,"2",2898872,"1",
"900030",44314,"3",2898872,"1",
"900030",44314,"4",2898872,"1",
"900030",44314,"5",2898872,"1",
"980000",44314,"1",2898872,"1",
"980000",44314,"2",2898872,"1",
"980000",44314,"3",2898872,"1",
"980000",44314,"4",2898872,"1",
"980000",44314,"5",2898872,"1",
"980070",44314,"1",2898872,"1",
"980070",44314,"2",2898872,"1",
"980070",44314,"3",2898872,"1",
"980070",44314,"4",2898872,"1",
"980070",44314,"5",2898872,"1",
"900000",141000,"1",2898921,"1",
"900000",141000,"2",2898921,"1",
"900000",141000,"3",2898921,"1",
"900000",141000,"4",2898921,"1",
"900000",141000,"5",2898921,"1",
"950002",15842,"1",2898921,"1",
"950002",15842,"2",2898921,"1",
"950002",15842,"3",2898921,"1",
"950002",15842,"4",2898921,"1",
"950002",15842,"5",2898921,"1",
"980000",141000,"1",2898921,"1",
"980000",141000,"2",2898921,"1",
"980000",141000,"3",2898921,"1",
"980000",141000,"4",2898921,"1",
"980000",141000,"5",2898921,"1",
"980070",125303,"1",2898921,"1",
"980070",125303,"2",2898921,"1",
"980070",125303,"3",2898921,"1",
"980070",125303,"4",2898921,"1",
"980070",125303,"5",2898921,"1",
"900000",141000,"1",2898922,"1",
"900000",141000,"2",2898922,"1",
"900000",141000,"3",2898922,"1",
"900000",141000,"4",2898922,"1",
"900000",141000,"5",2898922,"1",
"950002",15842,"1",2898922,"1",
"950002",15842,"2",2898922,"1",
"950002",15842,"3",2898922,"1",
"950002",15842,"4",2898922,"1",
"950002",15842,"5",2898922,"1",
"980000",141000,"1",2898922,"1",
"980000",141000,"2",2898922,"1",
"980000",141000,"3",2898922,"1",
"980000",141000,"4",2898922,"1",
"980000",141000,"5",2898922,"1",
"980070",125303,"1",2898922,"1",
"980070",125303,"2",2898922,"1",
"980070",125303,"3",2898922,"1",
"980070",125303,"4",2898922,"1",
"980070",125303,"5",2898922,"1",
"900000",26572,"1",2898931,"1",
"900000",27544,"2",2898931,"1",
"900000",26998,"3",2898931,"1",
"900000",27089,"4",2898931,"1",
"900000",25409,"5",2898931,"1",
"980000",26572,"1",2898931,"1",
"980000",27544,"2",2898931,"1",
"980000",26998,"3",2898931,"1",
"980000",27089,"4",2898931,"1",
"980000",25409,"5",2898931,"1",
"980070",26572,"1",2898931,"1",
"980070",27544,"2",2898931,"1",
"980070",26998,"3",2898931,"1",
"980070",27089,"4",2898931,"1",
"980070",25409,"5",2898931,"1",
"900000",28351,"1",2898932,"1",
"900000",20436,"2",2898932,"1",
"900000",20080,"3",2898932,"1",
"900000",24361,"4",2898932,"1",
"900000",25425,"5",2898932,"1",
"980000",28351,"1",2898932,"1",
"980000",20436,"2",2898932,"1",
"980000",20080,"3",2898932,"1",
"980000",24361,"4",2898932,"1",
"980000",25425,"5",2898932,"1",
"980070",28351,"1",2898932,"1",
"980070",20436,"2",2898932,"1",
"980070",20080,"3",2898932,"1",
"980070",24361,"4",2898932,"1",
"980070",25425,"5",2898932,"1",
"900000",101000,"1",2898951,"1",
"900000",101000,"2",2898951,"1",
"900000",101000,"3",2898951,"1",
"900000",101000,"4",2898951,"1",
"900000",101000,"5",2898951,"1",
"900180",124,"1",2898951,"1",
"900180",84,"2",2898951,"1",
"900180",897,"3",2898951,"1",
"900180",98,"4",2898951,"1",
"900180",128,"5",2898951,"1",
"980000",101124,"1",2898951,"1",
"980000",101084,"2",2898951,"1",
"980000",101897,"3",2898951,"1",
"980000",101098,"4",2898951,"1",
"980000",101128,"5",2898951,"1",
"980070",101124,"1",2898951,"1",
"980070",101084,"2",2898951,"1",
"980070",101897,"3",2898951,"1",
"980070",101098,"4",2898951,"1",
"980070",101128,"5",2898951,"1",
"900000",101000,"1",2898952,"1",
"900000",101000,"2",2898952,"1",
"900000",101000,"3",2898952,"1",
"900000",101000,"4",2898952,"1",
"900000",101000,"5",2898952,"1",
"900180",38,"1",2898952,"1",
"900180",32,"2",2898952,"1",
"900180",261,"3",2898952,"1",
"900180",39,"4",2898952,"1",
"900180",105,"5",2898952,"1",
"980000",101038,"1",2898952,"1",
"980000",101032,"2",2898952,"1",
"980000",101261,"3",2898952,"1",
"980000",101039,"4",2898952,"1",
"980000",101105,"5",2898952,"1",
"980070",101038,"1",2898952,"1",
"980070",101032,"2",2898952,"1",
"980070",101261,"3",2898952,"1",
"980070",101039,"4",2898952,"1",
"980070",101105,"5",2898952,"1",
"900000",10000,"1",2898981,"1",
"900000",10000,"2",2898981,"1",
"900000",10000,"3",2898981,"1",
"900000",10000,"4",2898981,"1",
"900000",10000,"5",2898981,"1",
"900180",20,"1",2898981,"1",
"900180",20,"2",2898981,"1",
"900180",20,"3",2898981,"1",
"900180",20,"4",2898981,"1",
"900180",20,"5",2898981,"1",
"900210",9000,"1",2898981,"1",
"900210",9000,"2",2898981,"1",
"900210",9000,"3",2898981,"1",
"900210",9000,"4",2898981,"1",
"900210",9000,"5",2898981,"1",
"980000",19020,"1",2898981,"1",
"980000",19020,"2",2898981,"1",
"980000",19020,"3",2898981,"1",
"980000",19020,"4",2898981,"1",
"980000",19020,"5",2898981,"1",
"980070",21470,"1",2898981,"1",
"980070",21470,"2",2898981,"1",
"980070",21470,"3",2898981,"1",
"980070",21470,"4",2898981,"1",
"980070",21470,"5",2898981,"1",
"900000",10000,"1",2898982,"1",
"900000",10000,"2",2898982,"1",
"900000",10000,"3",2898982,"1",
"900000",10000,"4",2898982,"1",
"900000",10000,"5",2898982,"1",
"900180",20,"1",2898982,"1",
"900180",20,"2",2898982,"1",
"900180",20,"3",2898982,"1",
"900180",20,"4",2898982,"1",
"900180",20,"5",2898982,"1",
"900210",9000,"1",2898982,"1",
"900210",9000,"2",2898982,"1",
"900210",9000,"3",2898982,"1",
"900210",9000,"4",2898982,"1",
"900210",9000,"5",2898982,"1",
"980000",19020,"1",2898982,"1",
"980000",19020,"2",2898982,"1",
"980000",19020,"3",2898982,"1",
"980000",19020,"4",2898982,"1",
"980000",19020,"5",2898982,"1",
"980070",21470,"1",2898982,"1",
"980070",21470,"2",2898982,"1",
"980070",21470,"3",2898982,"1",
"980070",21470,"4",2898982,"1",
"980070",21470,"5",2898982,"1",
"900000",70326,"1",2898991,"1",
"900000",57247,"2",2898991,"1",
"900000",57388,"3",2898991,"1",
"900000",78221,"4",2898991,"1",
"900000",67698,"5",2898991,"1",
"980000",70326,"1",2898991,"1",
"980000",57247,"2",2898991,"1",
"980000",57388,"3",2898991,"1",
"980000",78221,"4",2898991,"1",
"980000",67698,"5",2898991,"1",
"980070",70326,"1",2898991,"1",
"980070",57247,"2",2898991,"1",
"980070",57388,"3",2898991,"1",
"980070",78221,"4",2898991,"1",
"980070",67698,"5",2898991,"1",
"900030",15600,"1",2899001,"1",
"900030",15600,"2",2899001,"1",
"900030",15600,"3",2899001,"1",
"900030",15600,"4",2899001,"1",
"900030",15600,"5",2899001,"1",
"900090",25463,"1",2899001,"1",
"900090",23141,"2",2899001,"1",
"900090",22907,"3",2899001,"1",
"900090",22687,"4",2899001,"1",
"900090",22409,"5",2899001,"1",
"900170",12285,"1",2899001,"1",
"900170",13363,"2",2899001,"1",
"900170",12103,"3",2899001,"1",
"900170",13807,"4",2899001,"1",
"900170",11088,"5",2899001,"1",
"980000",53348,"1",2899001,"1",
"980000",52104,"2",2899001,"1",
"980000",50610,"3",2899001,"1",
"980000",52094,"4",2899001,"1",
"980000",49097,"5",2899001,"1",
"980070",53348,"1",2899001,"1",
"980070",52104,"2",2899001,"1",
"980070",50610,"3",2899001,"1",
"980070",52094,"4",2899001,"1",
"980070",49097,"5",2899001,"1",
"900000",74000,"1",2899011,"1",
"900000",74000,"2",2899011,"1",
"900000",74000,"3",2899011,"1",
"900000",74000,"4",2899011,"1",
"900000",74000,"5",2899011,"1",
"980000",74000,"1",2899011,"1",
"980000",74000,"2",2899011,"1",
"980000",74000,"3",2899011,"1",
"980000",74000,"4",2899011,"1",
"980000",74000,"5",2899011,"1",
"980070",74000,"1",2899011,"1",
"980070",74000,"2",2899011,"1",
"980070",74000,"3",2899011,"1",
"980070",74000,"4",2899011,"1",
"980070",74000,"5",2899011,"1",
"900000",74000,"1",2899012,"1",
"900000",74000,"2",2899012,"1",
"900000",74000,"3",2899012,"1",
"900000",74000,"4",2899012,"1",
"900000",74000,"5",2899012,"1",
"980000",74000,"1",2899012,"1",
"980000",74000,"2",2899012,"1",
"980000",74000,"3",2899012,"1",
"980000",74000,"4",2899012,"1",
"980000",74000,"5",2899012,"1",
"980070",74000,"1",2899012,"1",
"980070",74000,"2",2899012,"1",
"980070",74000,"3",2899012,"1",
"980070",74000,"4",2899012,"1",
"980070",74000,"5",2899012,"1",
"900030",16068,"1",2899021,"1",
"900030",26412,"2",2899021,"1",
"900030",11160,"3",2899021,"1",
"900030",9528,"4",2899021,"1",
"900030",14400,"5",2899021,"1",
"980000",16068,"1",2899021,"1",
"980000",26412,"2",2899021,"1",
"980000",11160,"3",2899021,"1",
"980000",9528,"4",2899021,"1",
"980000",14400,"5",2899021,"1",
"980070",16068,"1",2899021,"1",
"980070",26412,"2",2899021,"1",
"980070",11160,"3",2899021,"1",
"980070",9528,"4",2899021,"1",
"980070",14400,"5",2899021,"1",
"900030",18312,"1",2899022,"1",
"900030",16272,"2",2899022,"1",
"900030",24900,"3",2899022,"1",
"900030",14592,"4",2899022,"1",
"900030",9504,"5",2899022,"1",
"900170",4821,"1",2899022,"1",
"900170",30853,"2",2899022,"1",
"900170",17179,"3",2899022,"1",
"900170",8828,"4",2899022,"1",
"900170",49079,"5",2899022,"1",
"980000",23133,"1",2899022,"1",
"980000",47125,"2",2899022,"1",
"980000",42079,"3",2899022,"1",
"980000",23420,"4",2899022,"1",
"980000",58583,"5",2899022,"1",
"980070",23133,"1",2899022,"1",
"980070",47125,"2",2899022,"1",
"980070",42079,"3",2899022,"1",
"980070",23420,"4",2899022,"1",
"980070",58583,"5",2899022,"1",
"900030",10259,"1",2899031,"1",
"900030",10259,"2",2899031,"1",
"900030",10259,"3",2899031,"1",
"900030",10259,"4",2899031,"1",
"900030",10259,"5",2899031,"1",
"900090",250,"1",2899031,"1",
"900090",250,"2",2899031,"1",
"900090",250,"3",2899031,"1",
"900090",250,"4",2899031,"1",
"900090",250,"5",2899031,"1",
"980000",10509,"1",2899031,"1",
"980000",10509,"2",2899031,"1",
"980000",10509,"3",2899031,"1",
"980000",10509,"4",2899031,"1",
"980000",10509,"5",2899031,"1",
"980070",10509,"1",2899031,"1",
"980070",10509,"2",2899031,"1",
"980070",10509,"3",2899031,"1",
"980070",10509,"4",2899031,"1",
"980070",10509,"5",2899031,"1",
"900030",10259,"1",2899032,"1",
"900030",10259,"2",2899032,"1",
"900030",10259,"3",2899032,"1",
"900030",10259,"4",2899032,"1",
"900030",10259,"5",2899032,"1",
"900090",250,"1",2899032,"1",
"900090",250,"2",2899032,"1",
"900090",250,"3",2899032,"1",
"900090",250,"4",2899032,"1",
"900090",250,"5",2899032,"1",
"980000",10509,"1",2899032,"1",
"980000",10509,"2",2899032,"1",
"980000",10509,"3",2899032,"1",
"980000",10509,"4",2899032,"1",
"980000",10509,"5",2899032,"1",
"980070",10509,"1",2899032,"1",
"980070",10509,"2",2899032,"1",
"980070",10509,"3",2899032,"1",
"980070",10509,"4",2899032,"1",
"980070",10509,"5",2899032,"1",
"900000",30000,"1",2899051,"1",
"900000",30000,"2",2899051,"1",
"900000",30000,"3",2899051,"1",
"900000",30000,"4",2899051,"1",
"900000",30000,"5",2899051,"1",
"900030",16859,"1",2899051,"1",
"900030",16859,"2",2899051,"1",
"900030",16859,"3",2899051,"1",
"900030",16859,"4",2899051,"1",
"900030",16859,"5",2899051,"1",
"980000",46859,"1",2899051,"1",
"980000",46859,"2",2899051,"1",
"980000",46859,"3",2899051,"1",
"980000",46859,"4",2899051,"1",
"980000",46859,"5",2899051,"1",
"980070",46859,"1",2899051,"1",
"980070",46859,"2",2899051,"1",
"980070",46859,"3",2899051,"1",
"980070",46859,"4",2899051,"1",
"980070",46859,"5",2899051,"1",
"900000",30000,"1",2899052,"1",
"900000",30000,"2",2899052,"1",
"900000",30000,"3",2899052,"1",
"900000",30000,"4",2899052,"1",
"900000",30000,"5",2899052,"1",
"900030",16859,"1",2899052,"1",
"900030",16859,"2",2899052,"1",
"900030",16859,"3",2899052,"1",
"900030",16859,"4",2899052,"1",
"900030",16859,"5",2899052,"1",
"980000",46859,"1",2899052,"1",
"980000",46859,"2",2899052,"1",
"980000",46859,"3",2899052,"1",
"980000",46859,"4",2899052,"1",
"980000",46859,"5",2899052,"1",
"980070",46859,"1",2899052,"1",
"980070",46859,"2",2899052,"1",
"980070",46859,"3",2899052,"1",
"980070",46859,"4",2899052,"1",
"980070",46859,"5",2899052,"1",
"900000",27700,"1",2899061,"1",
"900000",27700,"2",2899061,"1",
"900000",27700,"3",2899061,"1",
"900000",27700,"4",2899061,"1",
"900000",27700,"5",2899061,"1",
"980000",27700,"1",2899061,"1",
"980000",27700,"2",2899061,"1",
"980000",27700,"3",2899061,"1",
"980000",27700,"4",2899061,"1",
"980000",27700,"5",2899061,"1",
"980070",34400,"1",2899061,"1",
"980070",34400,"2",2899061,"1",
"980070",34400,"3",2899061,"1",
"980070",34400,"4",2899061,"1",
"980070",34400,"5",2899061,"1",
"900000",27700,"1",2899062,"1",
"900000",27700,"2",2899062,"1",
"900000",27700,"3",2899062,"1",
"900000",27700,"4",2899062,"1",
"900000",27700,"5",2899062,"1",
"980000",27700,"1",2899062,"1",
"980000",27700,"2",2899062,"1",
"980000",27700,"3",2899062,"1",
"980000",27700,"4",2899062,"1",
"980000",27700,"5",2899062,"1",
"980070",34400,"1",2899062,"1",
"980070",34400,"2",2899062,"1",
"980070",34400,"3",2899062,"1",
"980070",34400,"4",2899062,"1",
"980070",34400,"5",2899062,"1",
"900000",24000,"1",2899071,"1",
"900000",24000,"2",2899071,"1",
"900000",24000,"3",2899071,"1",
"900000",24000,"4",2899071,"1",
"900000",24000,"5",2899071,"1",
"900170",21430,"1",2899071,"1",
"900170",24525,"2",2899071,"1",
"900170",15820,"3",2899071,"1",
"900170",73240,"4",2899071,"1",
"900170",1192,"5",2899071,"1",
"900180",20,"1",2899071,"1",
"900180",20,"2",2899071,"1",
"900180",20,"3",2899071,"1",
"900180",20,"4",2899071,"1",
"900180",20,"5",2899071,"1",
"980000",45450,"1",2899071,"1",
"980000",48545,"2",2899071,"1",
"980000",39840,"3",2899071,"1",
"980000",97260,"4",2899071,"1",
"980000",25212,"5",2899071,"1",
"980070",45450,"1",2899071,"1",
"980070",48545,"2",2899071,"1",
"980070",39840,"3",2899071,"1",
"980070",97260,"4",2899071,"1",
"980070",25212,"5",2899071,"1",
"900000",24000,"1",2899072,"1",
"900000",24000,"2",2899072,"1",
"900000",24000,"3",2899072,"1",
"900000",24000,"4",2899072,"1",
"900000",24000,"5",2899072,"1",
"900170",71786,"1",2899072,"1","T"
"900170",71786,"2",2899072,"1","T"
"900170",71786,"3",2899072,"1","T"
"900170",71786,"4",2899072,"1","T"
"900170",71786,"5",2899072,"1","T"
"900180",20,"1",2899072,"1",
"900180",20,"2",2899072,"1",
"900180",20,"3",2899072,"1",
"900180",20,"4",2899072,"1",
"900180",20,"5",2899072,"1",
"980000",95806,"1",2899072,"1","T"
"980000",95806,"2",2899072,"1","T"
"980000",95806,"3",2899072,"1","T"
"980000",95806,"4",2899072,"1","T"
"980000",95806,"5",2899072,"1","T"
"980070",95806,"1",2899072,"1","T"
"980070",95806,"2",2899072,"1","T"
"980070",95806,"3",2899072,"1","T"
"980070",95806,"4",2899072,"1","T"
"980070",95806,"5",2899072,"1","T"
"900000",17000,"1",2899081,"1",
"900000",17000,"2",2899081,"1",
"900000",17000,"3",2899081,"1",
"900000",17000,"4",2899081,"1",
"900000",17000,"5",2899081,"1",
"900210",6914,"1",2899081,"1",
"900210",1510,"2",2899081,"1",
"900210",15294,"3",2899081,"1",
"900210",785,"4",2899081,"1",
"900210",12221,"5",2899081,"1",
"980000",23914,"1",2899081,"1",
"980000",18510,"2",2899081,"1",
"980000",32294,"3",2899081,"1",
"980000",17785,"4",2899081,"1",
"980000",29221,"5",2899081,"1",
"980070",23914,"1",2899081,"1",
"980070",18510,"2",2899081,"1",
"980070",32294,"3",2899081,"1",
"980070",17785,"4",2899081,"1",
"980070",29221,"5",2899081,"1",
"900000",17000,"1",2899082,"1",
"900000",17000,"2",2899082,"1",
"900000",17000,"3",2899082,"1",
"900000",17000,"4",2899082,"1",
"900000",17000,"5",2899082,"1",
"900210",1331,"1",2899082,"1",
"900210",4536,"2",2899082,"1",
"900210",1227,"3",2899082,"1",
"900210",4447,"4",2899082,"1",
"900210",3952,"5",2899082,"1",
"980000",18331,"1",2899082,"1",
"980000",21536,"2",2899082,"1",
"980000",18227,"3",2899082,"1",
"980000",21447,"4",2899082,"1",
"980000",20952,"5",2899082,"1",
"980070",18331,"1",2899082,"1",
"980070",21536,"2",2899082,"1",
"980070",18227,"3",2899082,"1",
"980070",21447,"4",2899082,"1",
"980070",20952,"5",2899082,"1",
"900030",21240,"1",2899121,"1",
"900030",21240,"2",2899121,"1",
"900030",21240,"3",2899121,"1",
"900030",21240,"4",2899121,"1",
"900030",21240,"5",2899121,"1",
"900170",1400,"1",2899121,"1",
"900170",1400,"2",2899121,"1",
"900170",1400,"3",2899121,"1",
"900170",1400,"4",2899121,"1",
"900170",1400,"5",2899121,"1",
"980000",22640,"1",2899121,"1",
"980000",22640,"2",2899121,"1",
"980000",22640,"3",2899121,"1",
"980000",22640,"4",2899121,"1",
"980000",22640,"5",2899121,"1",
"980070",24383,"1",2899121,"1",
"980070",24383,"2",2899121,"1",
"980070",24383,"3",2899121,"1",
"980070",24383,"4",2899121,"1",
"980070",24383,"5",2899121,"1",
"900030",21240,"1",2899122,"1",
"900030",21240,"2",2899122,"1",
"900030",21240,"3",2899122,"1",
"900030",21240,"4",2899122,"1",
"900030",21240,"5",2899122,"1",
"900170",1400,"1",2899122,"1",
"900170",1400,"2",2899122,"1",
"900170",1400,"3",2899122,"1",
"900170",1400,"4",2899122,"1",
"900170",1400,"5",2899122,"1",
"980000",22640,"1",2899122,"1",
"980000",22640,"2",2899122,"1",
"980000",22640,"3",2899122,"1",
"980000",22640,"4",2899122,"1",
"980000",22640,"5",2899122,"1",
"980070",24383,"1",2899122,"1",
"980070",24383,"2",2899122,"1",
"980070",24383,"3",2899122,"1",
"980070",24383,"4",2899122,"1",
"980070",24383,"5",2899122,"1",
"900000",5000,"1",2899141,"1",
"900000",5000,"2",2899141,"1",
"900000",5000,"3",2899141,"1",
"900000",5000,"4",2899141,"1",
"900000",5000,"5",2899141,"1",
"980000",5000,"1",2899141,"1",
"980000",5000,"2",2899141,"1",
"980000",5000,"3",2899141,"1",
"980000",5000,"4",2899141,"1",
"980000",5000,"5",2899141,"1",
"980070",5000,"1",2899141,"1",
"980070",5000,"2",2899141,"1",
"980070",5000,"3",2899141,"1",
"980070",5000,"4",2899141,"1",
"980070",5000,"5",2899141,"1",
"900000",5000,"1",2899142,"1",
"900000",5000,"2",2899142,"1",
"900000",5000,"3",2899142,"1",
"900000",5000,"4",2899142,"1",
"900000",5000,"5",2899142,"1",
"980000",5000,"1",2899142,"1",
"980000",5000,"2",2899142,"1",
"980000",5000,"3",2899142,"1",
"980000",5000,"4",2899142,"1",
"980000",5000,"5",2899142,"1",
"980070",5000,"1",2899142,"1",
"980070",5000,"2",2899142,"1",
"980070",5000,"3",2899142,"1",
"980070",5000,"4",2899142,"1",
"980070",5000,"5",2899142,"1",
"900030",30454,"1",2899161,"1",
"900030",30454,"2",2899161,"1",
"900030",30454,"3",2899161,"1",
"900030",30454,"4",2899161,"1",
"900030",30454,"5",2899161,"1",
"900170",4008,"1",2899161,"1",
"900170",4008,"2",2899161,"1",
"900170",4008,"3",2899161,"1",
"900170",4008,"4",2899161,"1",
"900170",4008,"5",2899161,"1",
"980000",34462,"1",2899161,"1",
"980000",34462,"2",2899161,"1",
"980000",34462,"3",2899161,"1",
"980000",34462,"4",2899161,"1",
"980000",34462,"5",2899161,"1",
"980070",34488,"1",2899161,"1",
"980070",34488,"2",2899161,"1",
"980070",34488,"3",2899161,"1",
"980070",34488,"4",2899161,"1",
"980070",34488,"5",2899161,"1",
"900030",30454,"1",2899162,"1",
"900030",30454,"2",2899162,"1",
"900030",30454,"3",2899162,"1",
"900030",30454,"4",2899162,"1",
"900030",30454,"5",2899162,"1",
"900170",4008,"1",2899162,"1",
"900170",4008,"2",2899162,"1",
"900170",4008,"3",2899162,"1",
"900170",4008,"4",2899162,"1",
"900170",4008,"5",2899162,"1",
"980000",34462,"1",2899162,"1",
"980000",34462,"2",2899162,"1",
"980000",34462,"3",2899162,"1",
"980000",34462,"4",2899162,"1",
"980000",34462,"5",2899162,"1",
"980070",34488,"1",2899162,"1",
"980070",34488,"2",2899162,"1",
"980070",34488,"3",2899162,"1",
"980070",34488,"4",2899162,"1",
"980070",34488,"5",2899162,"1",
"900030",26518,"1",2899181,"1",
"900030",38374,"2",2899181,"1",
"900030",23518,"3",2899181,"1",
"900030",35050,"4",2899181,"1",
"900030",32230,"5",2899181,"1",
"900170",8568,"1",2899181,"1",
"900170",8568,"2",2899181,"1",
"900170",8568,"3",2899181,"1",
"900170",8568,"4",2899181,"1",
"900170",8568,"5",2899181,"1",
"980000",35086,"1",2899181,"1",
"980000",46942,"2",2899181,"1",
"980000",32086,"3",2899181,"1",
"980000",43618,"4",2899181,"1",
"980000",40798,"5",2899181,"1",
"980070",38086,"1",2899181,"1",
"980070",49942,"2",2899181,"1",
"980070",35086,"3",2899181,"1",
"980070",46618,"4",2899181,"1",
"980070",43798,"5",2899181,"1",
"900030",35626,"1",2899182,"1",
"900030",37762,"2",2899182,"1",
"900030",31870,"3",2899182,"1",
"900030",33862,"4",2899182,"1",
"900030",34990,"5",2899182,"1",
"900170",8568,"1",2899182,"1",
"900170",8568,"2",2899182,"1",
"900170",8568,"3",2899182,"1",
"900170",8568,"4",2899182,"1",
"900170",8568,"5",2899182,"1",
"980000",44194,"1",2899182,"1",
"980000",46330,"2",2899182,"1",
"980000",40438,"3",2899182,"1",
"980000",42430,"4",2899182,"1",
"980000",43558,"5",2899182,"1",
"980070",47194,"1",2899182,"1",
"980070",49330,"2",2899182,"1",
"980070",43438,"3",2899182,"1",
"980070",45430,"4",2899182,"1",
"980070",46558,"5",2899182,"1",
"900000",96,"1",2899201,"1",
"900000",96,"2",2899201,"1",
"900000",96,"3",2899201,"1",
"900000",96,"4",2899201,"1",
"900000",96,"5",2899201,"1",
"900120",7340,"1",2899201,"1",
"900120",7340,"2",2899201,"1",
"900120",7340,"3",2899201,"1",
"900120",7340,"4",2899201,"1",
"900120",7340,"5",2899201,"1",
"900150",77616,"1",2899201,"1",
"900150",77616,"2",2899201,"1",
"900150",77616,"3",2899201,"1",
"900150",77616,"4",2899201,"1",
"900150",77616,"5",2899201,"1",
"900210",670,"1",2899201,"1",
"900210",670,"2",2899201,"1",
"900210",670,"3",2899201,"1",
"900210",670,"4",2899201,"1",
"900210",670,"5",2899201,"1",
"980000",85722,"1",2899201,"1",
"980000",85722,"2",2899201,"1",
"980000",85722,"3",2899201,"1",
"980000",85722,"4",2899201,"1",
"980000",85722,"5",2899201,"1",
"980070",85722,"1",2899201,"1",
"980070",85722,"2",2899201,"1",
"980070",85722,"3",2899201,"1",
"980070",85722,"4",2899201,"1",
"980070",85722,"5",2899201,"1",
"900000",96,"1",2899202,"1",
"900000",96,"2",2899202,"1",
"900000",96,"3",2899202,"1",
"900000",96,"4",2899202,"1",
"900000",96,"5",2899202,"1",
"900120",7340,"1",2899202,"1",
"900120",7340,"2",2899202,"1",
"900120",7340,"3",2899202,"1",
"900120",7340,"4",2899202,"1",
"900120",7340,"5",2899202,"1",
"900150",77616,"1",2899202,"1",
"900150",77616,"2",2899202,"1",
"900150",77616,"3",2899202,"1",
"900150",77616,"4",2899202,"1",
"900150",77616,"5",2899202,"1",
"900210",670,"1",2899202,"1",
"900210",670,"2",2899202,"1",
"900210",670,"3",2899202,"1",
"900210",670,"4",2899202,"1",
"900210",670,"5",2899202,"1",
"980000",85722,"1",2899202,"1",
"980000",85722,"2",2899202,"1",
"980000",85722,"3",2899202,"1",
"980000",85722,"4",2899202,"1",
"980000",85722,"5",2899202,"1",
"980070",85722,"1",2899202,"1",
"980070",85722,"2",2899202,"1",
"980070",85722,"3",2899202,"1",
"980070",85722,"4",2899202,"1",
"980070",85722,"5",2899202,"1",
"900030",8736,"1",2899221,"1",
"900030",8736,"2",2899221,"1",
"900030",8736,"3",2899221,"1",
"900030",8736,"4",2899221,"1",
"900030",8736,"5",2899221,"1",
"900120",1080,"1",2899221,"1",
"900120",1080,"2",2899221,"1",
"900120",1080,"3",2899221,"1",
"900120",1080,"4",2899221,"1",
"900120",1080,"5",2899221,"1",
"900150",7200,"1",2899221,"1",
"900150",7200,"2",2899221,"1",
"900150",7200,"3",2899221,"1",
"900150",7200,"4",2899221,"1",
"900150",7200,"5",2899221,"1",
"980000",17016,"1",2899221,"1",
"980000",17016,"2",2899221,"1",
"980000",17016,"3",2899221,"1",
"980000",17016,"4",2899221,"1",
"980000",17016,"5",2899221,"1",
"980070",17016,"1",2899221,"1",
"980070",17016,"2",2899221,"1",
"980070",17016,"3",2899221,"1",
"980070",17016,"4",2899221,"1",
"980070",17016,"5",2899221,"1",
"900030",8736,"1",2899222,"1",
"900030",8736,"2",2899222,"1",
"900030",8736,"3",2899222,"1",
"900030",8736,"4",2899222,"1",
"900030",8736,"5",2899222,"1",
"900120",1080,"1",2899222,"1",
"900120",1080,"2",2899222,"1",
"900120",1080,"3",2899222,"1",
"900120",1080,"4",2899222,"1",
"900120",1080,"5",2899222,"1",
"900150",7200,"1",2899222,"1",
"900150",7200,"2",2899222,"1",
"900150",7200,"3",2899222,"1",
"900150",7200,"4",2899222,"1",
"900150",7200,"5",2899222,"1",
"980000",17016,"1",2899222,"1",
"980000",17016,"2",2899222,"1",
"980000",17016,"3",2899222,"1",
"980000",17016,"4",2899222,"1",
"980000",17016,"5",2899222,"1",
"980070",17016,"1",2899222,"1",
"980070",17016,"2",2899222,"1",
"980070",17016,"3",2899222,"1",
"980070",17016,"4",2899222,"1",
"980070",17016,"5",2899222,"1",
"900000",28266,"1",2899232,"1",
"900000",27179,"2",2899232,"1",
"900000",31787,"3",2899232,"1",
"900000",32575,"4",2899232,"1",
"900000",24994,"5",2899232,"1",
"900150",3600,"1",2899232,"1",
"900150",3600,"2",2899232,"1",
"900150",3600,"3",2899232,"1",
"900150",3600,"4",2899232,"1",
"900150",3600,"5",2899232,"1",
"980000",31866,"1",2899232,"1",
"980000",30779,"2",2899232,"1",
"980000",35387,"3",2899232,"1",
"980000",36175,"4",2899232,"1",
"980000",28594,"5",2899232,"1",
"980070",31866,"1",2899232,"1",
"980070",30779,"2",2899232,"1",
"980070",35387,"3",2899232,"1",
"980070",36175,"4",2899232,"1",
"980070",28594,"5",2899232,"1",
"900030",16259,"1",2899251,"1",
"900030",16259,"2",2899251,"1",
"900030",16259,"3",2899251,"1",
"900030",16259,"4",2899251,"1",
"900030",16259,"5",2899251,"1",
"900180",26821,"1",2899251,"1",
"900180",154,"2",2899251,"1",
"900180",305,"3",2899251,"1",
"900180",2000,"4",2899251,"1",
"900180",10,"5",2899251,"1",
"900190",1000,"1",2899251,"1",
"900190",1000,"2",2899251,"1",
"900190",1000,"3",2899251,"1",
"900190",1000,"4",2899251,"1",
"900190",1000,"5",2899251,"1",
"980000",44080,"1",2899251,"1",
"980000",17413,"2",2899251,"1",
"980000",17564,"3",2899251,"1",
"980000",19259,"4",2899251,"1",
"980000",17269,"5",2899251,"1",
"980070",44080,"1",2899251,"1",
"980070",17413,"2",2899251,"1",
"980070",17564,"3",2899251,"1",
"980070",19259,"4",2899251,"1",
"980070",17269,"5",2899251,"1",
"900030",16259,"1",2899252,"1",
"900030",16259,"2",2899252,"1",
"900030",16259,"3",2899252,"1",
"900030",16259,"4",2899252,"1",
"900030",16259,"5",2899252,"1",
"900180",1,"1",2899252,"1",
"900180",12105,"2",2899252,"1",
"900180",1960,"3",2899252,"1",
"900180",200,"4",2899252,"1",
"900180",10222,"5",2899252,"1",
"900190",1000,"1",2899252,"1",
"900190",1000,"2",2899252,"1",
"900190",1000,"3",2899252,"1",
"900190",1000,"4",2899252,"1",
"900190",1000,"5",2899252,"1",
"980000",17260,"1",2899252,"1",
"980000",29364,"2",2899252,"1",
"980000",19219,"3",2899252,"1",
"980000",17459,"4",2899252,"1",
"980000",27481,"5",2899252,"1",
"980070",17260,"1",2899252,"1",
"980070",29364,"2",2899252,"1",
"980070",19219,"3",2899252,"1",
"980070",17459,"4",2899252,"1",
"980070",27481,"5",2899252,"1",
"800940",3441,"1",2899272,"1",
"800940",4358,"2",2899272,"1",
"800940",2785,"3",2899272,"1",
"800940",1349,"4",2899272,"1",
"800940",2469,"5",2899272,"1",
"900000",41000,"1",2899272,"1",
"900000",41000,"2",2899272,"1",
"900000",41000,"3",2899272,"1",
"900000",41000,"4",2899272,"1",
"900000",41000,"5",2899272,"1",
"900160",14490,"1",2899272,"1",
"900160",20483,"2",2899272,"1",
"900160",10202,"3",2899272,"1",
"900160",817,"4",2899272,"1",
"900160",8135,"5",2899272,"1",
"980000",55490,"1",2899272,"1",
"980000",61483,"2",2899272,"1",
"980000",51202,"3",2899272,"1",
"980000",41817,"4",2899272,"1",
"980000",49135,"5",2899272,"1",
"980070",55490,"1",2899272,"1",
"980070",61483,"2",2899272,"1",
"980070",51202,"3",2899272,"1",
"980070",41817,"4",2899272,"1",
"980070",49135,"5",2899272,"1",
"900000",195164,"1",2899281,"1",
"900000",182607,"2",2899281,"1",
"900000",175721,"3",2899281,"1",
"900000",205752,"4",2899281,"1",
"900000",168917,"5",2899281,"1",
"900180",10,"1",2899281,"1",
"900180",503,"2",2899281,"1",
"900180",2019,"3",2899281,"1",
"900180",204,"4",2899281,"1",
"900180",204,"5",2899281,"1",
"980000",195174,"1",2899281,"1",
"980000",183110,"2",2899281,"1",
"980000",177740,"3",2899281,"1",
"980000",205956,"4",2899281,"1",
"980000",169121,"5",2899281,"1",
"980070",197674,"1",2899281,"1",
"980070",185610,"2",2899281,"1",
"980070",180240,"3",2899281,"1",
"980070",208456,"4",2899281,"1",
"980070",171621,"5",2899281,"1",
"900000",170130,"1",2899282,"1",
"900000",167904,"2",2899282,"1",
"900000",192574,"3",2899282,"1",
"900000",191948,"4",2899282,"1",
"900000",180097,"5",2899282,"1",
"900180",5087,"1",2899282,"1",
"900180",5014,"2",2899282,"1",
"900180",862,"3",2899282,"1",
"900180",3651,"4",2899282,"1",
"900180",15317,"5",2899282,"1",
"980000",175217,"1",2899282,"1",
"980000",172918,"2",2899282,"1",
"980000",193436,"3",2899282,"1",
"980000",195599,"4",2899282,"1",
"980000",195414,"5",2899282,"1",
"980070",177717,"1",2899282,"1",
"980070",175418,"2",2899282,"1",
"980070",195936,"3",2899282,"1",
"980070",198099,"4",2899282,"1",
"980070",197914,"5",2899282,"1",
"900000",37000,"1",2899331,"1",
"900000",37000,"2",2899331,"1",
"900000",37000,"3",2899331,"1",
"900000",37000,"4",2899331,"1",
"900000",37000,"5",2899331,"1",
"980000",37000,"1",2899331,"1",
"980000",37000,"2",2899331,"1",
"980000",37000,"3",2899331,"1",
"980000",37000,"4",2899331,"1",
"980000",37000,"5",2899331,"1",
"980070",41075,"1",2899331,"1",
"980070",41075,"2",2899331,"1",
"980070",41075,"3",2899331,"1",
"980070",41075,"4",2899331,"1",
"980070",41075,"5",2899331,"1",
"900000",37000,"1",2899332,"1",
"900000",37000,"2",2899332,"1",
"900000",37000,"3",2899332,"1",
"900000",37000,"4",2899332,"1",
"900000",37000,"5",2899332,"1",
"980000",37000,"1",2899332,"1",
"980000",37000,"2",2899332,"1",
"980000",37000,"3",2899332,"1",
"980000",37000,"4",2899332,"1",
"980000",37000,"5",2899332,"1",
"980070",41075,"1",2899332,"1",
"980070",41075,"2",2899332,"1",
"980070",41075,"3",2899332,"1",
"980070",41075,"4",2899332,"1",
"980070",41075,"5",2899332,"1",
"900000",23930,"1",2899341,"1",
"900000",23930,"2",2899341,"1",
"900000",23930,"3",2899341,"1",
"900000",23930,"4",2899341,"1",
"900000",23930,"5",2899341,"1",
"980000",23930,"1",2899341,"1",
"980000",23930,"2",2899341,"1",
"980000",23930,"3",2899341,"1",
"980000",23930,"4",2899341,"1",
"980000",23930,"5",2899341,"1",
"980070",25431,"1",2899341,"1",
"980070",25431,"2",2899341,"1",
"980070",25431,"3",2899341,"1",
"980070",25431,"4",2899341,"1",
"980070",25431,"5",2899341,"1",
"900000",23930,"1",2899342,"1",
"900000",23930,"2",2899342,"1",
"900000",23930,"3",2899342,"1",
"900000",23930,"4",2899342,"1",
"900000",23930,"5",2899342,"1",
"980000",23930,"1",2899342,"1",
"980000",23930,"2",2899342,"1",
"980000",23930,"3",2899342,"1",
"980000",23930,"4",2899342,"1",
"980000",23930,"5",2899342,"1",
"980070",25431,"1",2899342,"1",
"980070",25431,"2",2899342,"1",
"980070",25431,"3",2899342,"1",
"980070",25431,"4",2899342,"1",
"980070",25431,"5",2899342,"1",
"900000",8178,"1",2899361,"1",
"900000",9652,"2",2899361,"1",
"900000",5421,"3",2899361,"1",
"900000",9391,"4",2899361,"1",
"900000",9646,"5",2899361,"1",
"900150",14400,"1",2899361,"1",
"900150",14400,"2",2899361,"1",
"900150",14400,"3",2899361,"1",
"900150",14400,"4",2899361,"1",
"900150",14400,"5",2899361,"1",
"980000",22578,"1",2899361,"1",
"980000",24052,"2",2899361,"1",
"980000",19821,"3",2899361,"1",
"980000",23791,"4",2899361,"1",
"980000",24046,"5",2899361,"1",
"980070",23146,"1",2899361,"1",
"980070",24620,"2",2899361,"1",
"980070",20389,"3",2899361,"1",
"980070",24359,"4",2899361,"1",
"980070",24614,"5",2899361,"1",
"900000",8938,"1",2899362,"1",
"900000",7052,"2",2899362,"1",
"900000",9034,"3",2899362,"1",
"900000",5194,"4",2899362,"1",
"900000",8325,"5",2899362,"1",
"900150",14400,"1",2899362,"1",
"900150",14400,"2",2899362,"1",
"900150",14400,"3",2899362,"1",
"900150",14400,"4",2899362,"1",
"900150",14400,"5",2899362,"1",
"980000",23338,"1",2899362,"1",
"980000",21452,"2",2899362,"1",
"980000",23434,"3",2899362,"1",
"980000",19594,"4",2899362,"1",
"980000",22725,"5",2899362,"1",
"980070",23906,"1",2899362,"1",
"980070",22020,"2",2899362,"1",
"980070",24002,"3",2899362,"1",
"980070",20162,"4",2899362,"1",
"980070",23293,"5",2899362,"1",
"900000",115000,"1",2899371,"1",
"900000",115000,"2",2899371,"1",
"900000",115000,"3",2899371,"1",
"900000",115000,"4",2899371,"1",
"900000",115000,"5",2899371,"1",
"950002",9923,"1",2899371,"1",
"950002",9923,"2",2899371,"1",
"950002",9923,"3",2899371,"1",
"950002",9923,"4",2899371,"1",
"950002",9923,"5",2899371,"1",
"950012",1692,"1",2899371,"1",
"950012",1692,"2",2899371,"1",
"950012",1692,"3",2899371,"1",
"950012",1692,"4",2899371,"1",
"950012",1692,"5",2899371,"1",
"980000",115000,"1",2899371,"1",
"980000",115000,"2",2899371,"1",
"980000",115000,"3",2899371,"1",
"980000",115000,"4",2899371,"1",
"980000",115000,"5",2899371,"1",
"980070",110385,"1",2899371,"1",
"980070",110385,"2",2899371,"1",
"980070",110385,"3",2899371,"1",
"980070",110385,"4",2899371,"1",
"980070",110385,"5",2899371,"1",
"900000",115000,"1",2899372,"1",
"900000",115000,"2",2899372,"1",
"900000",115000,"3",2899372,"1",
"900000",115000,"4",2899372,"1",
"900000",115000,"5",2899372,"1",
"950002",9923,"1",2899372,"1",
"950002",9923,"2",2899372,"1",
"950002",9923,"3",2899372,"1",
"950002",9923,"4",2899372,"1",
"950002",9923,"5",2899372,"1",
"950012",1692,"1",2899372,"1",
"950012",1692,"2",2899372,"1",
"950012",1692,"3",2899372,"1",
"950012",1692,"4",2899372,"1",
"950012",1692,"5",2899372,"1",
"980000",115000,"1",2899372,"1",
"980000",115000,"2",2899372,"1",
"980000",115000,"3",2899372,"1",
"980000",115000,"4",2899372,"1",
"980000",115000,"5",2899372,"1",
"980070",110385,"1",2899372,"1",
"980070",110385,"2",2899372,"1",
"980070",110385,"3",2899372,"1",
"980070",110385,"4",2899372,"1",
"980070",110385,"5",2899372,"1",
"900000",15704,"1",2899381,"1",
"900000",15704,"2",2899381,"1",
"900000",15704,"3",2899381,"1",
"900000",15704,"4",2899381,"1",
"900000",15704,"5",2899381,"1",
"900030",9227,"1",2899381,"1",
"900030",9227,"2",2899381,"1",
"900030",9227,"3",2899381,"1",
"900030",9227,"4",2899381,"1",
"900030",9227,"5",2899381,"1",
"980000",24931,"1",2899381,"1",
"980000",24931,"2",2899381,"1",
"980000",24931,"3",2899381,"1",
"980000",24931,"4",2899381,"1",
"980000",24931,"5",2899381,"1",
"980070",25181,"1",2899381,"1",
"980070",25181,"2",2899381,"1",
"980070",25181,"3",2899381,"1",
"980070",25181,"4",2899381,"1",
"980070",25181,"5",2899381,"1",
"900000",15704,"1",2899382,"1",
"900000",15704,"2",2899382,"1",
"900000",15704,"3",2899382,"1",
"900000",15704,"4",2899382,"1",
"900000",15704,"5",2899382,"1",
"900030",9227,"1",2899382,"1",
"900030",9227,"2",2899382,"1",
"900030",9227,"3",2899382,"1",
"900030",9227,"4",2899382,"1",
"900030",9227,"5",2899382,"1",
"980000",24931,"1",2899382,"1",
"980000",24931,"2",2899382,"1",
"980000",24931,"3",2899382,"1",
"980000",24931,"4",2899382,"1",
"980000",24931,"5",2899382,"1",
"980070",25181,"1",2899382,"1",
"980070",25181,"2",2899382,"1",
"980070",25181,"3",2899382,"1",
"980070",25181,"4",2899382,"1",
"980070",25181,"5",2899382,"1",
"900000",28000,"1",2899402,"1",
"900000",28000,"2",2899402,"1",
"900000",28000,"3",2899402,"1",
"900000",28000,"4",2899402,"1",
"900000",28000,"5",2899402,"1",
"980000",28000,"1",2899402,"1",
"980000",28000,"2",2899402,"1",
"980000",28000,"3",2899402,"1",
"980000",28000,"4",2899402,"1",
"980000",28000,"5",2899402,"1",
"980070",28900,"1",2899402,"1",
"980070",28900,"2",2899402,"1",
"980070",28900,"3",2899402,"1",
"980070",28900,"4",2899402,"1",
"980070",28900,"5",2899402,"1",
"800940",10967,"1",2899411,"1","T"
"800940",10967,"2",2899411,"1","T"
"800940",10967,"3",2899411,"1","T"
"800940",10967,"4",2899411,"1","T"
"800940",10967,"5",2899411,"1","T"
"900000",44589,"1",2899411,"1",
"900000",47628,"2",2899411,"1",
"900000",49578,"3",2899411,"1",
"900000",49784,"4",2899411,"1",
"900000",45141,"5",2899411,"1",
"900160",27694,"1",2899411,"1",
"900160",88940,"2",2899411,"1",
"900160",91428,"3",2899411,"1",
"900160",32230,"4",2899411,"1",
"900160",14284,"5",2899411,"1",
"980000",72283,"1",2899411,"1",
"980000",136568,"2",2899411,"1",
"980000",141006,"3",2899411,"1",
"980000",82014,"4",2899411,"1",
"980000",59425,"5",2899411,"1",
"980070",72287,"1",2899411,"1",
"980070",136572,"2",2899411,"1",
"980070",141010,"3",2899411,"1",
"980070",82018,"4",2899411,"1",
"980070",59429,"5",2899411,"1",
"800940",2601,"1",2899412,"1",
"800940",2981,"2",2899412,"1",
"800940",5230,"3",2899412,"1",
"800940",3888,"4",2899412,"1",
"800940",1591,"5",2899412,"1",
"900000",48548,"1",2899412,"1",
"900000",49719,"2",2899412,"1",
"900000",47223,"3",2899412,"1",
"900000",51612,"4",2899412,"1",
"900000",42389,"5",2899412,"1",
"900160",6506,"1",2899412,"1",
"900160",50708,"2",2899412,"1",
"900160",21006,"3",2899412,"1",
"900160",32743,"4",2899412,"1",
"900160",104,"5",2899412,"1",
"980000",55054,"1",2899412,"1",
"980000",100427,"2",2899412,"1",
"980000",68229,"3",2899412,"1",
"980000",84355,"4",2899412,"1",
"980000",42493,"5",2899412,"1",
"980070",55058,"1",2899412,"1",
"980070",100431,"2",2899412,"1",
"980070",68233,"3",2899412,"1",
"980070",84359,"4",2899412,"1",
"980070",42497,"5",2899412,"1",
"900000",18810,"1",2899421,"1",
"900000",16128,"2",2899421,"1",
"900000",18483,"3",2899421,"1",
"900000",17901,"4",2899421,"1",
"900000",15252,"5",2899421,"1",
"900030",3539,"1",2899421,"1",
"900030",3539,"2",2899421,"1",
"900030",3539,"3",2899421,"1",
"900030",3539,"4",2899421,"1",
"900030",3539,"5",2899421,"1",
"980000",22349,"1",2899421,"1",
"980000",19667,"2",2899421,"1",
"980000",22022,"3",2899421,"1",
"980000",21440,"4",2899421,"1",
"980000",18791,"5",2899421,"1",
"980070",30049,"1",2899421,"1",
"980070",27367,"2",2899421,"1",
"980070",29722,"3",2899421,"1",
"980070",29140,"4",2899421,"1",
"980070",26491,"5",2899421,"1",
"900000",17337,"1",2899422,"1",
"900000",15398,"2",2899422,"1",
"900000",17741,"3",2899422,"1",
"900000",15397,"4",2899422,"1",
"900000",16803,"5",2899422,"1",
"900030",3539,"1",2899422,"1",
"900030",3539,"2",2899422,"1",
"900030",3539,"3",2899422,"1",
"900030",3539,"4",2899422,"1",
"900030",3539,"5",2899422,"1",
"980000",20876,"1",2899422,"1",
"980000",18937,"2",2899422,"1",
"980000",21280,"3",2899422,"1",
"980000",18936,"4",2899422,"1",
"980000",20342,"5",2899422,"1",
"980070",28576,"1",2899422,"1",
"980070",26637,"2",2899422,"1",
"980070",28980,"3",2899422,"1",
"980070",26636,"4",2899422,"1",
"980070",28042,"5",2899422,"1",
"900030",18000,"1",2899431,"1",
"900030",18000,"2",2899431,"1",
"900030",18000,"3",2899431,"1",
"900030",18000,"4",2899431,"1",
"900030",18000,"5",2899431,"1",
"900180",2200,"1",2899431,"1",
"900180",2200,"2",2899431,"1",
"900180",2200,"3",2899431,"1",
"900180",2200,"4",2899431,"1",
"900180",2200,"5",2899431,"1",
"900190",10000,"1",2899431,"1",
"900190",10000,"2",2899431,"1",
"900190",10000,"3",2899431,"1",
"900190",10000,"4",2899431,"1",
"900190",10000,"5",2899431,"1",
"980000",30200,"1",2899431,"1",
"980000",30200,"2",2899431,"1",
"980000",30200,"3",2899431,"1",
"980000",30200,"4",2899431,"1",
"980000",30200,"5",2899431,"1",
"980070",30200,"1",2899431,"1",
"980070",30200,"2",2899431,"1",
"980070",30200,"3",2899431,"1",
"980070",30200,"4",2899431,"1",
"980070",30200,"5",2899431,"1",
"900030",18000,"1",2899432,"1",
"900030",18000,"2",2899432,"1",
"900030",18000,"3",2899432,"1",
"900030",18000,"4",2899432,"1",
"900030",18000,"5",2899432,"1",
"900180",2200,"1",2899432,"1",
"900180",2200,"2",2899432,"1",
"900180",2200,"3",2899432,"1",
"900180",2200,"4",2899432,"1",
"900180",2200,"5",2899432,"1",
"900190",10000,"1",2899432,"1",
"900190",10000,"2",2899432,"1",
"900190",10000,"3",2899432,"1",
"900190",10000,"4",2899432,"1",
"900190",10000,"5",2899432,"1",
"980000",30200,"1",2899432,"1",
"980000",30200,"2",2899432,"1",
"980000",30200,"3",2899432,"1",
"980000",30200,"4",2899432,"1",
"980000",30200,"5",2899432,"1",
"980070",30200,"1",2899432,"1",
"980070",30200,"2",2899432,"1",
"980070",30200,"3",2899432,"1",
"980070",30200,"4",2899432,"1",
"980070",30200,"5",2899432,"1",
"900090",661,"1",2899451,"1",
"900090",8277,"2",2899451,"1",
"900090",8662,"3",2899451,"1",
"900090",15335,"4",2899451,"1",
"900090",8652,"5",2899451,"1",
"900210",6687,"1",2899451,"1",
"900210",8202,"2",2899451,"1",
"900210",13597,"3",2899451,"1",
"900210",42,"4",2899451,"1",
"900210",3774,"5",2899451,"1",
"980000",7348,"1",2899451,"1",
"980000",16479,"2",2899451,"1",
"980000",22259,"3",2899451,"1",
"980000",15377,"4",2899451,"1",
"980000",12426,"5",2899451,"1",
"980070",7348,"1",2899451,"1",
"980070",16479,"2",2899451,"1",
"980070",22259,"3",2899451,"1",
"980070",15377,"4",2899451,"1",
"980070",12426,"5",2899451,"1",
"900090",8554,"1",2899452,"1",
"900090",8725,"2",2899452,"1",
"900090",9928,"3",2899452,"1",
"900090",8455,"4",2899452,"1",
"900090",7335,"5",2899452,"1",
"900210",3573,"1",2899452,"1",
"900210",20749,"2",2899452,"1",
"900210",18297,"3",2899452,"1",
"900210",16177,"4",2899452,"1",
"900210",7725,"5",2899452,"1",
"980000",12127,"1",2899452,"1",
"980000",29474,"2",2899452,"1",
"980000",28225,"3",2899452,"1",
"980000",24632,"4",2899452,"1",
"980000",15060,"5",2899452,"1",
"980070",12127,"1",2899452,"1",
"980070",29474,"2",2899452,"1",
"980070",28225,"3",2899452,"1",
"980070",24632,"4",2899452,"1",
"980070",15060,"5",2899452,"1",
"900000",87000,"1",2899461,"1",
"900000",87000,"2",2899461,"1",
"900000",87000,"3",2899461,"1",
"900000",87000,"4",2899461,"1",
"900000",87000,"5",2899461,"1",
"900030",15359,"1",2899461,"1",
"900030",15359,"2",2899461,"1",
"900030",15359,"3",2899461,"1",
"900030",15359,"4",2899461,"1",
"900030",15359,"5",2899461,"1",
"900170",3323,"1",2899461,"1",
"900170",3102,"2",2899461,"1",
"900170",3140,"3",2899461,"1",
"900170",3128,"4",2899461,"1",
"900170",3602,"5",2899461,"1",
"980000",105682,"1",2899461,"1",
"980000",105461,"2",2899461,"1",
"980000",105499,"3",2899461,"1",
"980000",105487,"4",2899461,"1",
"980000",105961,"5",2899461,"1",
"980070",105682,"1",2899461,"1",
"980070",105461,"2",2899461,"1",
"980070",105499,"3",2899461,"1",
"980070",105487,"4",2899461,"1",
"980070",105961,"5",2899461,"1",
"900000",87000,"1",2899462,"1",
"900000",87000,"2",2899462,"1",
"900000",87000,"3",2899462,"1",
"900000",87000,"4",2899462,"1",
"900000",87000,"5",2899462,"1",
"900030",15359,"1",2899462,"1",
"900030",15359,"2",2899462,"1",
"900030",15359,"3",2899462,"1",
"900030",15359,"4",2899462,"1",
"900030",15359,"5",2899462,"1",
"900170",3089,"1",2899462,"1",
"900170",3116,"2",2899462,"1",
"900170",3110,"3",2899462,"1",
"900170",3040,"4",2899462,"1",
"900170",3034,"5",2899462,"1",
"980000",105448,"1",2899462,"1",
"980000",105475,"2",2899462,"1",
"980000",105469,"3",2899462,"1",
"980000",105399,"4",2899462,"1",
"980000",105393,"5",2899462,"1",
"980070",105448,"1",2899462,"1",
"980070",105475,"2",2899462,"1",
"980070",105469,"3",2899462,"1",
"980070",105399,"4",2899462,"1",
"980070",105393,"5",2899462,"1",
"800940",10967,"1",2899471,"1","T"
"800940",10967,"2",2899471,"1","T"
"800940",10967,"3",2899471,"1","T"
"800940",10967,"4",2899471,"1","T"
"800940",10967,"5",2899471,"1","T"
"900000",57246,"1",2899471,"1",
"900000",57246,"2",2899471,"1",
"900000",57246,"3",2899471,"1",
"900000",57246,"4",2899471,"1",
"900000",57246,"5",2899471,"1",
"900160",52846,"1",2899471,"1",
"900160",53338,"2",2899471,"1",
"900160",73996,"3",2899471,"1",
"900160",24525,"4",2899471,"1",
"900160",111532,"5",2899471,"1",
"980000",110092,"1",2899471,"1",
"980000",110584,"2",2899471,"1",
"980000",131242,"3",2899471,"1",
"980000",81771,"4",2899471,"1",
"980000",168778,"5",2899471,"1",
"980070",112117,"1",2899471,"1",
"980070",112609,"2",2899471,"1",
"980070",133267,"3",2899471,"1",
"980070",83796,"4",2899471,"1",
"980070",170803,"5",2899471,"1",
"800940",10967,"1",2899472,"1","T"
"800940",10967,"2",2899472,"1","T"
"800940",10967,"3",2899472,"1","T"
"800940",10967,"4",2899472,"1","T"
"800940",10967,"5",2899472,"1","T"
"900000",57246,"1",2899472,"1",
"900000",57246,"2",2899472,"1",
"900000",57246,"3",2899472,"1",
"900000",57246,"4",2899472,"1",
"900000",57246,"5",2899472,"1",
"900160",25449,"1",2899472,"1",
"900160",50237,"2",2899472,"1",
"900160",17455,"3",2899472,"1",
"900160",5267,"4",2899472,"1",
"900160",71730,"5",2899472,"1",
"980000",82695,"1",2899472,"1",
"980000",107483,"2",2899472,"1",
"980000",74701,"3",2899472,"1",
"980000",62513,"4",2899472,"1",
"980000",128976,"5",2899472,"1",
"980070",84720,"1",2899472,"1",
"980070",109508,"2",2899472,"1",
"980070",76726,"3",2899472,"1",
"980070",64538,"4",2899472,"1",
"980070",131001,"5",2899472,"1",
"900000",68000,"1",2899491,"1",
"900000",68000,"2",2899491,"1",
"900000",68000,"3",2899491,"1",
"900000",68000,"4",2899491,"1",
"900000",68000,"5",2899491,"1",
"900180",10,"1",2899491,"1",
"900180",10,"2",2899491,"1",
"900180",10,"3",2899491,"1",
"900180",10,"4",2899491,"1",
"900180",10,"5",2899491,"1",
"900190",11000,"1",2899491,"1",
"900190",11000,"2",2899491,"1",
"900190",11000,"3",2899491,"1",
"900190",11000,"4",2899491,"1",
"900190",11000,"5",2899491,"1",
"980000",79010,"1",2899491,"1",
"980000",79010,"2",2899491,"1",
"980000",79010,"3",2899491,"1",
"980000",79010,"4",2899491,"1",
"980000",79010,"5",2899491,"1",
"980070",80310,"1",2899491,"1",
"980070",80310,"2",2899491,"1",
"980070",80310,"3",2899491,"1",
"980070",80310,"4",2899491,"1",
"980070",80310,"5",2899491,"1",
"900000",68000,"1",2899492,"1",
"900000",68000,"2",2899492,"1",
"900000",68000,"3",2899492,"1",
"900000",68000,"4",2899492,"1",
"900000",68000,"5",2899492,"1",
"900180",10,"1",2899492,"1",
"900180",10,"2",2899492,"1",
"900180",10,"3",2899492,"1",
"900180",10,"4",2899492,"1",
"900180",10,"5",2899492,"1",
"900190",11000,"1",2899492,"1",
"900190",11000,"2",2899492,"1",
"900190",11000,"3",2899492,"1",
"900190",11000,"4",2899492,"1",
"900190",11000,"5",2899492,"1",
"980000",79010,"1",2899492,"1",
"980000",79010,"2",2899492,"1",
"980000",79010,"3",2899492,"1",
"980000",79010,"4",2899492,"1",
"980000",79010,"5",2899492,"1",
"980070",80310,"1",2899492,"1",
"980070",80310,"2",2899492,"1",
"980070",80310,"3",2899492,"1",
"980070",80310,"4",2899492,"1",
"980070",80310,"5",2899492,"1",
"900030",36611,"1",2899501,"1",
"900030",36611,"2",2899501,"1",
"900030",36611,"3",2899501,"1",
"900030",36611,"4",2899501,"1",
"900030",36611,"5",2899501,"1",
"900170",19200,"1",2899501,"1",
"900170",19200,"2",2899501,"1",
"900170",19200,"3",2899501,"1",
"900170",19200,"4",2899501,"1",
"900170",19200,"5",2899501,"1",
"900180",30,"1",2899501,"1",
"900180",30,"2",2899501,"1",
"900180",30,"3",2899501,"1",
"900180",30,"4",2899501,"1",
"900180",30,"5",2899501,"1",
"900210",8700,"1",2899501,"1",
"900210",8700,"2",2899501,"1",
"900210",8700,"3",2899501,"1",
"900210",8700,"4",2899501,"1",
"900210",8700,"5",2899501,"1",
"980000",64541,"1",2899501,"1",
"980000",64541,"2",2899501,"1",
"980000",64541,"3",2899501,"1",
"980000",64541,"4",2899501,"1",
"980000",64541,"5",2899501,"1",
"980070",63889,"1",2899501,"1",
"980070",63889,"2",2899501,"1",
"980070",63889,"3",2899501,"1",
"980070",63889,"4",2899501,"1",
"980070",63889,"5",2899501,"1",
"900030",36611,"1",2899502,"1",
"900030",36611,"2",2899502,"1",
"900030",36611,"3",2899502,"1",
"900030",36611,"4",2899502,"1",
"900030",36611,"5",2899502,"1",
"900170",19200,"1",2899502,"1",
"900170",19200,"2",2899502,"1",
"900170",19200,"3",2899502,"1",
"900170",19200,"4",2899502,"1",
"900170",19200,"5",2899502,"1",
"900180",30,"1",2899502,"1",
"900180",30,"2",2899502,"1",
"900180",30,"3",2899502,"1",
"900180",30,"4",2899502,"1",
"900180",30,"5",2899502,"1",
"900210",8700,"1",2899502,"1",
"900210",8700,"2",2899502,"1",
"900210",8700,"3",2899502,"1",
"900210",8700,"4",2899502,"1",
"900210",8700,"5",2899502,"1",
"980000",64541,"1",2899502,"1",
"980000",64541,"2",2899502,"1",
"980000",64541,"3",2899502,"1",
"980000",64541,"4",2899502,"1",
"980000",64541,"5",2899502,"1",
"980070",63889,"1",2899502,"1",
"980070",63889,"2",2899502,"1",
"980070",63889,"3",2899502,"1",
"980070",63889,"4",2899502,"1",
"980070",63889,"5",2899502,"1",
"900000",71782,"1",2899511,"1",
"900000",72108,"2",2899511,"1",
"900000",85153,"3",2899511,"1",
"900000",73522,"4",2899511,"1",
"900000",70355,"5",2899511,"1",
"980000",71782,"1",2899511,"1",
"980000",72108,"2",2899511,"1",
"980000",85153,"3",2899511,"1",
"980000",73522,"4",2899511,"1",
"980000",70355,"5",2899511,"1",
"980070",73782,"1",2899511,"1",
"980070",74108,"2",2899511,"1",
"980070",87153,"3",2899511,"1",
"980070",75522,"4",2899511,"1",
"980070",72355,"5",2899511,"1",
"900000",79358,"1",2899512,"1",
"900000",89071,"2",2899512,"1",
"900000",73938,"3",2899512,"1",
"900000",75334,"4",2899512,"1",
"900000",78020,"5",2899512,"1",
"980000",79358,"1",2899512,"1",
"980000",89071,"2",2899512,"1",
"980000",73938,"3",2899512,"1",
"980000",75334,"4",2899512,"1",
"980000",78020,"5",2899512,"1",
"980070",81358,"1",2899512,"1",
"980070",91071,"2",2899512,"1",
"980070",75938,"3",2899512,"1",
"980070",77334,"4",2899512,"1",
"980070",80020,"5",2899512,"1",
"900000",23000,"1",2899521,"1",
"900000",23000,"2",2899521,"1",
"900000",23000,"3",2899521,"1",
"900000",23000,"4",2899521,"1",
"900000",23000,"5",2899521,"1",
"900030",16800,"1",2899521,"1",
"900030",16800,"2",2899521,"1",
"900030",16800,"3",2899521,"1",
"900030",16800,"4",2899521,"1",
"900030",16800,"5",2899521,"1",
"980000",39800,"1",2899521,"1",
"980000",39800,"2",2899521,"1",
"980000",39800,"3",2899521,"1",
"980000",39800,"4",2899521,"1",
"980000",39800,"5",2899521,"1",
"980070",39800,"1",2899521,"1",
"980070",39800,"2",2899521,"1",
"980070",39800,"3",2899521,"1",
"980070",39800,"4",2899521,"1",
"980070",39800,"5",2899521,"1",
"900000",23000,"1",2899522,"1",
"900000",23000,"2",2899522,"1",
"900000",23000,"3",2899522,"1",
"900000",23000,"4",2899522,"1",
"900000",23000,"5",2899522,"1",
"900030",16800,"1",2899522,"1",
"900030",16800,"2",2899522,"1",
"900030",16800,"3",2899522,"1",
"900030",16800,"4",2899522,"1",
"900030",16800,"5",2899522,"1",
"980000",39800,"1",2899522,"1",
"980000",39800,"2",2899522,"1",
"980000",39800,"3",2899522,"1",
"980000",39800,"4",2899522,"1",
"980000",39800,"5",2899522,"1",
"980070",39800,"1",2899522,"1",
"980070",39800,"2",2899522,"1",
"980070",39800,"3",2899522,"1",
"980070",39800,"4",2899522,"1",
"980070",39800,"5",2899522,"1",
"900030",23112,"1",2899531,"1",
"900030",23112,"2",2899531,"1",
"900030",23112,"3",2899531,"1",
"900030",23112,"4",2899531,"1",
"900030",23112,"5",2899531,"1",
"900170",32484,"1",2899531,"1",
"900170",32484,"2",2899531,"1",
"900170",32484,"3",2899531,"1",
"900170",32484,"4",2899531,"1",
"900170",32484,"5",2899531,"1",
"900210",16800,"1",2899531,"1",
"900210",16800,"2",2899531,"1",
"900210",16800,"3",2899531,"1",
"900210",16800,"4",2899531,"1",
"900210",16800,"5",2899531,"1",
"980000",72396,"1",2899531,"1",
"980000",72396,"2",2899531,"1",
"980000",72396,"3",2899531,"1",
"980000",72396,"4",2899531,"1",
"980000",72396,"5",2899531,"1",
"980070",72396,"1",2899531,"1",
"980070",72396,"2",2899531,"1",
"980070",72396,"3",2899531,"1",
"980070",72396,"4",2899531,"1",
"980070",72396,"5",2899531,"1",
"900030",23112,"1",2899532,"1",
"900030",23112,"2",2899532,"1",
"900030",23112,"3",2899532,"1",
"900030",23112,"4",2899532,"1",
"900030",23112,"5",2899532,"1",
"900170",32484,"1",2899532,"1",
"900170",32484,"2",2899532,"1",
"900170",32484,"3",2899532,"1",
"900170",32484,"4",2899532,"1",
"900170",32484,"5",2899532,"1",
"900210",16800,"1",2899532,"1",
"900210",16800,"2",2899532,"1",
"900210",16800,"3",2899532,"1",
"900210",16800,"4",2899532,"1",
"900210",16800,"5",2899532,"1",
"980000",72396,"1",2899532,"1",
"980000",72396,"2",2899532,"1",
"980000",72396,"3",2899532,"1",
"980000",72396,"4",2899532,"1",
"980000",72396,"5",2899532,"1",
"980070",72396,"1",2899532,"1",
"980070",72396,"2",2899532,"1",
"980070",72396,"3",2899532,"1",
"980070",72396,"4",2899532,"1",
"980070",72396,"5",2899532,"1",
"900000",24000,"1",2899541,"1",
"900000",24000,"2",2899541,"1",
"900000",24000,"3",2899541,"1",
"900000",24000,"4",2899541,"1",
"900000",24000,"5",2899541,"1",
"900030",8879,"1",2899541,"1",
"900030",8879,"2",2899541,"1",
"900030",8879,"3",2899541,"1",
"900030",8879,"4",2899541,"1",
"900030",8879,"5",2899541,"1",
"900170",2000,"1",2899541,"1",
"900170",2000,"2",2899541,"1",
"900170",2000,"3",2899541,"1",
"900170",2000,"4",2899541,"1",
"900170",2000,"5",2899541,"1",
"980000",34879,"1",2899541,"1",
"980000",34879,"2",2899541,"1",
"980000",34879,"3",2899541,"1",
"980000",34879,"4",2899541,"1",
"980000",34879,"5",2899541,"1",
"980070",34879,"1",2899541,"1",
"980070",34879,"2",2899541,"1",
"980070",34879,"3",2899541,"1",
"980070",34879,"4",2899541,"1",
"980070",34879,"5",2899541,"1",
"900000",24000,"1",2899542,"1",
"900000",24000,"2",2899542,"1",
"900000",24000,"3",2899542,"1",
"900000",24000,"4",2899542,"1",
"900000",24000,"5",2899542,"1",
"900030",8879,"1",2899542,"1",
"900030",8879,"2",2899542,"1",
"900030",8879,"3",2899542,"1",
"900030",8879,"4",2899542,"1",
"900030",8879,"5",2899542,"1",
"900170",2000,"1",2899542,"1",
"900170",2000,"2",2899542,"1",
"900170",2000,"3",2899542,"1",
"900170",2000,"4",2899542,"1",
"900170",2000,"5",2899542,"1",
"980000",34879,"1",2899542,"1",
"980000",34879,"2",2899542,"1",
"980000",34879,"3",2899542,"1",
"980000",34879,"4",2899542,"1",
"980000",34879,"5",2899542,"1",
"980070",34879,"1",2899542,"1",
"980070",34879,"2",2899542,"1",
"980070",34879,"3",2899542,"1",
"980070",34879,"4",2899542,"1",
"980070",34879,"5",2899542,"1",
"900000",24520,"1",2899561,"1",
"900000",24520,"2",2899561,"1",
"900000",24520,"3",2899561,"1",
"900000",24520,"4",2899561,"1",
"900000",24520,"5",2899561,"1",
"900150",1200,"1",2899561,"1",
"900150",1200,"2",2899561,"1",
"900150",1200,"3",2899561,"1",
"900150",1200,"4",2899561,"1",
"900150",1200,"5",2899561,"1",
"900210",9600,"1",2899561,"1",
"900210",9600,"2",2899561,"1",
"900210",9600,"3",2899561,"1",
"900210",9600,"4",2899561,"1",
"900210",9600,"5",2899561,"1",
"980000",35320,"1",2899561,"1",
"980000",35320,"2",2899561,"1",
"980000",35320,"3",2899561,"1",
"980000",35320,"4",2899561,"1",
"980000",35320,"5",2899561,"1",
"980070",38320,"1",2899561,"1",
"980070",38320,"2",2899561,"1",
"980070",38320,"3",2899561,"1",
"980070",38320,"4",2899561,"1",
"980070",38320,"5",2899561,"1",
"900000",24520,"1",2899562,"1",
"900000",24520,"2",2899562,"1",
"900000",24520,"3",2899562,"1",
"900000",24520,"4",2899562,"1",
"900000",24520,"5",2899562,"1",
"900150",1200,"1",2899562,"1",
"900150",1200,"2",2899562,"1",
"900150",1200,"3",2899562,"1",
"900150",1200,"4",2899562,"1",
"900150",1200,"5",2899562,"1",
"900210",9600,"1",2899562,"1",
"900210",9600,"2",2899562,"1",
"900210",9600,"3",2899562,"1",
"900210",9600,"4",2899562,"1",
"900210",9600,"5",2899562,"1",
"980000",35320,"1",2899562,"1",
"980000",35320,"2",2899562,"1",
"980000",35320,"3",2899562,"1",
"980000",35320,"4",2899562,"1",
"980000",35320,"5",2899562,"1",
"980070",38320,"1",2899562,"1",
"980070",38320,"2",2899562,"1",
"980070",38320,"3",2899562,"1",
"980070",38320,"4",2899562,"1",
"980070",38320,"5",2899562,"1",
"900000",30000,"1",2899571,"1",
"900000",30000,"2",2899571,"1",
"900000",30000,"3",2899571,"1",
"900000",30000,"4",2899571,"1",
"900000",30000,"5",2899571,"1",
"900190",9600,"1",2899571,"1",
"900190",9600,"2",2899571,"1",
"900190",9600,"3",2899571,"1",
"900190",9600,"4",2899571,"1",
"900190",9600,"5",2899571,"1",
"980000",39600,"1",2899571,"1",
"980000",39600,"2",2899571,"1",
"980000",39600,"3",2899571,"1",
"980000",39600,"4",2899571,"1",
"980000",39600,"5",2899571,"1",
"980070",42400,"1",2899571,"1",
"980070",42400,"2",2899571,"1",
"980070",42400,"3",2899571,"1",
"980070",42400,"4",2899571,"1",
"980070",42400,"5",2899571,"1",
"900000",30000,"1",2899572,"1",
"900000",30000,"2",2899572,"1",
"900000",30000,"3",2899572,"1",
"900000",30000,"4",2899572,"1",
"900000",30000,"5",2899572,"1",
"900190",9600,"1",2899572,"1",
"900190",9600,"2",2899572,"1",
"900190",9600,"3",2899572,"1",
"900190",9600,"4",2899572,"1",
"900190",9600,"5",2899572,"1",
"980000",39600,"1",2899572,"1",
"980000",39600,"2",2899572,"1",
"980000",39600,"3",2899572,"1",
"980000",39600,"4",2899572,"1",
"980000",39600,"5",2899572,"1",
"980070",42400,"1",2899572,"1",
"980070",42400,"2",2899572,"1",
"980070",42400,"3",2899572,"1",
"980070",42400,"4",2899572,"1",
"980070",42400,"5",2899572,"1",
"900000",125000,"1",2899581,"1",
"900000",125000,"2",2899581,"1",
"900000",125000,"3",2899581,"1",
"900000",125000,"4",2899581,"1",
"900000",125000,"5",2899581,"1",
"900180",75,"1",2899581,"1",
"900180",75,"2",2899581,"1",
"900180",75,"3",2899581,"1",
"900180",75,"4",2899581,"1",
"900180",75,"5",2899581,"1",
"950002",11275,"1",2899581,"1",
"950002",11275,"2",2899581,"1",
"950002",11275,"3",2899581,"1",
"950002",11275,"4",2899581,"1",
"950002",11275,"5",2899581,"1",
"980000",125075,"1",2899581,"1",
"980000",125075,"2",2899581,"1",
"980000",125075,"3",2899581,"1",
"980000",125075,"4",2899581,"1",
"980000",125075,"5",2899581,"1",
"980070",115437,"1",2899581,"1",
"980070",115437,"2",2899581,"1",
"980070",115437,"3",2899581,"1",
"980070",115437,"4",2899581,"1",
"980070",115437,"5",2899581,"1",
"900000",125000,"1",2899582,"1",
"900000",125000,"2",2899582,"1",
"900000",125000,"3",2899582,"1",
"900000",125000,"4",2899582,"1",
"900000",125000,"5",2899582,"1",
"900180",75,"1",2899582,"1",
"900180",75,"2",2899582,"1",
"900180",75,"3",2899582,"1",
"900180",75,"4",2899582,"1",
"900180",75,"5",2899582,"1",
"950002",11275,"1",2899582,"1",
"950002",11275,"2",2899582,"1",
"950002",11275,"3",2899582,"1",
"950002",11275,"4",2899582,"1",
"950002",11275,"5",2899582,"1",
"980000",125075,"1",2899582,"1",
"980000",125075,"2",2899582,"1",
"980000",125075,"3",2899582,"1",
"980000",125075,"4",2899582,"1",
"980000",125075,"5",2899582,"1",
"980070",115437,"1",2899582,"1",
"980070",115437,"2",2899582,"1",
"980070",115437,"3",2899582,"1",
"980070",115437,"4",2899582,"1",
"980070",115437,"5",2899582,"1",
"900000",2000,"1",2899611,"1",
"900000",2000,"2",2899611,"1",
"900000",2000,"3",2899611,"1",
"900000",2000,"4",2899611,"1",
"900000",2000,"5",2899611,"1",
"900030",21659,"1",2899611,"1",
"900030",21659,"2",2899611,"1",
"900030",21659,"3",2899611,"1",
"900030",21659,"4",2899611,"1",
"900030",21659,"5",2899611,"1",
"900180",1897,"1",2899611,"1",
"900180",1663,"2",2899611,"1",
"900180",1741,"3",2899611,"1",
"900180",1129,"4",2899611,"1",
"900180",1280,"5",2899611,"1",
"950002",700,"1",2899611,"1",
"950002",700,"2",2899611,"1",
"950002",700,"3",2899611,"1",
"950002",700,"4",2899611,"1",
"950002",700,"5",2899611,"1",
"950012",49,"1",2899611,"1",
"950012",49,"2",2899611,"1",
"950012",49,"3",2899611,"1",
"950012",49,"4",2899611,"1",
"950012",49,"5",2899611,"1",
"980000",25556,"1",2899611,"1",
"980000",25322,"2",2899611,"1",
"980000",25400,"3",2899611,"1",
"980000",24788,"4",2899611,"1",
"980000",24939,"5",2899611,"1",
"980070",24454,"1",2899611,"1",
"980070",24220,"2",2899611,"1",
"980070",24298,"3",2899611,"1",
"980070",23686,"4",2899611,"1",
"980070",23837,"5",2899611,"1",
"900000",2000,"1",2899612,"1",
"900000",2000,"2",2899612,"1",
"900000",2000,"3",2899612,"1",
"900000",2000,"4",2899612,"1",
"900000",2000,"5",2899612,"1",
"900030",21659,"1",2899612,"1",
"900030",21659,"2",2899612,"1",
"900030",21659,"3",2899612,"1",
"900030",21659,"4",2899612,"1",
"900030",21659,"5",2899612,"1",
"900180",1251,"1",2899612,"1",
"900180",1158,"2",2899612,"1",
"900180",1570,"3",2899612,"1",
"900180",1251,"4",2899612,"1",
"900180",1317,"5",2899612,"1",
"950002",700,"1",2899612,"1",
"950002",700,"2",2899612,"1",
"950002",700,"3",2899612,"1",
"950002",700,"4",2899612,"1",
"950002",700,"5",2899612,"1",
"950012",49,"1",2899612,"1",
"950012",49,"2",2899612,"1",
"950012",49,"3",2899612,"1",
"950012",49,"4",2899612,"1",
"950012",49,"5",2899612,"1",
"980000",24910,"1",2899612,"1",
"980000",24817,"2",2899612,"1",
"980000",25229,"3",2899612,"1",
"980000",24910,"4",2899612,"1",
"980000",24976,"5",2899612,"1",
"980070",23808,"1",2899612,"1",
"980070",23715,"2",2899612,"1",
"980070",24127,"3",2899612,"1",
"980070",23808,"4",2899612,"1",
"980070",23874,"5",2899612,"1",
"800940",3825,"1",2899631,"1",
"800940",3825,"2",2899631,"1",
"800940",3825,"3",2899631,"1",
"800940",3825,"4",2899631,"1",
"800940",3825,"5",2899631,"1",
"900000",105000,"1",2899631,"1",
"900000",105000,"2",2899631,"1",
"900000",105000,"3",2899631,"1",
"900000",105000,"4",2899631,"1",
"900000",105000,"5",2899631,"1",
"900160",1,"1",2899631,"1",
"900160",1,"2",2899631,"1",
"900160",1,"3",2899631,"1",
"900160",1,"4",2899631,"1",
"900160",1,"5",2899631,"1",
"980000",105001,"1",2899631,"1",
"980000",105001,"2",2899631,"1",
"980000",105001,"3",2899631,"1",
"980000",105001,"4",2899631,"1",
"980000",105001,"5",2899631,"1",
"980070",105651,"1",2899631,"1",
"980070",105651,"2",2899631,"1",
"980070",105651,"3",2899631,"1",
"980070",105651,"4",2899631,"1",
"980070",105651,"5",2899631,"1",
"800940",3825,"1",2899632,"1",
"800940",3825,"2",2899632,"1",
"800940",3825,"3",2899632,"1",
"800940",3825,"4",2899632,"1",
"800940",3825,"5",2899632,"1",
"900000",105000,"1",2899632,"1",
"900000",105000,"2",2899632,"1",
"900000",105000,"3",2899632,"1",
"900000",105000,"4",2899632,"1",
"900000",105000,"5",2899632,"1",
"900160",1,"1",2899632,"1",
"900160",1,"2",2899632,"1",
"900160",1,"3",2899632,"1",
"900160",1,"4",2899632,"1",
"900160",1,"5",2899632,"1",
"980000",105001,"1",2899632,"1",
"980000",105001,"2",2899632,"1",
"980000",105001,"3",2899632,"1",
"980000",105001,"4",2899632,"1",
"980000",105001,"5",2899632,"1",
"980070",105651,"1",2899632,"1",
"980070",105651,"2",2899632,"1",
"980070",105651,"3",2899632,"1",
"980070",105651,"4",2899632,"1",
"980070",105651,"5",2899632,"1",
"900000",165000,"1",2899661,"1",
"900000",165000,"2",2899661,"1",
"900000",165000,"3",2899661,"1",
"900000",165000,"4",2899661,"1",
"900000",165000,"5",2899661,"1",
"900180",1800,"1",2899661,"1",
"900180",1800,"2",2899661,"1",
"900180",1800,"3",2899661,"1",
"900180",1800,"4",2899661,"1",
"900180",1800,"5",2899661,"1",
"980000",166800,"1",2899661,"1",
"980000",166800,"2",2899661,"1",
"980000",166800,"3",2899661,"1",
"980000",166800,"4",2899661,"1",
"980000",166800,"5",2899661,"1",
"980070",166800,"1",2899661,"1",
"980070",166800,"2",2899661,"1",
"980070",166800,"3",2899661,"1",
"980070",166800,"4",2899661,"1",
"980070",166800,"5",2899661,"1",
"900000",50000,"1",2899681,"1",
"900000",50000,"2",2899681,"1",
"900000",50000,"3",2899681,"1",
"900000",50000,"4",2899681,"1",
"900000",50000,"5",2899681,"1",
"980000",50000,"1",2899681,"1",
"980000",50000,"2",2899681,"1",
"980000",50000,"3",2899681,"1",
"980000",50000,"4",2899681,"1",
"980000",50000,"5",2899681,"1",
"980070",52960,"1",2899681,"1",
"980070",52960,"2",2899681,"1",
"980070",52960,"3",2899681,"1",
"980070",52960,"4",2899681,"1",
"980070",52960,"5",2899681,"1",
"900000",50000,"1",2899682,"1",
"900000",50000,"2",2899682,"1",
"900000",50000,"3",2899682,"1",
"900000",50000,"4",2899682,"1",
"900000",50000,"5",2899682,"1",
"980000",50000,"1",2899682,"1",
"980000",50000,"2",2899682,"1",
"980000",50000,"3",2899682,"1",
"980000",50000,"4",2899682,"1",
"980000",50000,"5",2899682,"1",
"980070",52960,"1",2899682,"1",
"980070",52960,"2",2899682,"1",
"980070",52960,"3",2899682,"1",
"980070",52960,"4",2899682,"1",
"980070",52960,"5",2899682,"1",
"900160",50000,"1",2899712,"1",
"900160",50000,"2",2899712,"1",
"900160",50000,"3",2899712,"1",
"900160",50000,"4",2899712,"1",
"900160",50000,"5",2899712,"1",
"900180",10,"1",2899712,"1",
"900180",10,"2",2899712,"1",
"900180",10,"3",2899712,"1",
"900180",10,"4",2899712,"1",
"900180",10,"5",2899712,"1",
"980000",50010,"1",2899712,"1",
"980000",50010,"2",2899712,"1",
"980000",50010,"3",2899712,"1",
"980000",50010,"4",2899712,"1",
"980000",50010,"5",2899712,"1",
"980070",50010,"1",2899712,"1",
"980070",50010,"2",2899712,"1",
"980070",50010,"3",2899712,"1",
"980070",50010,"4",2899712,"1",
"980070",50010,"5",2899712,"1",
"900000",27000,"1",2899721,"1",
"900000",27000,"2",2899721,"1",
"900000",27000,"3",2899721,"1",
"900000",27000,"4",2899721,"1",
"900000",27000,"5",2899721,"1",
"980000",27000,"1",2899721,"1",
"980000",27000,"2",2899721,"1",
"980000",27000,"3",2899721,"1",
"980000",27000,"4",2899721,"1",
"980000",27000,"5",2899721,"1",
"980070",27997,"1",2899721,"1",
"980070",27997,"2",2899721,"1",
"980070",27997,"3",2899721,"1",
"980070",27997,"4",2899721,"1",
"980070",27997,"5",2899721,"1",
"900000",27000,"1",2899722,"1",
"900000",27000,"2",2899722,"1",
"900000",27000,"3",2899722,"1",
"900000",27000,"4",2899722,"1",
"900000",27000,"5",2899722,"1",
"980000",27000,"1",2899722,"1",
"980000",27000,"2",2899722,"1",
"980000",27000,"3",2899722,"1",
"980000",27000,"4",2899722,"1",
"980000",27000,"5",2899722,"1",
"980070",27997,"1",2899722,"1",
"980070",27997,"2",2899722,"1",
"980070",27997,"3",2899722,"1",
"980070",27997,"4",2899722,"1",
"980070",27997,"5",2899722,"1",
"900000",40800,"1",2899731,"1",
"900000",40800,"2",2899731,"1",
"900000",40800,"3",2899731,"1",
"900000",40800,"4",2899731,"1",
"900000",40800,"5",2899731,"1",
"980000",40800,"1",2899731,"1",
"980000",40800,"2",2899731,"1",
"980000",40800,"3",2899731,"1",
"980000",40800,"4",2899731,"1",
"980000",40800,"5",2899731,"1",
"980070",40800,"1",2899731,"1",
"980070",40800,"2",2899731,"1",
"980070",40800,"3",2899731,"1",
"980070",40800,"4",2899731,"1",
"980070",40800,"5",2899731,"1",
"900000",40800,"1",2899732,"1",
"900000",40800,"2",2899732,"1",
"900000",40800,"3",2899732,"1",
"900000",40800,"4",2899732,"1",
"900000",40800,"5",2899732,"1",
"980000",40800,"1",2899732,"1",
"980000",40800,"2",2899732,"1",
"980000",40800,"3",2899732,"1",
"980000",40800,"4",2899732,"1",
"980000",40800,"5",2899732,"1",
"980070",40800,"1",2899732,"1",
"980070",40800,"2",2899732,"1",
"980070",40800,"3",2899732,"1",
"980070",40800,"4",2899732,"1",
"980070",40800,"5",2899732,"1",
"900000",39000,"1",2899751,"1",
"900000",39000,"2",2899751,"1",
"900000",39000,"3",2899751,"1",
"900000",39000,"4",2899751,"1",
"900000",39000,"5",2899751,"1",
"950002",10400,"1",2899751,"1",
"950002",10400,"2",2899751,"1",
"950002",10400,"3",2899751,"1",
"950002",10400,"4",2899751,"1",
"950002",10400,"5",2899751,"1",
"950012",3900,"1",2899751,"1",
"950012",3900,"2",2899751,"1",
"950012",3900,"3",2899751,"1",
"950012",3900,"4",2899751,"1",
"950012",3900,"5",2899751,"1",
"980000",39000,"1",2899751,"1",
"980000",39000,"2",2899751,"1",
"980000",39000,"3",2899751,"1",
"980000",39000,"4",2899751,"1",
"980000",39000,"5",2899751,"1",
"980070",28200,"1",2899751,"1",
"980070",28200,"2",2899751,"1",
"980070",28200,"3",2899751,"1",
"980070",28200,"4",2899751,"1",
"980070",28200,"5",2899751,"1",
"900000",39000,"1",2899752,"1",
"900000",39000,"2",2899752,"1",
"900000",39000,"3",2899752,"1",
"900000",39000,"4",2899752,"1",
"900000",39000,"5",2899752,"1",
"950002",10400,"1",2899752,"1",
"950002",10400,"2",2899752,"1",
"950002",10400,"3",2899752,"1",
"950002",10400,"4",2899752,"1",
"950002",10400,"5",2899752,"1",
"950012",3900,"1",2899752,"1",
"950012",3900,"2",2899752,"1",
"950012",3900,"3",2899752,"1",
"950012",3900,"4",2899752,"1",
"950012",3900,"5",2899752,"1",
"980000",39000,"1",2899752,"1",
"980000",39000,"2",2899752,"1",
"980000",39000,"3",2899752,"1",
"980000",39000,"4",2899752,"1",
"980000",39000,"5",2899752,"1",
"980070",28200,"1",2899752,"1",
"980070",28200,"2",2899752,"1",
"980070",28200,"3",2899752,"1",
"980070",28200,"4",2899752,"1",
"980070",28200,"5",2899752,"1",
"900000",31106,"1",2899762,"1",
"900000",33170,"2",2899762,"1",
"900000",50394,"3",2899762,"1",
"900000",56014,"4",2899762,"1",
"900000",50650,"5",2899762,"1",
"900150",2640,"1",2899762,"1",
"900150",2640,"2",2899762,"1",
"900150",2640,"3",2899762,"1",
"900150",2640,"4",2899762,"1",
"900150",2640,"5",2899762,"1",
"980000",33746,"1",2899762,"1",
"980000",35810,"2",2899762,"1",
"980000",53034,"3",2899762,"1",
"980000",58654,"4",2899762,"1",
"980000",53290,"5",2899762,"1",
"980070",33746,"1",2899762,"1",
"980070",35810,"2",2899762,"1",
"980070",53034,"3",2899762,"1",
"980070",58654,"4",2899762,"1",
"980070",53290,"5",2899762,"1",
"900000",12000,"1",2899781,"1",
"900000",12000,"2",2899781,"1",
"900000",12000,"3",2899781,"1",
"900000",12000,"4",2899781,"1",
"900000",12000,"5",2899781,"1",
"900180",29,"1",2899781,"1",
"900180",28,"2",2899781,"1",
"900180",2,"3",2899781,"1",
"900180",35,"4",2899781,"1",
"900180",15,"5",2899781,"1",
"900210",500,"1",2899781,"1",
"900210",500,"2",2899781,"1",
"900210",500,"3",2899781,"1",
"900210",500,"4",2899781,"1",
"900210",500,"5",2899781,"1",
"980000",12529,"1",2899781,"1",
"980000",12528,"2",2899781,"1",
"980000",12502,"3",2899781,"1",
"980000",12535,"4",2899781,"1",
"980000",12515,"5",2899781,"1",
"980070",16694,"1",2899781,"1",
"980070",16693,"2",2899781,"1",
"980070",16667,"3",2899781,"1",
"980070",16700,"4",2899781,"1",
"980070",16680,"5",2899781,"1",
"900000",12000,"1",2899782,"1",
"900000",12000,"2",2899782,"1",
"900000",12000,"3",2899782,"1",
"900000",12000,"4",2899782,"1",
"900000",12000,"5",2899782,"1",
"900180",47,"1",2899782,"1",
"900180",0,"2",2899782,"1",
"900180",69,"3",2899782,"1",
"900180",73,"4",2899782,"1",
"900180",33,"5",2899782,"1",
"900210",500,"1",2899782,"1",
"900210",500,"2",2899782,"1",
"900210",500,"3",2899782,"1",
"900210",500,"4",2899782,"1",
"900210",500,"5",2899782,"1",
"980000",12547,"1",2899782,"1",
"980000",12500,"2",2899782,"1",
"980000",12569,"3",2899782,"1",
"980000",12573,"4",2899782,"1",
"980000",12533,"5",2899782,"1",
"980070",16712,"1",2899782,"1",
"980070",16665,"2",2899782,"1",
"980070",16734,"3",2899782,"1",
"980070",16738,"4",2899782,"1",
"980070",16698,"5",2899782,"1",
"900000",90000,"1",2899791,"1",
"900000",90000,"2",2899791,"1",
"900000",90000,"3",2899791,"1",
"900000",90000,"4",2899791,"1",
"900000",90000,"5",2899791,"1",
"950002",6000,"1",2899791,"1",
"950002",6000,"2",2899791,"1",
"950002",6000,"3",2899791,"1",
"950002",6000,"4",2899791,"1",
"950002",6000,"5",2899791,"1",
"980000",90000,"1",2899791,"1",
"980000",90000,"2",2899791,"1",
"980000",90000,"3",2899791,"1",
"980000",90000,"4",2899791,"1",
"980000",90000,"5",2899791,"1",
"980070",85100,"1",2899791,"1",
"980070",85100,"2",2899791,"1",
"980070",85100,"3",2899791,"1",
"980070",85100,"4",2899791,"1",
"980070",85100,"5",2899791,"1",
"900000",90000,"1",2899792,"1",
"900000",90000,"2",2899792,"1",
"900000",90000,"3",2899792,"1",
"900000",90000,"4",2899792,"1",
"900000",90000,"5",2899792,"1",
"950002",6000,"1",2899792,"1",
"950002",6000,"2",2899792,"1",
"950002",6000,"3",2899792,"1",
"950002",6000,"4",2899792,"1",
"950002",6000,"5",2899792,"1",
"980000",90000,"1",2899792,"1",
"980000",90000,"2",2899792,"1",
"980000",90000,"3",2899792,"1",
"980000",90000,"4",2899792,"1",
"980000",90000,"5",2899792,"1",
"980070",85100,"1",2899792,"1",
"980070",85100,"2",2899792,"1",
"980070",85100,"3",2899792,"1",
"980070",85100,"4",2899792,"1",
"980070",85100,"5",2899792,"1",
"900000",115745,"1",2899802,"1",
"900000",69757,"2",2899802,"1",
"900000",26725,"3",2899802,"1",
"900000",153514,"4",2899802,"1",
"900000",77306,"5",2899802,"1",
"980000",115745,"1",2899802,"1",
"980000",69757,"2",2899802,"1",
"980000",26725,"3",2899802,"1",
"980000",153514,"4",2899802,"1",
"980000",77306,"5",2899802,"1",
"980070",115745,"1",2899802,"1",
"980070",69757,"2",2899802,"1",
"980070",26725,"3",2899802,"1",
"980070",153514,"4",2899802,"1",
"980070",77306,"5",2899802,"1",
"900160",80000,"1",2899821,"1",
"900160",80000,"2",2899821,"1",
"900160",80000,"3",2899821,"1",
"900160",80000,"4",2899821,"1",
"900160",80000,"5",2899821,"1",
"900180",15000,"1",2899821,"1",
"900180",15000,"2",2899821,"1",
"900180",15000,"3",2899821,"1",
"900180",15000,"4",2899821,"1",
"900180",15000,"5",2899821,"1",
"900210",13000,"1",2899821,"1",
"900210",13000,"2",2899821,"1",
"900210",13000,"3",2899821,"1",
"900210",13000,"4",2899821,"1",
"900210",13000,"5",2899821,"1",
"980000",108000,"1",2899821,"1",
"980000",108000,"2",2899821,"1",
"980000",108000,"3",2899821,"1",
"980000",108000,"4",2899821,"1",
"980000",108000,"5",2899821,"1",
"980070",94000,"1",2899821,"1",
"980070",94000,"2",2899821,"1",
"980070",94000,"3",2899821,"1",
"980070",94000,"4",2899821,"1",
"980070",94000,"5",2899821,"1",
"900160",80000,"1",2899822,"1",
"900160",80000,"2",2899822,"1",
"900160",80000,"3",2899822,"1",
"900160",80000,"4",2899822,"1",
"900160",80000,"5",2899822,"1",
"900180",15000,"1",2899822,"1",
"900180",15000,"2",2899822,"1",
"900180",15000,"3",2899822,"1",
"900180",15000,"4",2899822,"1",
"900180",15000,"5",2899822,"1",
"900210",13000,"1",2899822,"1",
"900210",13000,"2",2899822,"1",
"900210",13000,"3",2899822,"1",
"900210",13000,"4",2899822,"1",
"900210",13000,"5",2899822,"1",
"980000",108000,"1",2899822,"1",
"980000",108000,"2",2899822,"1",
"980000",108000,"3",2899822,"1",
"980000",108000,"4",2899822,"1",
"980000",108000,"5",2899822,"1",
"980070",94000,"1",2899822,"1",
"980070",94000,"2",2899822,"1",
"980070",94000,"3",2899822,"1",
"980070",94000,"4",2899822,"1",
"980070",94000,"5",2899822,"1",
"800940",5786,"1",2899861,"1",
"800940",3975,"2",2899861,"1",
"800940",2841,"3",2899861,"1",
"800940",9181,"4",2899861,"1",
"800940",2845,"5",2899861,"1",
"900000",43719,"1",2899861,"1",
"900000",94658,"2",2899861,"1",
"900000",98164,"3",2899861,"1",
"900000",102116,"4",2899861,"1",
"900000",63385,"5",2899861,"1",
"900160",28664,"1",2899861,"1",
"900160",1531,"2",2899861,"1",
"900160",1091,"3",2899861,"1",
"900160",34400,"4",2899861,"1",
"900160",217,"5",2899861,"1",
"980000",72383,"1",2899861,"1",
"980000",96189,"2",2899861,"1",
"980000",99255,"3",2899861,"1",
"980000",136516,"4",2899861,"1",
"980000",63602,"5",2899861,"1",
"980070",72383,"1",2899861,"1",
"980070",96189,"2",2899861,"1",
"980070",99255,"3",2899861,"1",
"980070",136516,"4",2899861,"1",
"980070",63602,"5",2899861,"1",
"900000",77061,"1",2899891,"1",
"900000",79877,"2",2899891,"1",
"900000",80436,"3",2899891,"1",
"900000",83449,"4",2899891,"1",
"900000",75501,"5",2899891,"1",
"980000",77061,"1",2899891,"1",
"980000",79877,"2",2899891,"1",
"980000",80436,"3",2899891,"1",
"980000",83449,"4",2899891,"1",
"980000",75501,"5",2899891,"1",
"980070",77061,"1",2899891,"1",
"980070",79877,"2",2899891,"1",
"980070",80436,"3",2899891,"1",
"980070",83449,"4",2899891,"1",
"980070",75501,"5",2899891,"1",
"900000",83443,"1",2899892,"1",
"900000",75930,"2",2899892,"1",
"900000",86365,"3",2899892,"1",
"900000",76753,"4",2899892,"1",
"900000",79259,"5",2899892,"1",
"980000",83443,"1",2899892,"1",
"980000",75930,"2",2899892,"1",
"980000",86365,"3",2899892,"1",
"980000",76753,"4",2899892,"1",
"980000",79259,"5",2899892,"1",
"980070",83443,"1",2899892,"1",
"980070",75930,"2",2899892,"1",
"980070",86365,"3",2899892,"1",
"980070",76753,"4",2899892,"1",
"980070",79259,"5",2899892,"1",
"900030",34800,"1",2899901,"1",
"900030",34800,"2",2899901,"1",
"900030",34800,"3",2899901,"1",
"900030",34800,"4",2899901,"1",
"900030",34800,"5",2899901,"1",
"900180",650,"1",2899901,"1",
"900180",650,"2",2899901,"1",
"900180",650,"3",2899901,"1",
"900180",650,"4",2899901,"1",
"900180",650,"5",2899901,"1",
"900190",-8342,"1",2899901,"1","T"
"900190",-8342,"2",2899901,"1","T"
"900190",-8342,"3",2899901,"1","T"
"900190",-8342,"4",2899901,"1","T"
"900190",-8342,"5",2899901,"1","T"
"980000",27108,"1",2899901,"1","T"
"980000",27108,"2",2899901,"1","T"
"980000",27108,"3",2899901,"1","T"
"980000",27108,"4",2899901,"1","T"
"980000",27108,"5",2899901,"1","T"
"980070",27108,"1",2899901,"1","T"
"980070",27108,"2",2899901,"1","T"
"980070",27108,"3",2899901,"1","T"
"980070",27108,"4",2899901,"1","T"
"980070",27108,"5",2899901,"1","T"
"900030",34800,"1",2899902,"1",
"900030",34800,"2",2899902,"1",
"900030",34800,"3",2899902,"1",
"900030",34800,"4",2899902,"1",
"900030",34800,"5",2899902,"1",
"900180",650,"1",2899902,"1",
"900180",650,"2",2899902,"1",
"900180",650,"3",2899902,"1",
"900180",650,"4",2899902,"1",
"900180",650,"5",2899902,"1",
"900190",-8342,"1",2899902,"1","T"
"900190",-8342,"2",2899902,"1","T"
"900190",-8342,"3",2899902,"1","T"
"900190",-8342,"4",2899902,"1","T"
"900190",-8342,"5",2899902,"1","T"
"980000",27108,"1",2899902,"1","T"
"980000",27108,"2",2899902,"1","T"
"980000",27108,"3",2899902,"1","T"
"980000",27108,"4",2899902,"1","T"
"980000",27108,"5",2899902,"1","T"
"980070",27108,"1",2899902,"1","T"
"980070",27108,"2",2899902,"1","T"
"980070",27108,"3",2899902,"1","T"
"980070",27108,"4",2899902,"1","T"
"980070",27108,"5",2899902,"1","T"
"900000",42628,"1",2899911,"1",
"900000",145158,"2",2899911,"1",
"900000",87316,"3",2899911,"1",
"900000",37262,"4",2899911,"1",
"900000",86354,"5",2899911,"1",
"980000",42628,"1",2899911,"1",
"980000",145158,"2",2899911,"1",
"980000",87316,"3",2899911,"1",
"980000",37262,"4",2899911,"1",
"980000",86354,"5",2899911,"1",
"980070",42628,"1",2899911,"1",
"980070",145158,"2",2899911,"1",
"980070",87316,"3",2899911,"1",
"980070",37262,"4",2899911,"1",
"980070",86354,"5",2899911,"1",
"900030",10859,"1",2899921,"1",
"900030",10859,"2",2899921,"1",
"900030",10859,"3",2899921,"1",
"900030",10859,"4",2899921,"1",
"900030",10859,"5",2899921,"1",
"980000",10859,"1",2899921,"1",
"980000",10859,"2",2899921,"1",
"980000",10859,"3",2899921,"1",
"980000",10859,"4",2899921,"1",
"980000",10859,"5",2899921,"1",
"980070",10859,"1",2899921,"1",
"980070",10859,"2",2899921,"1",
"980070",10859,"3",2899921,"1",
"980070",10859,"4",2899921,"1",
"980070",10859,"5",2899921,"1",
"900030",10859,"1",2899922,"1",
"900030",10859,"2",2899922,"1",
"900030",10859,"3",2899922,"1",
"900030",10859,"4",2899922,"1",
"900030",10859,"5",2899922,"1",
"980000",10859,"1",2899922,"1",
"980000",10859,"2",2899922,"1",
"980000",10859,"3",2899922,"1",
"980000",10859,"4",2899922,"1",
"980000",10859,"5",2899922,"1",
"980070",10859,"1",2899922,"1",
"980070",10859,"2",2899922,"1",
"980070",10859,"3",2899922,"1",
"980070",10859,"4",2899922,"1",
"980070",10859,"5",2899922,"1",
"900000",640,"1",2899931,"1",
"900000",640,"2",2899931,"1",
"900000",640,"3",2899931,"1",
"900000",640,"4",2899931,"1",
"900000",640,"5",2899931,"1",
"900150",1056,"1",2899931,"1",
"900150",1056,"2",2899931,"1",
"900150",1056,"3",2899931,"1",
"900150",1056,"4",2899931,"1",
"900150",1056,"5",2899931,"1",
"900170",2159,"1",2899931,"1",
"900170",2159,"2",2899931,"1",
"900170",2159,"3",2899931,"1",
"900170",2159,"4",2899931,"1",
"900170",2159,"5",2899931,"1",
"980000",3855,"1",2899931,"1",
"980000",3855,"2",2899931,"1",
"980000",3855,"3",2899931,"1",
"980000",3855,"4",2899931,"1",
"980000",3855,"5",2899931,"1",
"980070",3855,"1",2899931,"1",
"980070",3855,"2",2899931,"1",
"980070",3855,"3",2899931,"1",
"980070",3855,"4",2899931,"1",
"980070",3855,"5",2899931,"1",
"900000",640,"1",2899932,"1",
"900000",640,"2",2899932,"1",
"900000",640,"3",2899932,"1",
"900000",640,"4",2899932,"1",
"900000",640,"5",2899932,"1",
"900150",1056,"1",2899932,"1",
"900150",1056,"2",2899932,"1",
"900150",1056,"3",2899932,"1",
"900150",1056,"4",2899932,"1",
"900150",1056,"5",2899932,"1",
"900170",2159,"1",2899932,"1",
"900170",2159,"2",2899932,"1",
"900170",2159,"3",2899932,"1",
"900170",2159,"4",2899932,"1",
"900170",2159,"5",2899932,"1",
"980000",3855,"1",2899932,"1",
"980000",3855,"2",2899932,"1",
"980000",3855,"3",2899932,"1",
"980000",3855,"4",2899932,"1",
"980000",3855,"5",2899932,"1",
"980070",3855,"1",2899932,"1",
"980070",3855,"2",2899932,"1",
"980070",3855,"3",2899932,"1",
"980070",3855,"4",2899932,"1",
"980070",3855,"5",2899932,"1",
"800940",10967,"1",2899951,"1","T"
"800940",10967,"2",2899951,"1","T"
"800940",10967,"3",2899951,"1","T"
"800940",10967,"4",2899951,"1","T"
"800940",10967,"5",2899951,"1","T"
"900000",100000,"1",2899951,"1",
"900000",100000,"2",2899951,"1",
"900000",100000,"3",2899951,"1",
"900000",100000,"4",2899951,"1",
"900000",100000,"5",2899951,"1",
"900160",35000,"1",2899951,"1",
"900160",35000,"2",2899951,"1",
"900160",35000,"3",2899951,"1",
"900160",35000,"4",2899951,"1",
"900160",35000,"5",2899951,"1",
"980000",135000,"1",2899951,"1",
"980000",135000,"2",2899951,"1",
"980000",135000,"3",2899951,"1",
"980000",135000,"4",2899951,"1",
"980000",135000,"5",2899951,"1",
"980070",135856,"1",2899951,"1",
"980070",135856,"2",2899951,"1",
"980070",135856,"3",2899951,"1",
"980070",135856,"4",2899951,"1",
"980070",135856,"5",2899951,"1",
"800940",10967,"1",2899952,"1","T"
"800940",10967,"2",2899952,"1","T"
"800940",10967,"3",2899952,"1","T"
"800940",10967,"4",2899952,"1","T"
"800940",10967,"5",2899952,"1","T"
"900000",100000,"1",2899952,"1",
"900000",100000,"2",2899952,"1",
"900000",100000,"3",2899952,"1",
"900000",100000,"4",2899952,"1",
"900000",100000,"5",2899952,"1",
"900160",35000,"1",2899952,"1",
"900160",35000,"2",2899952,"1",
"900160",35000,"3",2899952,"1",
"900160",35000,"4",2899952,"1",
"900160",35000,"5",2899952,"1",
"980000",135000,"1",2899952,"1",
"980000",135000,"2",2899952,"1",
"980000",135000,"3",2899952,"1",
"980000",135000,"4",2899952,"1",
"980000",135000,"5",2899952,"1",
"980070",135856,"1",2899952,"1",
"980070",135856,"2",2899952,"1",
"980070",135856,"3",2899952,"1",
"980070",135856,"4",2899952,"1",
"980070",135856,"5",2899952,"1",
"800940",2040,"1",2899961,"1",
"800940",5158,"2",2899961,"1",
"800940",1763,"3",2899961,"1",
"800940",2259,"4",2899961,"1",
"800940",1780,"5",2899961,"1",
"900000",24673,"1",2899961,"1",
"900000",65424,"2",2899961,"1",
"900000",21049,"3",2899961,"1",
"900000",27524,"4",2899961,"1",
"900000",21271,"5",2899961,"1",
"900030",20459,"1",2899961,"1",
"900030",20459,"2",2899961,"1",
"900030",20459,"3",2899961,"1",
"900030",20459,"4",2899961,"1",
"900030",20459,"5",2899961,"1",
"900160",1000,"1",2899961,"1",
"900160",1000,"2",2899961,"1",
"900160",1000,"3",2899961,"1",
"900160",1000,"4",2899961,"1",
"900160",1000,"5",2899961,"1",
"900170",10828,"1",2899961,"1",
"900170",750,"2",2899961,"1",
"900170",24673,"3",2899961,"1",
"900170",920,"4",2899961,"1",
"900170",18677,"5",2899961,"1",
"980000",56960,"1",2899961,"1",
"980000",87633,"2",2899961,"1",
"980000",67181,"3",2899961,"1",
"980000",49903,"4",2899961,"1",
"980000",61407,"5",2899961,"1",
"980070",56960,"1",2899961,"1",
"980070",87633,"2",2899961,"1",
"980070",67181,"3",2899961,"1",
"980070",49903,"4",2899961,"1",
"980070",61407,"5",2899961,"1",
"800940",400,"1",2899962,"1",
"800940",3101,"2",2899962,"1",
"800940",6411,"3",2899962,"1",
"800940",2839,"4",2899962,"1",
"800940",4680,"5",2899962,"1",
"900000",3223,"1",2899962,"1",
"900000",38533,"2",2899962,"1",
"900000",81803,"3",2899962,"1",
"900000",35105,"4",2899962,"1",
"900000",59170,"5",2899962,"1",
"900030",20459,"1",2899962,"1",
"900030",20459,"2",2899962,"1",
"900030",20459,"3",2899962,"1",
"900030",20459,"4",2899962,"1",
"900030",20459,"5",2899962,"1",
"900160",1000,"1",2899962,"1",
"900160",1000,"2",2899962,"1",
"900160",1000,"3",2899962,"1",
"900160",1000,"4",2899962,"1",
"900160",1000,"5",2899962,"1",
"900170",4439,"1",2899962,"1",
"900170",11007,"2",2899962,"1",
"900170",1063,"3",2899962,"1",
"900170",11012,"4",2899962,"1",
"900170",2236,"5",2899962,"1",
"980000",29121,"1",2899962,"1",
"980000",70999,"2",2899962,"1",
"980000",104325,"3",2899962,"1",
"980000",67576,"4",2899962,"1",
"980000",82865,"5",2899962,"1",
"980070",29121,"1",2899962,"1",
"980070",70999,"2",2899962,"1",
"980070",104325,"3",2899962,"1",
"980070",67576,"4",2899962,"1",
"980070",82865,"5",2899962,"1",
"900000",610,"1",2899971,"1",
"900000",23494,"2",2899971,"1",
"900000",11381,"3",2899971,"1",
"900000",1296,"4",2899971,"1",
"900000",38769,"5",2899971,"1",
"980000",610,"1",2899971,"1",
"980000",23494,"2",2899971,"1",
"980000",11381,"3",2899971,"1",
"980000",1296,"4",2899971,"1",
"980000",38769,"5",2899971,"1",
"980070",610,"1",2899971,"1",
"980070",23494,"2",2899971,"1",
"980070",11381,"3",2899971,"1",
"980070",1296,"4",2899971,"1",
"980070",38769,"5",2899971,"1",
"900000",813,"1",2899972,"1",
"900000",7704,"2",2899972,"1",
"900000",1343,"3",2899972,"1",
"900000",1279,"4",2899972,"1",
"900000",8355,"5",2899972,"1",
"980000",813,"1",2899972,"1",
"980000",7704,"2",2899972,"1",
"980000",1343,"3",2899972,"1",
"980000",1279,"4",2899972,"1",
"980000",8355,"5",2899972,"1",
"980070",813,"1",2899972,"1",
"980070",7704,"2",2899972,"1",
"980070",1343,"3",2899972,"1",
"980070",1279,"4",2899972,"1",
"980070",8355,"5",2899972,"1",
"900000",12000,"1",2900001,"1",
"900000",12000,"2",2900001,"1",
"900000",12000,"3",2900001,"1",
"900000",12000,"4",2900001,"1",
"900000",12000,"5",2900001,"1",
"900030",9912,"1",2900001,"1",
"900030",9912,"2",2900001,"1",
"900030",9912,"3",2900001,"1",
"900030",9912,"4",2900001,"1",
"900030",9912,"5",2900001,"1",
"900180",64,"1",2900001,"1",
"900180",27,"2",2900001,"1",
"900180",37,"3",2900001,"1",
"900180",12,"4",2900001,"1",
"900180",133,"5",2900001,"1",
"980000",21976,"1",2900001,"1",
"980000",21939,"2",2900001,"1",
"980000",21949,"3",2900001,"1",
"980000",21924,"4",2900001,"1",
"980000",22045,"5",2900001,"1",
"980070",24076,"1",2900001,"1",
"980070",24039,"2",2900001,"1",
"980070",24049,"3",2900001,"1",
"980070",24024,"4",2900001,"1",
"980070",24145,"5",2900001,"1",
"900000",12000,"1",2900002,"1",
"900000",12000,"2",2900002,"1",
"900000",12000,"3",2900002,"1",
"900000",12000,"4",2900002,"1",
"900000",12000,"5",2900002,"1",
"900030",9912,"1",2900002,"1",
"900030",9912,"2",2900002,"1",
"900030",9912,"3",2900002,"1",
"900030",9912,"4",2900002,"1",
"900030",9912,"5",2900002,"1",
"900180",58,"1",2900002,"1",
"900180",106,"2",2900002,"1",
"900180",36,"3",2900002,"1",
"900180",150,"4",2900002,"1",
"900180",495,"5",2900002,"1",
"980000",21970,"1",2900002,"1",
"980000",22018,"2",2900002,"1",
"980000",21948,"3",2900002,"1",
"980000",22062,"4",2900002,"1",
"980000",22407,"5",2900002,"1",
"980070",24070,"1",2900002,"1",
"980070",24118,"2",2900002,"1",
"980070",24048,"3",2900002,"1",
"980070",24162,"4",2900002,"1",
"980070",24507,"5",2900002,"1",
"800940",2049,"1",2900011,"1",
"800940",1374,"2",2900011,"1",
"800940",2630,"3",2900011,"1",
"800940",5139,"4",2900011,"1",
"800940",545,"5",2900011,"1",
"900000",6000,"1",2900011,"1",
"900000",6000,"2",2900011,"1",
"900000",6000,"3",2900011,"1",
"900000",6000,"4",2900011,"1",
"900000",6000,"5",2900011,"1",
"900030",6827,"1",2900011,"1",
"900030",6827,"2",2900011,"1",
"900030",6827,"3",2900011,"1",
"900030",6827,"4",2900011,"1",
"900030",6827,"5",2900011,"1",
"900160",82228,"1",2900011,"1",
"900160",20761,"2",2900011,"1",
"900160",17340,"3",2900011,"1",
"900160",87143,"4",2900011,"1",
"900160",10601,"5",2900011,"1",
"900200",22000,"1",2900011,"1",
"900200",22000,"2",2900011,"1",
"900200",22000,"3",2900011,"1",
"900200",22000,"4",2900011,"1",
"900200",22000,"5",2900011,"1",
"980000",117055,"1",2900011,"1",
"980000",55588,"2",2900011,"1",
"980000",52167,"3",2900011,"1",
"980000",121970,"4",2900011,"1",
"980000",45428,"5",2900011,"1",
"980070",117055,"1",2900011,"1",
"980070",55588,"2",2900011,"1",
"980070",52167,"3",2900011,"1",
"980070",121970,"4",2900011,"1",
"980070",45428,"5",2900011,"1",
"800940",537,"1",2900012,"1",
"800940",1043,"2",2900012,"1",
"800940",3467,"3",2900012,"1",
"800940",2044,"4",2900012,"1",
"800940",1793,"5",2900012,"1",
"900000",6000,"1",2900012,"1",
"900000",6000,"2",2900012,"1",
"900000",6000,"3",2900012,"1",
"900000",6000,"4",2900012,"1",
"900000",6000,"5",2900012,"1",
"900030",6827,"1",2900012,"1",
"900030",6827,"2",2900012,"1",
"900030",6827,"3",2900012,"1",
"900030",6827,"4",2900012,"1",
"900030",6827,"5",2900012,"1",
"900160",21186,"1",2900012,"1",
"900160",16860,"2",2900012,"1",
"900160",47744,"3",2900012,"1",
"900160",13539,"4",2900012,"1",
"900160",50261,"5",2900012,"1",
"900200",22000,"1",2900012,"1",
"900200",22000,"2",2900012,"1",
"900200",22000,"3",2900012,"1",
"900200",22000,"4",2900012,"1",
"900200",22000,"5",2900012,"1",
"980000",56013,"1",2900012,"1",
"980000",51687,"2",2900012,"1",
"980000",82571,"3",2900012,"1",
"980000",48366,"4",2900012,"1",
"980000",85088,"5",2900012,"1",
"980070",56013,"1",2900012,"1",
"980070",51687,"2",2900012,"1",
"980070",82571,"3",2900012,"1",
"980070",48366,"4",2900012,"1",
"980070",85088,"5",2900012,"1",
"800940",4291,"1",2900021,"1",
"800940",1043,"2",2900021,"1",
"800940",1362,"3",2900021,"1",
"800940",823,"4",2900021,"1",
"800940",1202,"5",2900021,"1",
"900000",218623,"1",2900021,"1","T"
"900000",218623,"2",2900021,"1","T"
"900000",218623,"3",2900021,"1","T"
"900000",218623,"4",2900021,"1","T"
"900000",218623,"5",2900021,"1","T"
"900160",20674,"1",2900021,"1",
"900160",-521,"2",2900021,"1",
"900160",2025,"3",2900021,"1",
"900160",1,"4",2900021,"1",
"900160",1980,"5",2900021,"1",
"900200",1062,"1",2900021,"1",
"900200",1047,"2",2900021,"1",
"900200",1263,"3",2900021,"1",
"900200",4,"4",2900021,"1",
"900200",4,"5",2900021,"1",
"980000",224131,"1",2900021,"1","T"
"980000",224131,"2",2900021,"1","T"
"980000",224131,"3",2900021,"1","T"
"980000",224131,"4",2900021,"1","T"
"980000",224131,"5",2900021,"1","T"
"980070",224131,"1",2900021,"1","T"
"980070",224131,"2",2900021,"1","T"
"980070",224131,"3",2900021,"1","T"
"980070",224131,"4",2900021,"1","T"
"980070",224131,"5",2900021,"1","T"
"800940",1611,"1",2900022,"1",
"800940",3977,"2",2900022,"1",
"800940",790,"3",2900022,"1",
"800940",1744,"4",2900022,"1",
"800940",2030,"5",2900022,"1",
"900000",218300,"1",2900022,"1","T"
"900000",218300,"2",2900022,"1","T"
"900000",218300,"3",2900022,"1","T"
"900000",218300,"4",2900022,"1","T"
"900000",218300,"5",2900022,"1","T"
"900160",3137,"1",2900022,"1",
"900160",18508,"2",2900022,"1",
"900160",130,"3",2900022,"1",
"900160",5314,"4",2900022,"1",
"900160",7230,"5",2900022,"1",
"900200",1802,"1",2900022,"1",
"900200",1127,"2",2900022,"1",
"900200",909,"3",2900022,"1",
"900200",1832,"4",2900022,"1",
"900200",178,"5",2900022,"1",
"980000",226333,"1",2900022,"1","T"
"980000",226333,"2",2900022,"1","T"
"980000",226333,"3",2900022,"1","T"
"980000",226333,"4",2900022,"1","T"
"980000",226333,"5",2900022,"1","T"
"980070",226333,"1",2900022,"1","T"
"980070",226333,"2",2900022,"1","T"
"980070",226333,"3",2900022,"1","T"
"980070",226333,"4",2900022,"1","T"
"980070",226333,"5",2900022,"1","T"
"900030",22872,"1",2900031,"1",
"900030",25344,"2",2900031,"1",
"900030",26160,"3",2900031,"1",
"900030",22188,"4",2900031,"1",
"900030",26868,"5",2900031,"1",
"900170",34092,"1",2900031,"1",
"900170",15351,"2",2900031,"1",
"900170",32726,"3",2900031,"1",
"900170",20132,"4",2900031,"1",
"900170",8594,"5",2900031,"1",
"900180",102,"1",2900031,"1",
"900180",3584,"2",2900031,"1",
"900180",254,"3",2900031,"1",
"900180",10,"4",2900031,"1",
"900180",500,"5",2900031,"1",
"980000",57066,"1",2900031,"1",
"980000",44279,"2",2900031,"1",
"980000",59140,"3",2900031,"1",
"980000",42330,"4",2900031,"1",
"980000",35962,"5",2900031,"1",
"980070",57066,"1",2900031,"1",
"980070",44279,"2",2900031,"1",
"980070",59140,"3",2900031,"1",
"980070",42330,"4",2900031,"1",
"980070",35962,"5",2900031,"1",
"900030",22320,"1",2900032,"1",
"900030",19572,"2",2900032,"1",
"900030",19440,"3",2900032,"1",
"900030",29652,"4",2900032,"1",
"900030",34008,"5",2900032,"1",
"900170",4161,"1",2900032,"1",
"900170",731,"2",2900032,"1",
"900170",7192,"3",2900032,"1",
"900170",47237,"4",2900032,"1",
"900170",35754,"5",2900032,"1",
"980000",26481,"1",2900032,"1",
"980000",20303,"2",2900032,"1",
"980000",26632,"3",2900032,"1",
"980000",76889,"4",2900032,"1",
"980000",69762,"5",2900032,"1",
"980070",26481,"1",2900032,"1",
"980070",20303,"2",2900032,"1",
"980070",26632,"3",2900032,"1",
"980070",76889,"4",2900032,"1",
"980070",69762,"5",2900032,"1",
"900000",113321,"1",2900082,"1",
"900000",110782,"2",2900082,"1",
"900000",104842,"3",2900082,"1",
"900000",111745,"4",2900082,"1",
"900000",105521,"5",2900082,"1",
"980000",113321,"1",2900082,"1",
"980000",110782,"2",2900082,"1",
"980000",104842,"3",2900082,"1",
"980000",111745,"4",2900082,"1",
"980000",105521,"5",2900082,"1",
"980070",119521,"1",2900082,"1",
"980070",116982,"2",2900082,"1",
"980070",111042,"3",2900082,"1",
"980070",117945,"4",2900082,"1",
"980070",111721,"5",2900082,"1",
"900000",1172,"1",2900111,"1",
"900000",3218,"2",2900111,"1",
"900000",16,"3",2900111,"1",
"900000",4892,"4",2900111,"1",
"900000",4919,"5",2900111,"1",
"900140",1500,"1",2900111,"1",
"900140",1500,"2",2900111,"1",
"900140",1500,"3",2900111,"1",
"900140",1500,"4",2900111,"1",
"900140",1500,"5",2900111,"1",
"980000",2672,"1",2900111,"1",
"980000",4718,"2",2900111,"1",
"980000",1516,"3",2900111,"1",
"980000",6392,"4",2900111,"1",
"980000",6419,"5",2900111,"1",
"980070",2672,"1",2900111,"1",
"980070",4718,"2",2900111,"1",
"980070",1516,"3",2900111,"1",
"980070",6392,"4",2900111,"1",
"980070",6419,"5",2900111,"1",
"900000",4359,"1",2900112,"1",
"900000",2973,"2",2900112,"1",
"900000",391,"3",2900112,"1",
"900000",534,"4",2900112,"1",
"900000",651,"5",2900112,"1",
"900140",1500,"1",2900112,"1",
"900140",1500,"2",2900112,"1",
"900140",1500,"3",2900112,"1",
"900140",1500,"4",2900112,"1",
"900140",1500,"5",2900112,"1",
"980000",5859,"1",2900112,"1",
"980000",4473,"2",2900112,"1",
"980000",1891,"3",2900112,"1",
"980000",2034,"4",2900112,"1",
"980000",2151,"5",2900112,"1",
"980070",5859,"1",2900112,"1",
"980070",4473,"2",2900112,"1",
"980070",1891,"3",2900112,"1",
"980070",2034,"4",2900112,"1",
"980070",2151,"5",2900112,"1",
"900000",282487,"1",2900121,"1","T"
"900000",282487,"2",2900121,"1","T"
"900000",282487,"3",2900121,"1","T"
"900000",282487,"4",2900121,"1","T"
"900000",282487,"5",2900121,"1","T"
"900180",100,"1",2900121,"1",
"900180",100,"2",2900121,"1",
"900180",100,"3",2900121,"1",
"900180",100,"4",2900121,"1",
"900180",100,"5",2900121,"1",
"980000",282587,"1",2900121,"1","T"
"980000",282587,"2",2900121,"1","T"
"980000",282587,"3",2900121,"1","T"
"980000",282587,"4",2900121,"1","T"
"980000",282587,"5",2900121,"1","T"
"980070",282087,"1",2900121,"1","T"
"980070",282087,"2",2900121,"1","T"
"980070",282087,"3",2900121,"1","T"
"980070",282087,"4",2900121,"1","T"
"980070",282087,"5",2900121,"1","T"
"900000",282487,"1",2900122,"1","T"
"900000",282487,"2",2900122,"1","T"
"900000",282487,"3",2900122,"1","T"
"900000",282487,"4",2900122,"1","T"
"900000",282487,"5",2900122,"1","T"
"900180",100,"1",2900122,"1",
"900180",100,"2",2900122,"1",
"900180",100,"3",2900122,"1",
"900180",100,"4",2900122,"1",
"900180",100,"5",2900122,"1",
"980000",282587,"1",2900122,"1","T"
"980000",282587,"2",2900122,"1","T"
"980000",282587,"3",2900122,"1","T"
"980000",282587,"4",2900122,"1","T"
"980000",282587,"5",2900122,"1","T"
"980070",282087,"1",2900122,"1","T"
"980070",282087,"2",2900122,"1","T"
"980070",282087,"3",2900122,"1","T"
"980070",282087,"4",2900122,"1","T"
"980070",282087,"5",2900122,"1","T"
"900030",14663,"1",2900131,"1",
"900030",10427,"2",2900131,"1",
"900030",14423,"3",2900131,"1",
"900030",12275,"4",2900131,"1",
"900030",17675,"5",2900131,"1",
"900170",27070,"1",2900131,"1",
"900170",35964,"2",2900131,"1",
"900170",2796,"3",2900131,"1",
"900170",20749,"4",2900131,"1",
"900170",1417,"5",2900131,"1",
"900180",115,"1",2900131,"1",
"900180",145,"2",2900131,"1",
"900180",66,"3",2900131,"1",
"900180",23,"4",2900131,"1",
"900180",24,"5",2900131,"1",
"980000",41848,"1",2900131,"1",
"980000",46536,"2",2900131,"1",
"980000",17285,"3",2900131,"1",
"980000",33047,"4",2900131,"1",
"980000",19116,"5",2900131,"1",
"980070",41848,"1",2900131,"1",
"980070",46536,"2",2900131,"1",
"980070",17285,"3",2900131,"1",
"980070",33047,"4",2900131,"1",
"980070",19116,"5",2900131,"1",
"900030",12023,"1",2900132,"1",
"900030",17867,"2",2900132,"1",
"900030",17807,"3",2900132,"1",
"900030",7475,"4",2900132,"1",
"900030",16247,"5",2900132,"1",
"900170",13621,"1",2900132,"1",
"900170",674,"2",2900132,"1",
"900170",3968,"3",2900132,"1",
"900170",900,"4",2900132,"1",
"900170",514,"5",2900132,"1",
"900180",101,"1",2900132,"1",
"900180",476,"2",2900132,"1",
"900180",153,"3",2900132,"1",
"900180",16,"4",2900132,"1",
"900180",123,"5",2900132,"1",
"980000",25745,"1",2900132,"1",
"980000",19017,"2",2900132,"1",
"980000",21928,"3",2900132,"1",
"980000",8391,"4",2900132,"1",
"980000",16884,"5",2900132,"1",
"980070",25745,"1",2900132,"1",
"980070",19017,"2",2900132,"1",
"980070",21928,"3",2900132,"1",
"980070",8391,"4",2900132,"1",
"980070",16884,"5",2900132,"1",
"800940",1243,"1",2900151,"1",
"800940",1249,"2",2900151,"1",
"800940",1753,"3",2900151,"1",
"800940",1424,"4",2900151,"1",
"800940",1339,"5",2900151,"1",
"900000",55859,"1",2900151,"1",
"900000",51373,"2",2900151,"1",
"900000",47729,"3",2900151,"1",
"900000",46573,"4",2900151,"1",
"900000",48979,"5",2900151,"1",
"900160",5121,"1",2900151,"1",
"900160",5161,"2",2900151,"1",
"900160",8457,"3",2900151,"1",
"900160",6305,"4",2900151,"1",
"900160",5751,"5",2900151,"1",
"900180",10,"1",2900151,"1",
"900180",10,"2",2900151,"1",
"900180",10,"3",2900151,"1",
"900180",10,"4",2900151,"1",
"900180",10,"5",2900151,"1",
"980000",60990,"1",2900151,"1",
"980000",56544,"2",2900151,"1",
"980000",56196,"3",2900151,"1",
"980000",52888,"4",2900151,"1",
"980000",54740,"5",2900151,"1",
"980070",61690,"1",2900151,"1",
"980070",57244,"2",2900151,"1",
"980070",56896,"3",2900151,"1",
"980070",53588,"4",2900151,"1",
"980070",55440,"5",2900151,"1",
"800940",1384,"1",2900152,"1",
"800940",1784,"2",2900152,"1",
"800940",1252,"3",2900152,"1",
"800940",1649,"4",2900152,"1",
"800940",1443,"5",2900152,"1",
"900000",53481,"1",2900152,"1",
"900000",46317,"2",2900152,"1",
"900000",54587,"3",2900152,"1",
"900000",51672,"4",2900152,"1",
"900000",50576,"5",2900152,"1",
"900160",6043,"1",2900152,"1",
"900160",8660,"2",2900152,"1",
"900160",5186,"3",2900152,"1",
"900160",7781,"4",2900152,"1",
"900160",6433,"5",2900152,"1",
"900180",10,"1",2900152,"1",
"900180",10,"2",2900152,"1",
"900180",10,"3",2900152,"1",
"900180",10,"4",2900152,"1",
"900180",10,"5",2900152,"1",
"980000",59534,"1",2900152,"1",
"980000",54987,"2",2900152,"1",
"980000",59783,"3",2900152,"1",
"980000",59463,"4",2900152,"1",
"980000",57019,"5",2900152,"1",
"980070",60234,"1",2900152,"1",
"980070",55687,"2",2900152,"1",
"980070",60483,"3",2900152,"1",
"980070",60163,"4",2900152,"1",
"980070",57719,"5",2900152,"1",
"900000",43000,"1",2900171,"1",
"900000",43000,"2",2900171,"1",
"900000",43000,"3",2900171,"1",
"900000",43000,"4",2900171,"1",
"900000",43000,"5",2900171,"1",
"900030",7450,"1",2900171,"1",
"900030",7450,"2",2900171,"1",
"900030",7450,"3",2900171,"1",
"900030",7450,"4",2900171,"1",
"900030",7450,"5",2900171,"1",
"900160",12000,"1",2900171,"1",
"900160",12000,"2",2900171,"1",
"900160",12000,"3",2900171,"1",
"900160",12000,"4",2900171,"1",
"900160",12000,"5",2900171,"1",
"950002",2709,"1",2900171,"1",
"950002",2709,"2",2900171,"1",
"950002",2709,"3",2900171,"1",
"950002",2709,"4",2900171,"1",
"950002",2709,"5",2900171,"1",
"950012",1454,"1",2900171,"1",
"950012",1454,"2",2900171,"1",
"950012",1454,"3",2900171,"1",
"950012",1454,"4",2900171,"1",
"950012",1454,"5",2900171,"1",
"980000",62450,"1",2900171,"1",
"980000",62450,"2",2900171,"1",
"980000",62450,"3",2900171,"1",
"980000",62450,"4",2900171,"1",
"980000",62450,"5",2900171,"1",
"980070",58487,"1",2900171,"1",
"980070",58487,"2",2900171,"1",
"980070",58487,"3",2900171,"1",
"980070",58487,"4",2900171,"1",
"980070",58487,"5",2900171,"1",
"900000",43000,"1",2900172,"1",
"900000",43000,"2",2900172,"1",
"900000",43000,"3",2900172,"1",
"900000",43000,"4",2900172,"1",
"900000",43000,"5",2900172,"1",
"900030",7450,"1",2900172,"1",
"900030",7450,"2",2900172,"1",
"900030",7450,"3",2900172,"1",
"900030",7450,"4",2900172,"1",
"900030",7450,"5",2900172,"1",
"900160",12000,"1",2900172,"1",
"900160",12000,"2",2900172,"1",
"900160",12000,"3",2900172,"1",
"900160",12000,"4",2900172,"1",
"900160",12000,"5",2900172,"1",
"950002",2709,"1",2900172,"1",
"950002",2709,"2",2900172,"1",
"950002",2709,"3",2900172,"1",
"950002",2709,"4",2900172,"1",
"950002",2709,"5",2900172,"1",
"950012",1454,"1",2900172,"1",
"950012",1454,"2",2900172,"1",
"950012",1454,"3",2900172,"1",
"950012",1454,"4",2900172,"1",
"950012",1454,"5",2900172,"1",
"980000",62450,"1",2900172,"1",
"980000",62450,"2",2900172,"1",
"980000",62450,"3",2900172,"1",
"980000",62450,"4",2900172,"1",
"980000",62450,"5",2900172,"1",
"980070",58487,"1",2900172,"1",
"980070",58487,"2",2900172,"1",
"980070",58487,"3",2900172,"1",
"980070",58487,"4",2900172,"1",
"980070",58487,"5",2900172,"1",
"800940",10967,"1",2900231,"1","T"
"800940",10967,"2",2900231,"1","T"
"800940",10967,"3",2900231,"1","T"
"800940",10967,"4",2900231,"1","T"
"800940",10967,"5",2900231,"1","T"
"900000",65000,"1",2900231,"1",
"900000",65000,"2",2900231,"1",
"900000",65000,"3",2900231,"1",
"900000",65000,"4",2900231,"1",
"900000",65000,"5",2900231,"1",
"900030",19200,"1",2900231,"1",
"900030",19200,"2",2900231,"1",
"900030",19200,"3",2900231,"1",
"900030",19200,"4",2900231,"1",
"900030",19200,"5",2900231,"1",
"900160",46343,"1",2900231,"1",
"900160",7215,"2",2900231,"1",
"900160",16360,"3",2900231,"1",
"900160",25522,"4",2900231,"1",
"900160",54881,"5",2900231,"1",
"900180",10,"1",2900231,"1",
"900180",10,"2",2900231,"1",
"900180",10,"3",2900231,"1",
"900180",10,"4",2900231,"1",
"900180",10,"5",2900231,"1",
"980000",130553,"1",2900231,"1",
"980000",91425,"2",2900231,"1",
"980000",100570,"3",2900231,"1",
"980000",109732,"4",2900231,"1",
"980000",139091,"5",2900231,"1",
"980070",128153,"1",2900231,"1",
"980070",89025,"2",2900231,"1",
"980070",98170,"3",2900231,"1",
"980070",107332,"4",2900231,"1",
"980070",136691,"5",2900231,"1",
"800940",10967,"1",2900232,"1","T"
"800940",10967,"2",2900232,"1","T"
"800940",10967,"3",2900232,"1","T"
"800940",10967,"4",2900232,"1","T"
"800940",10967,"5",2900232,"1","T"
"900000",65000,"1",2900232,"1",
"900000",65000,"2",2900232,"1",
"900000",65000,"3",2900232,"1",
"900000",65000,"4",2900232,"1",
"900000",65000,"5",2900232,"1",
"900030",19200,"1",2900232,"1",
"900030",19200,"2",2900232,"1",
"900030",19200,"3",2900232,"1",
"900030",19200,"4",2900232,"1",
"900030",19200,"5",2900232,"1",
"900160",1050,"1",2900232,"1",
"900160",82207,"2",2900232,"1",
"900160",517,"3",2900232,"1",
"900160",35210,"4",2900232,"1",
"900160",3071,"5",2900232,"1",
"900180",10,"1",2900232,"1",
"900180",10,"2",2900232,"1",
"900180",10,"3",2900232,"1",
"900180",10,"4",2900232,"1",
"900180",10,"5",2900232,"1",
"980000",85260,"1",2900232,"1",
"980000",166417,"2",2900232,"1",
"980000",84727,"3",2900232,"1",
"980000",119420,"4",2900232,"1",
"980000",87281,"5",2900232,"1",
"980070",82860,"1",2900232,"1",
"980070",164017,"2",2900232,"1",
"980070",82327,"3",2900232,"1",
"980070",117020,"4",2900232,"1",
"980070",84881,"5",2900232,"1",
"900000",47815,"1",2900252,"1",
"900000",21424,"2",2900252,"1",
"900000",36786,"3",2900252,"1",
"900000",38239,"4",2900252,"1",
"900000",38245,"5",2900252,"1",
"900170",1200,"1",2900252,"1",
"900170",1200,"2",2900252,"1",
"900170",1200,"3",2900252,"1",
"900170",1200,"4",2900252,"1",
"900170",1200,"5",2900252,"1",
"980000",49015,"1",2900252,"1",
"980000",22624,"2",2900252,"1",
"980000",37986,"3",2900252,"1",
"980000",39439,"4",2900252,"1",
"980000",39445,"5",2900252,"1",
"980070",49015,"1",2900252,"1",
"980070",22624,"2",2900252,"1",
"980070",37986,"3",2900252,"1",
"980070",39439,"4",2900252,"1",
"980070",39445,"5",2900252,"1",
"900000",56114,"1",2900261,"1",
"900000",92545,"2",2900261,"1",
"900000",63625,"3",2900261,"1",
"900000",113843,"4",2900261,"1",
"900000",66719,"5",2900261,"1",
"980000",56114,"1",2900261,"1",
"980000",92545,"2",2900261,"1",
"980000",63625,"3",2900261,"1",
"980000",113843,"4",2900261,"1",
"980000",66719,"5",2900261,"1",
"980070",56114,"1",2900261,"1",
"980070",92545,"2",2900261,"1",
"980070",63625,"3",2900261,"1",
"980070",113843,"4",2900261,"1",
"980070",66719,"5",2900261,"1",
"900000",101721,"1",2900262,"1",
"900000",243962,"2",2900262,"1",
"900000",87483,"3",2900262,"1",
"900000",136603,"4",2900262,"1",
"900000",150212,"5",2900262,"1",
"980000",101721,"1",2900262,"1",
"980000",243962,"2",2900262,"1",
"980000",87483,"3",2900262,"1",
"980000",136603,"4",2900262,"1",
"980000",150212,"5",2900262,"1",
"980070",101721,"1",2900262,"1",
"980070",243962,"2",2900262,"1",
"980070",87483,"3",2900262,"1",
"980070",136603,"4",2900262,"1",
"980070",150212,"5",2900262,"1",
"900000",205487,"1",2900301,"1","T"
"900000",205487,"2",2900301,"1","T"
"900000",205487,"3",2900301,"1","T"
"900000",205487,"4",2900301,"1","T"
"900000",205487,"5",2900301,"1","T"
"980000",205487,"1",2900301,"1","T"
"980000",205487,"2",2900301,"1","T"
"980000",205487,"3",2900301,"1","T"
"980000",205487,"4",2900301,"1","T"
"980000",205487,"5",2900301,"1","T"
"980070",205487,"1",2900301,"1","T"
"980070",205487,"2",2900301,"1","T"
"980070",205487,"3",2900301,"1","T"
"980070",205487,"4",2900301,"1","T"
"980070",205487,"5",2900301,"1","T"
"900000",205487,"1",2900302,"1","T"
"900000",205487,"2",2900302,"1","T"
"900000",205487,"3",2900302,"1","T"
"900000",205487,"4",2900302,"1","T"
"900000",205487,"5",2900302,"1","T"
"980000",205487,"1",2900302,"1","T"
"980000",205487,"2",2900302,"1","T"
"980000",205487,"3",2900302,"1","T"
"980000",205487,"4",2900302,"1","T"
"980000",205487,"5",2900302,"1","T"
"980070",205487,"1",2900302,"1","T"
"980070",205487,"2",2900302,"1","T"
"980070",205487,"3",2900302,"1","T"
"980070",205487,"4",2900302,"1","T"
"980070",205487,"5",2900302,"1","T"
"900000",10000,"1",2900311,"1",
"900000",10000,"2",2900311,"1",
"900000",10000,"3",2900311,"1",
"900000",10000,"4",2900311,"1",
"900000",10000,"5",2900311,"1",
"900030",19498,"1",2900311,"1",
"900030",20974,"2",2900311,"1",
"900030",31114,"3",2900311,"1",
"900030",19954,"4",2900311,"1",
"900030",24994,"5",2900311,"1",
"900150",9048,"1",2900311,"1",
"900150",9048,"2",2900311,"1",
"900150",9048,"3",2900311,"1",
"900150",9048,"4",2900311,"1",
"900150",9048,"5",2900311,"1",
"980000",38546,"1",2900311,"1",
"980000",40022,"2",2900311,"1",
"980000",50162,"3",2900311,"1",
"980000",39002,"4",2900311,"1",
"980000",44042,"5",2900311,"1",
"980070",39146,"1",2900311,"1",
"980070",40622,"2",2900311,"1",
"980070",50762,"3",2900311,"1",
"980070",39602,"4",2900311,"1",
"980070",44642,"5",2900311,"1",
"900000",10000,"1",2900312,"1",
"900000",10000,"2",2900312,"1",
"900000",10000,"3",2900312,"1",
"900000",10000,"4",2900312,"1",
"900000",10000,"5",2900312,"1",
"900030",27442,"1",2900312,"1",
"900030",25294,"2",2900312,"1",
"900030",24682,"3",2900312,"1",
"900030",33214,"4",2900312,"1",
"900030",20350,"5",2900312,"1",
"900150",9048,"1",2900312,"1",
"900150",9048,"2",2900312,"1",
"900150",9048,"3",2900312,"1",
"900150",9048,"4",2900312,"1",
"900150",9048,"5",2900312,"1",
"980000",46490,"1",2900312,"1",
"980000",44342,"2",2900312,"1",
"980000",43730,"3",2900312,"1",
"980000",52262,"4",2900312,"1",
"980000",39398,"5",2900312,"1",
"980070",47090,"1",2900312,"1",
"980070",44942,"2",2900312,"1",
"980070",44330,"3",2900312,"1",
"980070",52862,"4",2900312,"1",
"980070",39998,"5",2900312,"1",
"900180",38657,"1",2900331,"1","T"
"900180",38657,"2",2900331,"1","T"
"900180",38657,"3",2900331,"1","T"
"900180",38657,"4",2900331,"1","T"
"900180",38657,"5",2900331,"1","T"
"980000",38657,"1",2900331,"1","T"
"980000",38657,"2",2900331,"1","T"
"980000",38657,"3",2900331,"1","T"
"980000",38657,"4",2900331,"1","T"
"980000",38657,"5",2900331,"1","T"
"980070",38657,"1",2900331,"1","T"
"980070",38657,"2",2900331,"1","T"
"980070",38657,"3",2900331,"1","T"
"980070",38657,"4",2900331,"1","T"
"980070",38657,"5",2900331,"1","T"
"900180",38657,"1",2900332,"1","T"
"900180",38657,"2",2900332,"1","T"
"900180",38657,"3",2900332,"1","T"
"900180",38657,"4",2900332,"1","T"
"900180",38657,"5",2900332,"1","T"
"980000",38657,"1",2900332,"1","T"
"980000",38657,"2",2900332,"1","T"
"980000",38657,"3",2900332,"1","T"
"980000",38657,"4",2900332,"1","T"
"980000",38657,"5",2900332,"1","T"
"980070",38657,"1",2900332,"1","T"
"980070",38657,"2",2900332,"1","T"
"980070",38657,"3",2900332,"1","T"
"980070",38657,"4",2900332,"1","T"
"980070",38657,"5",2900332,"1","T"
"900000",38000,"1",2900341,"1",
"900000",38000,"2",2900341,"1",
"900000",38000,"3",2900341,"1",
"900000",38000,"4",2900341,"1",
"900000",38000,"5",2900341,"1",
"900180",1,"1",2900341,"1",
"900180",1,"2",2900341,"1",
"900180",1,"3",2900341,"1",
"900180",1,"4",2900341,"1",
"900180",1,"5",2900341,"1",
"980000",38001,"1",2900341,"1",
"980000",38001,"2",2900341,"1",
"980000",38001,"3",2900341,"1",
"980000",38001,"4",2900341,"1",
"980000",38001,"5",2900341,"1",
"980070",39051,"1",2900341,"1",
"980070",39051,"2",2900341,"1",
"980070",39051,"3",2900341,"1",
"980070",39051,"4",2900341,"1",
"980070",39051,"5",2900341,"1",
"900000",38000,"1",2900342,"1",
"900000",38000,"2",2900342,"1",
"900000",38000,"3",2900342,"1",
"900000",38000,"4",2900342,"1",
"900000",38000,"5",2900342,"1",
"900180",1,"1",2900342,"1",
"900180",1,"2",2900342,"1",
"900180",1,"3",2900342,"1",
"900180",1,"4",2900342,"1",
"900180",1,"5",2900342,"1",
"980000",38001,"1",2900342,"1",
"980000",38001,"2",2900342,"1",
"980000",38001,"3",2900342,"1",
"980000",38001,"4",2900342,"1",
"980000",38001,"5",2900342,"1",
"980070",39051,"1",2900342,"1",
"980070",39051,"2",2900342,"1",
"980070",39051,"3",2900342,"1",
"980070",39051,"4",2900342,"1",
"980070",39051,"5",2900342,"1",
"900000",5000,"1",2900381,"1",
"900000",5000,"2",2900381,"1",
"900000",5000,"3",2900381,"1",
"900000",5000,"4",2900381,"1",
"900000",5000,"5",2900381,"1",
"900030",15911,"1",2900381,"1",
"900030",15911,"2",2900381,"1",
"900030",15911,"3",2900381,"1",
"900030",15911,"4",2900381,"1",
"900030",15911,"5",2900381,"1",
"980000",20911,"1",2900381,"1",
"980000",20911,"2",2900381,"1",
"980000",20911,"3",2900381,"1",
"980000",20911,"4",2900381,"1",
"980000",20911,"5",2900381,"1",
"980070",20911,"1",2900381,"1",
"980070",20911,"2",2900381,"1",
"980070",20911,"3",2900381,"1",
"980070",20911,"4",2900381,"1",
"980070",20911,"5",2900381,"1",
"900000",5000,"1",2900382,"1",
"900000",5000,"2",2900382,"1",
"900000",5000,"3",2900382,"1",
"900000",5000,"4",2900382,"1",
"900000",5000,"5",2900382,"1",
"900030",15911,"1",2900382,"1",
"900030",15911,"2",2900382,"1",
"900030",15911,"3",2900382,"1",
"900030",15911,"4",2900382,"1",
"900030",15911,"5",2900382,"1",
"980000",20911,"1",2900382,"1",
"980000",20911,"2",2900382,"1",
"980000",20911,"3",2900382,"1",
"980000",20911,"4",2900382,"1",
"980000",20911,"5",2900382,"1",
"980070",20911,"1",2900382,"1",
"980070",20911,"2",2900382,"1",
"980070",20911,"3",2900382,"1",
"980070",20911,"4",2900382,"1",
"980070",20911,"5",2900382,"1",
"900000",59927,"1",2900401,"1",
"900000",33484,"2",2900401,"1",
"900000",51807,"3",2900401,"1",
"900000",10368,"4",2900401,"1",
"900000",15780,"5",2900401,"1",
"980000",59927,"1",2900401,"1",
"980000",33484,"2",2900401,"1",
"980000",51807,"3",2900401,"1",
"980000",10368,"4",2900401,"1",
"980000",15780,"5",2900401,"1",
"980070",61927,"1",2900401,"1",
"980070",35484,"2",2900401,"1",
"980070",53807,"3",2900401,"1",
"980070",12368,"4",2900401,"1",
"980070",17780,"5",2900401,"1",
"900000",38768,"1",2900402,"1",
"900000",31716,"2",2900402,"1",
"900000",32655,"3",2900402,"1",
"900000",13296,"4",2900402,"1",
"900000",18812,"5",2900402,"1",
"980000",38768,"1",2900402,"1",
"980000",31716,"2",2900402,"1",
"980000",32655,"3",2900402,"1",
"980000",13296,"4",2900402,"1",
"980000",18812,"5",2900402,"1",
"980070",40768,"1",2900402,"1",
"980070",33716,"2",2900402,"1",
"980070",34655,"3",2900402,"1",
"980070",15296,"4",2900402,"1",
"980070",20812,"5",2900402,"1",
"900000",115000,"1",2900411,"1",
"900000",115000,"2",2900411,"1",
"900000",115000,"3",2900411,"1",
"900000",115000,"4",2900411,"1",
"900000",115000,"5",2900411,"1",
"980000",115000,"1",2900411,"1",
"980000",115000,"2",2900411,"1",
"980000",115000,"3",2900411,"1",
"980000",115000,"4",2900411,"1",
"980000",115000,"5",2900411,"1",
"980070",115000,"1",2900411,"1",
"980070",115000,"2",2900411,"1",
"980070",115000,"3",2900411,"1",
"980070",115000,"4",2900411,"1",
"980070",115000,"5",2900411,"1",
"900000",63526,"1",2900431,"1",
"900000",63947,"2",2900431,"1",
"900000",56004,"3",2900431,"1",
"900000",66794,"4",2900431,"1",
"900000",52058,"5",2900431,"1",
"900180",3,"1",2900431,"1",
"900180",3,"2",2900431,"1",
"900180",3,"3",2900431,"1",
"900180",3,"4",2900431,"1",
"900180",3,"5",2900431,"1",
"980000",63529,"1",2900431,"1",
"980000",63950,"2",2900431,"1",
"980000",56007,"3",2900431,"1",
"980000",66797,"4",2900431,"1",
"980000",52061,"5",2900431,"1",
"980070",64329,"1",2900431,"1",
"980070",64750,"2",2900431,"1",
"980070",56807,"3",2900431,"1",
"980070",67597,"4",2900431,"1",
"980070",52861,"5",2900431,"1",
"900000",56387,"1",2900432,"1",
"900000",61944,"2",2900432,"1",
"900000",63367,"3",2900432,"1",
"900000",54642,"4",2900432,"1",
"900000",67646,"5",2900432,"1",
"900180",3,"1",2900432,"1",
"900180",3,"2",2900432,"1",
"900180",3,"3",2900432,"1",
"900180",3,"4",2900432,"1",
"900180",3,"5",2900432,"1",
"980000",56390,"1",2900432,"1",
"980000",61947,"2",2900432,"1",
"980000",63370,"3",2900432,"1",
"980000",54645,"4",2900432,"1",
"980000",67649,"5",2900432,"1",
"980070",57190,"1",2900432,"1",
"980070",62747,"2",2900432,"1",
"980070",64170,"3",2900432,"1",
"980070",55445,"4",2900432,"1",
"980070",68449,"5",2900432,"1",
"900030",23304,"1",2900461,"1",
"900030",23484,"2",2900461,"1",
"900030",19884,"3",2900461,"1",
"900030",17724,"4",2900461,"1",
"900030",21000,"5",2900461,"1",
"980000",23304,"1",2900461,"1",
"980000",23484,"2",2900461,"1",
"980000",19884,"3",2900461,"1",
"980000",17724,"4",2900461,"1",
"980000",21000,"5",2900461,"1",
"980070",23304,"1",2900461,"1",
"980070",23484,"2",2900461,"1",
"980070",19884,"3",2900461,"1",
"980070",17724,"4",2900461,"1",
"980070",21000,"5",2900461,"1",
"900030",18240,"1",2900462,"1",
"900030",17148,"2",2900462,"1",
"900030",12432,"3",2900462,"1",
"900030",7512,"4",2900462,"1",
"900030",19416,"5",2900462,"1",
"980000",18240,"1",2900462,"1",
"980000",17148,"2",2900462,"1",
"980000",12432,"3",2900462,"1",
"980000",7512,"4",2900462,"1",
"980000",19416,"5",2900462,"1",
"980070",18240,"1",2900462,"1",
"980070",17148,"2",2900462,"1",
"980070",12432,"3",2900462,"1",
"980070",7512,"4",2900462,"1",
"980070",19416,"5",2900462,"1",
"900000",136609,"1",2900471,"1",
"900000",65650,"2",2900471,"1",
"900000",75450,"3",2900471,"1",
"900000",73125,"4",2900471,"1",
"900000",96753,"5",2900471,"1",
"900210",1500,"1",2900471,"1",
"900210",1500,"2",2900471,"1",
"900210",1500,"3",2900471,"1",
"900210",1500,"4",2900471,"1",
"900210",1500,"5",2900471,"1",
"980000",138109,"1",2900471,"1",
"980000",67150,"2",2900471,"1",
"980000",76950,"3",2900471,"1",
"980000",74625,"4",2900471,"1",
"980000",98253,"5",2900471,"1",
"980070",138752,"1",2900471,"1",
"980070",67793,"2",2900471,"1",
"980070",77593,"3",2900471,"1",
"980070",75268,"4",2900471,"1",
"980070",98896,"5",2900471,"1",
"900000",50303,"1",2900472,"1",
"900000",59331,"2",2900472,"1",
"900000",38842,"3",2900472,"1",
"900000",79725,"4",2900472,"1",
"900000",49306,"5",2900472,"1",
"900210",1500,"1",2900472,"1",
"900210",1500,"2",2900472,"1",
"900210",1500,"3",2900472,"1",
"900210",1500,"4",2900472,"1",
"900210",1500,"5",2900472,"1",
"980000",51803,"1",2900472,"1",
"980000",60831,"2",2900472,"1",
"980000",40342,"3",2900472,"1",
"980000",81225,"4",2900472,"1",
"980000",50806,"5",2900472,"1",
"980070",52446,"1",2900472,"1",
"980070",61474,"2",2900472,"1",
"980070",40985,"3",2900472,"1",
"980070",81868,"4",2900472,"1",
"980070",51449,"5",2900472,"1",
"900000",35105,"1",2900491,"1",
"900000",35105,"2",2900491,"1",
"900000",35105,"3",2900491,"1",
"900000",35105,"4",2900491,"1",
"900000",35105,"5",2900491,"1",
"980000",35105,"1",2900491,"1",
"980000",35105,"2",2900491,"1",
"980000",35105,"3",2900491,"1",
"980000",35105,"4",2900491,"1",
"980000",35105,"5",2900491,"1",
"980070",38474,"1",2900491,"1",
"980070",38474,"2",2900491,"1",
"980070",38474,"3",2900491,"1",
"980070",38474,"4",2900491,"1",
"980070",38474,"5",2900491,"1",
"900000",35105,"1",2900492,"1",
"900000",35105,"2",2900492,"1",
"900000",35105,"3",2900492,"1",
"900000",35105,"4",2900492,"1",
"900000",35105,"5",2900492,"1",
"980000",35105,"1",2900492,"1",
"980000",35105,"2",2900492,"1",
"980000",35105,"3",2900492,"1",
"980000",35105,"4",2900492,"1",
"980000",35105,"5",2900492,"1",
"980070",38474,"1",2900492,"1",
"980070",38474,"2",2900492,"1",
"980070",38474,"3",2900492,"1",
"980070",38474,"4",2900492,"1",
"980070",38474,"5",2900492,"1",
"900030",15407,"1",2911951,"1",
"900030",15407,"2",2911951,"1",
"900030",15407,"3",2911951,"1",
"900030",15407,"4",2911951,"1",
"900030",15407,"5",2911951,"1",
"980000",15407,"1",2911951,"1",
"980000",15407,"2",2911951,"1",
"980000",15407,"3",2911951,"1",
"980000",15407,"4",2911951,"1",
"980000",15407,"5",2911951,"1",
"980070",15407,"1",2911951,"1",
"980070",15407,"2",2911951,"1",
"980070",15407,"3",2911951,"1",
"980070",15407,"4",2911951,"1",
"980070",15407,"5",2911951,"1",
"900030",15407,"1",2911952,"1",
"900030",15407,"2",2911952,"1",
"900030",15407,"3",2911952,"1",
"900030",15407,"4",2911952,"1",
"900030",15407,"5",2911952,"1",
"980000",15407,"1",2911952,"1",
"980000",15407,"2",2911952,"1",
"980000",15407,"3",2911952,"1",
"980000",15407,"4",2911952,"1",
"980000",15407,"5",2911952,"1",
"980070",15407,"1",2911952,"1",
"980070",15407,"2",2911952,"1",
"980070",15407,"3",2911952,"1",
"980070",15407,"4",2911952,"1",
"980070",15407,"5",2911952,"1",
"900000",105573,"1",2911971,"1",
"900000",128917,"2",2911971,"1",
"900000",64109,"3",2911971,"1",
"900000",67033,"4",2911971,"1",
"900000",122637,"5",2911971,"1",
"900030",13138,"1",2911971,"1",
"900030",13138,"2",2911971,"1",
"900030",13138,"3",2911971,"1",
"900030",13138,"4",2911971,"1",
"900030",13138,"5",2911971,"1",
"900160",1,"1",2911971,"1",
"900160",1,"2",2911971,"1",
"900160",1,"3",2911971,"1",
"900160",1,"4",2911971,"1",
"900160",1,"5",2911971,"1",
"900180",27,"1",2911971,"1",
"900180",106,"2",2911971,"1",
"900180",30,"3",2911971,"1",
"900180",606,"4",2911971,"1",
"900180",476,"5",2911971,"1",
"980000",118739,"1",2911971,"1",
"980000",142162,"2",2911971,"1",
"980000",77278,"3",2911971,"1",
"980000",80778,"4",2911971,"1",
"980000",136252,"5",2911971,"1",
"980070",118801,"1",2911971,"1",
"980070",142224,"2",2911971,"1",
"980070",77340,"3",2911971,"1",
"980070",80840,"4",2911971,"1",
"980070",136314,"5",2911971,"1",
"900000",164159,"1",2911972,"1",
"900000",190680,"2",2911972,"1",
"900000",122134,"3",2911972,"1",
"900000",99023,"4",2911972,"1",
"900000",119606,"5",2911972,"1",
"900030",13138,"1",2911972,"1",
"900030",13138,"2",2911972,"1",
"900030",13138,"3",2911972,"1",
"900030",13138,"4",2911972,"1",
"900030",13138,"5",2911972,"1",
"900160",1,"1",2911972,"1",
"900160",1,"2",2911972,"1",
"900160",1,"3",2911972,"1",
"900160",1,"4",2911972,"1",
"900160",1,"5",2911972,"1",
"900180",91,"1",2911972,"1",
"900180",96,"2",2911972,"1",
"900180",7,"3",2911972,"1",
"900180",37,"4",2911972,"1",
"900180",37,"5",2911972,"1",
"980000",177389,"1",2911972,"1",
"980000",203915,"2",2911972,"1",
"980000",135280,"3",2911972,"1",
"980000",112199,"4",2911972,"1",
"980000",132782,"5",2911972,"1",
"980070",177451,"1",2911972,"1",
"980070",203977,"2",2911972,"1",
"980070",135342,"3",2911972,"1",
"980070",112261,"4",2911972,"1",
"980070",132844,"5",2911972,"1",
"900000",26000,"1",2911981,"1",
"900000",26000,"2",2911981,"1",
"900000",26000,"3",2911981,"1",
"900000",26000,"4",2911981,"1",
"900000",26000,"5",2911981,"1",
"980000",26000,"1",2911981,"1",
"980000",26000,"2",2911981,"1",
"980000",26000,"3",2911981,"1",
"980000",26000,"4",2911981,"1",
"980000",26000,"5",2911981,"1",
"980070",26100,"1",2911981,"1",
"980070",26100,"2",2911981,"1",
"980070",26100,"3",2911981,"1",
"980070",26100,"4",2911981,"1",
"980070",26100,"5",2911981,"1",
"900000",26000,"1",2911982,"1",
"900000",26000,"2",2911982,"1",
"900000",26000,"3",2911982,"1",
"900000",26000,"4",2911982,"1",
"900000",26000,"5",2911982,"1",
"980000",26000,"1",2911982,"1",
"980000",26000,"2",2911982,"1",
"980000",26000,"3",2911982,"1",
"980000",26000,"4",2911982,"1",
"980000",26000,"5",2911982,"1",
"980070",26100,"1",2911982,"1",
"980070",26100,"2",2911982,"1",
"980070",26100,"3",2911982,"1",
"980070",26100,"4",2911982,"1",
"980070",26100,"5",2911982,"1",
"900000",75000,"1",2912001,"1",
"900000",75000,"2",2912001,"1",
"900000",75000,"3",2912001,"1",
"900000",75000,"4",2912001,"1",
"900000",75000,"5",2912001,"1",
"980000",75000,"1",2912001,"1",
"980000",75000,"2",2912001,"1",
"980000",75000,"3",2912001,"1",
"980000",75000,"4",2912001,"1",
"980000",75000,"5",2912001,"1",
"980070",77200,"1",2912001,"1",
"980070",77200,"2",2912001,"1",
"980070",77200,"3",2912001,"1",
"980070",77200,"4",2912001,"1",
"980070",77200,"5",2912001,"1",
"900000",75000,"1",2912002,"1",
"900000",75000,"2",2912002,"1",
"900000",75000,"3",2912002,"1",
"900000",75000,"4",2912002,"1",
"900000",75000,"5",2912002,"1",
"980000",75000,"1",2912002,"1",
"980000",75000,"2",2912002,"1",
"980000",75000,"3",2912002,"1",
"980000",75000,"4",2912002,"1",
"980000",75000,"5",2912002,"1",
"980070",77200,"1",2912002,"1",
"980070",77200,"2",2912002,"1",
"980070",77200,"3",2912002,"1",
"980070",77200,"4",2912002,"1",
"980070",77200,"5",2912002,"1",
"900000",16730,"1",2912011,"1",
"900000",67334,"2",2912011,"1",
"900000",40250,"3",2912011,"1",
"900000",12215,"4",2912011,"1",
"900000",109065,"5",2912011,"1",
"980000",16730,"1",2912011,"1",
"980000",67334,"2",2912011,"1",
"980000",40250,"3",2912011,"1",
"980000",12215,"4",2912011,"1",
"980000",109065,"5",2912011,"1",
"980070",16730,"1",2912011,"1",
"980070",67334,"2",2912011,"1",
"980070",40250,"3",2912011,"1",
"980070",12215,"4",2912011,"1",
"980070",109065,"5",2912011,"1",
"900000",15246,"1",2912012,"1",
"900000",23411,"2",2912012,"1",
"900000",24135,"3",2912012,"1",
"900000",38120,"4",2912012,"1",
"900000",72277,"5",2912012,"1",
"980000",15246,"1",2912012,"1",
"980000",23411,"2",2912012,"1",
"980000",24135,"3",2912012,"1",
"980000",38120,"4",2912012,"1",
"980000",72277,"5",2912012,"1",
"980070",15246,"1",2912012,"1",
"980070",23411,"2",2912012,"1",
"980070",24135,"3",2912012,"1",
"980070",38120,"4",2912012,"1",
"980070",72277,"5",2912012,"1",
"900000",168710,"1",2912061,"1",
"900000",110109,"2",2912061,"1",
"900000",23350,"3",2912061,"1",
"900000",59328,"4",2912061,"1",
"900000",69230,"5",2912061,"1",
"980000",168710,"1",2912061,"1",
"980000",110109,"2",2912061,"1",
"980000",23350,"3",2912061,"1",
"980000",59328,"4",2912061,"1",
"980000",69230,"5",2912061,"1",
"980070",168710,"1",2912061,"1",
"980070",110109,"2",2912061,"1",
"980070",23350,"3",2912061,"1",
"980070",59328,"4",2912061,"1",
"980070",69230,"5",2912061,"1",
"900000",78582,"1",2912062,"1",
"900000",170862,"2",2912062,"1",
"900000",95037,"3",2912062,"1",
"900000",80773,"4",2912062,"1",
"900000",112959,"5",2912062,"1",
"980000",78582,"1",2912062,"1",
"980000",170862,"2",2912062,"1",
"980000",95037,"3",2912062,"1",
"980000",80773,"4",2912062,"1",
"980000",112959,"5",2912062,"1",
"980070",78582,"1",2912062,"1",
"980070",170862,"2",2912062,"1",
"980070",95037,"3",2912062,"1",
"980070",80773,"4",2912062,"1",
"980070",112959,"5",2912062,"1",
"800940",2314,"1",2912071,"1",
"800940",3082,"2",2912071,"1",
"800940",4316,"3",2912071,"1",
"800940",6969,"4",2912071,"1",
"800940",2326,"5",2912071,"1",
"900000",20000,"1",2912071,"1",
"900000",20000,"2",2912071,"1",
"900000",20000,"3",2912071,"1",
"900000",20000,"4",2912071,"1",
"900000",20000,"5",2912071,"1",
"900160",5127,"1",2912071,"1",
"900160",10143,"2",2912071,"1",
"900160",18211,"3",2912071,"1",
"900160",35550,"4",2912071,"1",
"900160",5205,"5",2912071,"1",
"980000",25127,"1",2912071,"1",
"980000",30143,"2",2912071,"1",
"980000",38211,"3",2912071,"1",
"980000",55550,"4",2912071,"1",
"980000",25205,"5",2912071,"1",
"980070",25127,"1",2912071,"1",
"980070",30143,"2",2912071,"1",
"980070",38211,"3",2912071,"1",
"980070",55550,"4",2912071,"1",
"980070",25205,"5",2912071,"1",
"800940",3410,"1",2912072,"1",
"800940",7987,"2",2912072,"1",
"800940",3459,"3",2912072,"1",
"800940",3263,"4",2912072,"1",
"800940",3640,"5",2912072,"1",
"900000",20000,"1",2912072,"1",
"900000",20000,"2",2912072,"1",
"900000",20000,"3",2912072,"1",
"900000",20000,"4",2912072,"1",
"900000",20000,"5",2912072,"1",
"900160",12290,"1",2912072,"1",
"900160",42201,"2",2912072,"1",
"900160",12610,"3",2912072,"1",
"900160",11326,"4",2912072,"1",
"900160",13790,"5",2912072,"1",
"980000",32290,"1",2912072,"1",
"980000",62201,"2",2912072,"1",
"980000",32610,"3",2912072,"1",
"980000",31326,"4",2912072,"1",
"980000",33790,"5",2912072,"1",
"980070",32290,"1",2912072,"1",
"980070",62201,"2",2912072,"1",
"980070",32610,"3",2912072,"1",
"980070",31326,"4",2912072,"1",
"980070",33790,"5",2912072,"1",
"800940",4339,"1",2912081,"1",
"800940",4237,"2",2912081,"1",
"800940",1621,"3",2912081,"1",
"800940",3702,"4",2912081,"1",
"800940",2162,"5",2912081,"1",
"900000",40715,"1",2912081,"1",
"900000",39388,"2",2912081,"1",
"900000",5189,"3",2912081,"1",
"900000",32391,"4",2912081,"1",
"900000",12259,"5",2912081,"1",
"900160",8000,"1",2912081,"1",
"900160",8000,"2",2912081,"1",
"900160",8000,"3",2912081,"1",
"900160",8000,"4",2912081,"1",
"900160",8000,"5",2912081,"1",
"900170",25362,"1",2912081,"1",
"900170",25014,"2",2912081,"1",
"900170",25648,"3",2912081,"1",
"900170",21498,"4",2912081,"1",
"900170",25055,"5",2912081,"1",
"980000",74077,"1",2912081,"1",
"980000",72402,"2",2912081,"1",
"980000",38837,"3",2912081,"1",
"980000",61889,"4",2912081,"1",
"980000",45314,"5",2912081,"1",
"980070",74077,"1",2912081,"1",
"980070",72402,"2",2912081,"1",
"980070",38837,"3",2912081,"1",
"980070",61889,"4",2912081,"1",
"980070",45314,"5",2912081,"1",
"800940",2739,"1",2912082,"1",
"800940",4555,"2",2912082,"1",
"800940",3199,"3",2912082,"1",
"800940",5078,"4",2912082,"1",
"800940",2639,"5",2912082,"1",
"900000",19798,"1",2912082,"1",
"900000",43540,"2",2912082,"1",
"900000",25820,"3",2912082,"1",
"900000",50379,"4",2912082,"1",
"900000",18503,"5",2912082,"1",
"900160",8000,"1",2912082,"1",
"900160",8000,"2",2912082,"1",
"900160",8000,"3",2912082,"1",
"900160",8000,"4",2912082,"1",
"900160",8000,"5",2912082,"1",
"900170",20918,"1",2912082,"1",
"900170",28685,"2",2912082,"1",
"900170",24710,"3",2912082,"1",
"900170",24683,"4",2912082,"1",
"900170",21416,"5",2912082,"1",
"980000",48716,"1",2912082,"1",
"980000",80225,"2",2912082,"1",
"980000",58530,"3",2912082,"1",
"980000",83062,"4",2912082,"1",
"980000",47919,"5",2912082,"1",
"980070",48716,"1",2912082,"1",
"980070",80225,"2",2912082,"1",
"980070",58530,"3",2912082,"1",
"980070",83062,"4",2912082,"1",
"980070",47919,"5",2912082,"1",
"900000",12000,"1",2912101,"1",
"900000",12000,"2",2912101,"1",
"900000",12000,"3",2912101,"1",
"900000",12000,"4",2912101,"1",
"900000",12000,"5",2912101,"1",
"980000",12000,"1",2912101,"1",
"980000",12000,"2",2912101,"1",
"980000",12000,"3",2912101,"1",
"980000",12000,"4",2912101,"1",
"980000",12000,"5",2912101,"1",
"980070",12363,"1",2912101,"1",
"980070",12363,"2",2912101,"1",
"980070",12363,"3",2912101,"1",
"980070",12363,"4",2912101,"1",
"980070",12363,"5",2912101,"1",
"900000",12000,"1",2912102,"1",
"900000",12000,"2",2912102,"1",
"900000",12000,"3",2912102,"1",
"900000",12000,"4",2912102,"1",
"900000",12000,"5",2912102,"1",
"980000",12000,"1",2912102,"1",
"980000",12000,"2",2912102,"1",
"980000",12000,"3",2912102,"1",
"980000",12000,"4",2912102,"1",
"980000",12000,"5",2912102,"1",
"980070",12363,"1",2912102,"1",
"980070",12363,"2",2912102,"1",
"980070",12363,"3",2912102,"1",
"980070",12363,"4",2912102,"1",
"980070",12363,"5",2912102,"1",
"900000",120000,"1",2912111,"1",
"900000",120000,"2",2912111,"1",
"900000",120000,"3",2912111,"1",
"900000",120000,"4",2912111,"1",
"900000",120000,"5",2912111,"1",
"900180",1319,"1",2912111,"1",
"900180",1933,"2",2912111,"1",
"900180",1029,"3",2912111,"1",
"900180",1362,"4",2912111,"1",
"900180",1497,"5",2912111,"1",
"980000",121319,"1",2912111,"1",
"980000",121933,"2",2912111,"1",
"980000",121029,"3",2912111,"1",
"980000",121362,"4",2912111,"1",
"980000",121497,"5",2912111,"1",
"980070",123599,"1",2912111,"1",
"980070",124213,"2",2912111,"1",
"980070",123309,"3",2912111,"1",
"980070",123642,"4",2912111,"1",
"980070",123777,"5",2912111,"1",
"900000",120000,"1",2912112,"1",
"900000",120000,"2",2912112,"1",
"900000",120000,"3",2912112,"1",
"900000",120000,"4",2912112,"1",
"900000",120000,"5",2912112,"1",
"900180",1331,"1",2912112,"1",
"900180",1936,"2",2912112,"1",
"900180",1163,"3",2912112,"1",
"900180",1239,"4",2912112,"1",
"900180",1384,"5",2912112,"1",
"980000",121331,"1",2912112,"1",
"980000",121936,"2",2912112,"1",
"980000",121163,"3",2912112,"1",
"980000",121239,"4",2912112,"1",
"980000",121384,"5",2912112,"1",
"980070",123611,"1",2912112,"1",
"980070",124216,"2",2912112,"1",
"980070",123443,"3",2912112,"1",
"980070",123519,"4",2912112,"1",
"980070",123664,"5",2912112,"1",
"900000",101698,"1",2912131,"1",
"900000",122250,"2",2912131,"1",
"900000",167525,"3",2912131,"1",
"900000",142466,"4",2912131,"1",
"900000",58100,"5",2912131,"1",
"980000",101698,"1",2912131,"1",
"980000",122250,"2",2912131,"1",
"980000",167525,"3",2912131,"1",
"980000",142466,"4",2912131,"1",
"980000",58100,"5",2912131,"1",
"980070",101698,"1",2912131,"1",
"980070",122250,"2",2912131,"1",
"980070",167525,"3",2912131,"1",
"980070",142466,"4",2912131,"1",
"980070",58100,"5",2912131,"1",
"900000",97679,"1",2912132,"1",
"900000",164409,"2",2912132,"1",
"900000",85911,"3",2912132,"1",
"900000",98617,"4",2912132,"1",
"900000",125739,"5",2912132,"1",
"980000",97679,"1",2912132,"1",
"980000",164409,"2",2912132,"1",
"980000",85911,"3",2912132,"1",
"980000",98617,"4",2912132,"1",
"980000",125739,"5",2912132,"1",
"980070",97679,"1",2912132,"1",
"980070",164409,"2",2912132,"1",
"980070",85911,"3",2912132,"1",
"980070",98617,"4",2912132,"1",
"980070",125739,"5",2912132,"1",
"900000",50987,"1",2912151,"1",
"900000",57621,"2",2912151,"1",
"900000",41191,"3",2912151,"1",
"900000",133696,"4",2912151,"1",
"900000",70881,"5",2912151,"1",
"980000",50987,"1",2912151,"1",
"980000",57621,"2",2912151,"1",
"980000",41191,"3",2912151,"1",
"980000",133696,"4",2912151,"1",
"980000",70881,"5",2912151,"1",
"980070",50987,"1",2912151,"1",
"980070",57621,"2",2912151,"1",
"980070",41191,"3",2912151,"1",
"980070",133696,"4",2912151,"1",
"980070",70881,"5",2912151,"1",
"900000",27061,"1",2912152,"1",
"900000",28113,"2",2912152,"1",
"900000",85667,"3",2912152,"1",
"900000",71103,"4",2912152,"1",
"900000",15605,"5",2912152,"1",
"980000",27061,"1",2912152,"1",
"980000",28113,"2",2912152,"1",
"980000",85667,"3",2912152,"1",
"980000",71103,"4",2912152,"1",
"980000",15605,"5",2912152,"1",
"980070",27061,"1",2912152,"1",
"980070",28113,"2",2912152,"1",
"980070",85667,"3",2912152,"1",
"980070",71103,"4",2912152,"1",
"980070",15605,"5",2912152,"1",
"900000",128049,"1",2912181,"1",
"900000",131266,"2",2912181,"1",
"900000",146946,"3",2912181,"1",
"900000",144162,"4",2912181,"1",
"900000",138598,"5",2912181,"1",
"980000",128049,"1",2912181,"1",
"980000",131266,"2",2912181,"1",
"980000",146946,"3",2912181,"1",
"980000",144162,"4",2912181,"1",
"980000",138598,"5",2912181,"1",
"980070",128049,"1",2912181,"1",
"980070",131266,"2",2912181,"1",
"980070",146946,"3",2912181,"1",
"980070",144162,"4",2912181,"1",
"980070",138598,"5",2912181,"1",
"900000",132229,"1",2912182,"1",
"900000",135980,"2",2912182,"1",
"900000",137836,"3",2912182,"1",
"900000",141940,"4",2912182,"1",
"900000",148670,"5",2912182,"1",
"980000",132229,"1",2912182,"1",
"980000",135980,"2",2912182,"1",
"980000",137836,"3",2912182,"1",
"980000",141940,"4",2912182,"1",
"980000",148670,"5",2912182,"1",
"980070",132229,"1",2912182,"1",
"980070",135980,"2",2912182,"1",
"980070",137836,"3",2912182,"1",
"980070",141940,"4",2912182,"1",
"980070",148670,"5",2912182,"1",
"900000",47990,"1",2912221,"1",
"900000",41122,"2",2912221,"1",
"900000",48125,"3",2912221,"1",
"900000",37233,"4",2912221,"1",
"900000",40344,"5",2912221,"1",
"900030",16152,"1",2912221,"1",
"900030",16152,"2",2912221,"1",
"900030",16152,"3",2912221,"1",
"900030",16152,"4",2912221,"1",
"900030",16152,"5",2912221,"1",
"900150",4524,"1",2912221,"1",
"900150",4524,"2",2912221,"1",
"900150",4524,"3",2912221,"1",
"900150",4524,"4",2912221,"1",
"900150",4524,"5",2912221,"1",
"900170",71786,"1",2912221,"1","T"
"900170",71786,"2",2912221,"1","T"
"900170",71786,"3",2912221,"1","T"
"900170",71786,"4",2912221,"1","T"
"900170",71786,"5",2912221,"1","T"
"980000",135425,"1",2912221,"1","T"
"980000",135425,"2",2912221,"1","T"
"980000",135425,"3",2912221,"1","T"
"980000",135425,"4",2912221,"1","T"
"980000",135425,"5",2912221,"1","T"
"980070",135425,"1",2912221,"1","T"
"980070",135425,"2",2912221,"1","T"
"980070",135425,"3",2912221,"1","T"
"980070",135425,"4",2912221,"1","T"
"980070",135425,"5",2912221,"1","T"
"900000",47945,"1",2912222,"1",
"900000",46977,"2",2912222,"1",
"900000",46752,"3",2912222,"1",
"900000",43979,"4",2912222,"1",
"900000",43852,"5",2912222,"1",
"900030",16152,"1",2912222,"1",
"900030",16152,"2",2912222,"1",
"900030",16152,"3",2912222,"1",
"900030",16152,"4",2912222,"1",
"900030",16152,"5",2912222,"1",
"900150",4524,"1",2912222,"1",
"900150",4524,"2",2912222,"1",
"900150",4524,"3",2912222,"1",
"900150",4524,"4",2912222,"1",
"900150",4524,"5",2912222,"1",
"900170",29896,"1",2912222,"1",
"900170",35731,"2",2912222,"1",
"900170",40294,"3",2912222,"1",
"900170",42836,"4",2912222,"1",
"900170",71502,"5",2912222,"1",
"980000",98517,"1",2912222,"1",
"980000",103384,"2",2912222,"1",
"980000",107722,"3",2912222,"1",
"980000",107491,"4",2912222,"1",
"980000",136030,"5",2912222,"1",
"980070",98517,"1",2912222,"1",
"980070",103384,"2",2912222,"1",
"980070",107722,"3",2912222,"1",
"980070",107491,"4",2912222,"1",
"980070",136030,"5",2912222,"1",
"900030",6264,"1",2912251,"1",
"900030",4272,"2",2912251,"1",
"900030",10056,"3",2912251,"1",
"900030",7836,"4",2912251,"1",
"900030",8640,"5",2912251,"1",
"980000",6264,"1",2912251,"1",
"980000",4272,"2",2912251,"1",
"980000",10056,"3",2912251,"1",
"980000",7836,"4",2912251,"1",
"980000",8640,"5",2912251,"1",
"980070",6264,"1",2912251,"1",
"980070",4272,"2",2912251,"1",
"980070",10056,"3",2912251,"1",
"980070",7836,"4",2912251,"1",
"980070",8640,"5",2912251,"1",
"900030",8508,"1",2912252,"1",
"900030",6972,"2",2912252,"1",
"900030",7752,"3",2912252,"1",
"900030",8544,"4",2912252,"1",
"900030",2112,"5",2912252,"1",
"900170",8792,"1",2912252,"1",
"900170",13372,"2",2912252,"1",
"900170",771,"3",2912252,"1",
"900170",37750,"4",2912252,"1",
"900170",25347,"5",2912252,"1",
"980000",17300,"1",2912252,"1",
"980000",20344,"2",2912252,"1",
"980000",8523,"3",2912252,"1",
"980000",46294,"4",2912252,"1",
"980000",27459,"5",2912252,"1",
"980070",17300,"1",2912252,"1",
"980070",20344,"2",2912252,"1",
"980070",8523,"3",2912252,"1",
"980070",46294,"4",2912252,"1",
"980070",27459,"5",2912252,"1",
"800940",3469,"1",2912271,"1",
"800940",3479,"2",2912271,"1",
"800940",4360,"3",2912271,"1",
"800940",4700,"4",2912271,"1",
"800940",2774,"5",2912271,"1",
"900000",17343,"1",2912271,"1",
"900000",17471,"2",2912271,"1",
"900000",28996,"3",2912271,"1",
"900000",33432,"4",2912271,"1",
"900000",8257,"5",2912271,"1",
"900120",17880,"1",2912271,"1",
"900120",17880,"2",2912271,"1",
"900120",17880,"3",2912271,"1",
"900120",17880,"4",2912271,"1",
"900120",17880,"5",2912271,"1",
"900160",14000,"1",2912271,"1",
"900160",14000,"2",2912271,"1",
"900160",14000,"3",2912271,"1",
"900160",14000,"4",2912271,"1",
"900160",14000,"5",2912271,"1",
"980000",49223,"1",2912271,"1",
"980000",49351,"2",2912271,"1",
"980000",60876,"3",2912271,"1",
"980000",65312,"4",2912271,"1",
"980000",40137,"5",2912271,"1",
"980070",50223,"1",2912271,"1",
"980070",50351,"2",2912271,"1",
"980070",61876,"3",2912271,"1",
"980070",66312,"4",2912271,"1",
"980070",41137,"5",2912271,"1",
"800940",4476,"1",2912272,"1",
"800940",3808,"2",2912272,"1",
"800940",3794,"3",2912272,"1",
"800940",2826,"4",2912272,"1",
"800940",3263,"5",2912272,"1",
"900000",30515,"1",2912272,"1",
"900000",21772,"2",2912272,"1",
"900000",21594,"3",2912272,"1",
"900000",8943,"4",2912272,"1",
"900000",14657,"5",2912272,"1",
"900120",17880,"1",2912272,"1",
"900120",17880,"2",2912272,"1",
"900120",17880,"3",2912272,"1",
"900120",17880,"4",2912272,"1",
"900120",17880,"5",2912272,"1",
"900160",14000,"1",2912272,"1",
"900160",14000,"2",2912272,"1",
"900160",14000,"3",2912272,"1",
"900160",14000,"4",2912272,"1",
"900160",14000,"5",2912272,"1",
"980000",62395,"1",2912272,"1",
"980000",53652,"2",2912272,"1",
"980000",53474,"3",2912272,"1",
"980000",40823,"4",2912272,"1",
"980000",46537,"5",2912272,"1",
"980070",63395,"1",2912272,"1",
"980070",54652,"2",2912272,"1",
"980070",54474,"3",2912272,"1",
"980070",41823,"4",2912272,"1",
"980070",47537,"5",2912272,"1",
"900000",34500,"1",2912281,"1",
"900000",34500,"2",2912281,"1",
"900000",34500,"3",2912281,"1",
"900000",34500,"4",2912281,"1",
"900000",34500,"5",2912281,"1",
"900090",8400,"1",2912281,"1",
"900090",8400,"2",2912281,"1",
"900090",8400,"3",2912281,"1",
"900090",8400,"4",2912281,"1",
"900090",8400,"5",2912281,"1",
"980000",42900,"1",2912281,"1",
"980000",42900,"2",2912281,"1",
"980000",42900,"3",2912281,"1",
"980000",42900,"4",2912281,"1",
"980000",42900,"5",2912281,"1",
"980070",42600,"1",2912281,"1",
"980070",42600,"2",2912281,"1",
"980070",42600,"3",2912281,"1",
"980070",42600,"4",2912281,"1",
"980070",42600,"5",2912281,"1",
"900000",34500,"1",2912282,"1",
"900000",34500,"2",2912282,"1",
"900000",34500,"3",2912282,"1",
"900000",34500,"4",2912282,"1",
"900000",34500,"5",2912282,"1",
"900090",8400,"1",2912282,"1",
"900090",8400,"2",2912282,"1",
"900090",8400,"3",2912282,"1",
"900090",8400,"4",2912282,"1",
"900090",8400,"5",2912282,"1",
"980000",42900,"1",2912282,"1",
"980000",42900,"2",2912282,"1",
"980000",42900,"3",2912282,"1",
"980000",42900,"4",2912282,"1",
"980000",42900,"5",2912282,"1",
"980070",42600,"1",2912282,"1",
"980070",42600,"2",2912282,"1",
"980070",42600,"3",2912282,"1",
"980070",42600,"4",2912282,"1",
"980070",42600,"5",2912282,"1",
"900000",2500,"1",2912311,"1",
"900000",2500,"2",2912311,"1",
"900000",2500,"3",2912311,"1",
"900000",2500,"4",2912311,"1",
"900000",2500,"5",2912311,"1",
"900030",15803,"1",2912311,"1",
"900030",15803,"2",2912311,"1",
"900030",15803,"3",2912311,"1",
"900030",15803,"4",2912311,"1",
"900030",15803,"5",2912311,"1",
"980000",18303,"1",2912311,"1",
"980000",18303,"2",2912311,"1",
"980000",18303,"3",2912311,"1",
"980000",18303,"4",2912311,"1",
"980000",18303,"5",2912311,"1",
"980070",18303,"1",2912311,"1",
"980070",18303,"2",2912311,"1",
"980070",18303,"3",2912311,"1",
"980070",18303,"4",2912311,"1",
"980070",18303,"5",2912311,"1",
"900000",2500,"1",2912312,"1",
"900000",2500,"2",2912312,"1",
"900000",2500,"3",2912312,"1",
"900000",2500,"4",2912312,"1",
"900000",2500,"5",2912312,"1",
"900030",15803,"1",2912312,"1",
"900030",15803,"2",2912312,"1",
"900030",15803,"3",2912312,"1",
"900030",15803,"4",2912312,"1",
"900030",15803,"5",2912312,"1",
"980000",18303,"1",2912312,"1",
"980000",18303,"2",2912312,"1",
"980000",18303,"3",2912312,"1",
"980000",18303,"4",2912312,"1",
"980000",18303,"5",2912312,"1",
"980070",18303,"1",2912312,"1",
"980070",18303,"2",2912312,"1",
"980070",18303,"3",2912312,"1",
"980070",18303,"4",2912312,"1",
"980070",18303,"5",2912312,"1",
"900000",1957,"1",2912321,"1",
"900000",310,"2",2912321,"1",
"900000",2748,"3",2912321,"1",
"900000",782,"4",2912321,"1",
"900000",2726,"5",2912321,"1",
"900160",-20000,"1",2912321,"1",
"900160",-20000,"2",2912321,"1",
"900160",-20000,"3",2912321,"1",
"900160",-20000,"4",2912321,"1",
"900160",-20000,"5",2912321,"1",
"900170",5156,"1",2912321,"1",
"900170",7481,"2",2912321,"1",
"900170",15690,"3",2912321,"1",
"900170",18927,"4",2912321,"1",
"900170",61932,"5",2912321,"1",
"980000",-12887,"1",2912321,"1",
"980000",-12209,"2",2912321,"1",
"980000",-1562,"3",2912321,"1",
"980000",-291,"4",2912321,"1",
"980000",44658,"5",2912321,"1",
"980070",-12887,"1",2912321,"1",
"980070",-12209,"2",2912321,"1",
"980070",-1562,"3",2912321,"1",
"980070",-291,"4",2912321,"1",
"980070",44658,"5",2912321,"1",
"900000",8841,"1",2912322,"1",
"900000",3481,"2",2912322,"1",
"900000",932,"3",2912322,"1",
"900000",244,"4",2912322,"1",
"900000",304,"5",2912322,"1",
"900160",-20000,"1",2912322,"1",
"900160",-20000,"2",2912322,"1",
"900160",-20000,"3",2912322,"1",
"900160",-20000,"4",2912322,"1",
"900160",-20000,"5",2912322,"1",
"900170",9906,"1",2912322,"1",
"900170",31437,"2",2912322,"1",
"900170",22273,"3",2912322,"1",
"900170",23886,"4",2912322,"1",
"900170",13211,"5",2912322,"1",
"980000",-1253,"1",2912322,"1",
"980000",14918,"2",2912322,"1",
"980000",3205,"3",2912322,"1",
"980000",4130,"4",2912322,"1",
"980000",-6485,"5",2912322,"1",
"980070",-1253,"1",2912322,"1",
"980070",14918,"2",2912322,"1",
"980070",3205,"3",2912322,"1",
"980070",4130,"4",2912322,"1",
"980070",-6485,"5",2912322,"1",
"900000",30000,"1",2912371,"1",
"900000",30000,"2",2912371,"1",
"900000",30000,"3",2912371,"1",
"900000",30000,"4",2912371,"1",
"900000",30000,"5",2912371,"1",
"900170",30000,"1",2912371,"1",
"900170",30000,"2",2912371,"1",
"900170",30000,"3",2912371,"1",
"900170",30000,"4",2912371,"1",
"900170",30000,"5",2912371,"1",
"950002",4000,"1",2912371,"1",
"950002",4000,"2",2912371,"1",
"950002",4000,"3",2912371,"1",
"950002",4000,"4",2912371,"1",
"950002",4000,"5",2912371,"1",
"980000",60000,"1",2912371,"1",
"980000",60000,"2",2912371,"1",
"980000",60000,"3",2912371,"1",
"980000",60000,"4",2912371,"1",
"980000",60000,"5",2912371,"1",
"980070",55200,"1",2912371,"1",
"980070",55200,"2",2912371,"1",
"980070",55200,"3",2912371,"1",
"980070",55200,"4",2912371,"1",
"980070",55200,"5",2912371,"1",
"900000",30000,"1",2912372,"1",
"900000",30000,"2",2912372,"1",
"900000",30000,"3",2912372,"1",
"900000",30000,"4",2912372,"1",
"900000",30000,"5",2912372,"1",
"900170",30000,"1",2912372,"1",
"900170",30000,"2",2912372,"1",
"900170",30000,"3",2912372,"1",
"900170",30000,"4",2912372,"1",
"900170",30000,"5",2912372,"1",
"950002",4000,"1",2912372,"1",
"950002",4000,"2",2912372,"1",
"950002",4000,"3",2912372,"1",
"950002",4000,"4",2912372,"1",
"950002",4000,"5",2912372,"1",
"980000",60000,"1",2912372,"1",
"980000",60000,"2",2912372,"1",
"980000",60000,"3",2912372,"1",
"980000",60000,"4",2912372,"1",
"980000",60000,"5",2912372,"1",
"980070",55200,"1",2912372,"1",
"980070",55200,"2",2912372,"1",
"980070",55200,"3",2912372,"1",
"980070",55200,"4",2912372,"1",
"980070",55200,"5",2912372,"1",
"800940",10967,"1",2912381,"1","T"
"800940",10967,"2",2912381,"1","T"
"800940",10967,"3",2912381,"1","T"
"800940",10967,"4",2912381,"1","T"
"800940",10967,"5",2912381,"1","T"
"900000",96000,"1",2912381,"1",
"900000",96000,"2",2912381,"1",
"900000",96000,"3",2912381,"1",
"900000",96000,"4",2912381,"1",
"900000",96000,"5",2912381,"1",
"900030",43318,"1",2912381,"1",
"900030",43318,"2",2912381,"1",
"900030",43318,"3",2912381,"1",
"900030",43318,"4",2912381,"1",
"900030",43318,"5",2912381,"1",
"900160",96000,"1",2912381,"1",
"900160",96000,"2",2912381,"1",
"900160",96000,"3",2912381,"1",
"900160",96000,"4",2912381,"1",
"900160",96000,"5",2912381,"1",
"900170",68000,"1",2912381,"1",
"900170",68000,"2",2912381,"1",
"900170",68000,"3",2912381,"1",
"900170",68000,"4",2912381,"1",
"900170",68000,"5",2912381,"1",
"900180",3229,"1",2912381,"1",
"900180",3985,"2",2912381,"1",
"900180",3203,"3",2912381,"1",
"900180",3197,"4",2912381,"1",
"900180",3293,"5",2912381,"1",
"980000",306547,"1",2912381,"1",
"980000",307303,"2",2912381,"1",
"980000",306521,"3",2912381,"1",
"980000",306515,"4",2912381,"1",
"980000",306611,"5",2912381,"1",
"980070",294647,"1",2912381,"1",
"980070",295403,"2",2912381,"1",
"980070",294621,"3",2912381,"1",
"980070",294615,"4",2912381,"1",
"980070",294711,"5",2912381,"1",
"800940",10967,"1",2912382,"1","T"
"800940",10967,"2",2912382,"1","T"
"800940",10967,"3",2912382,"1","T"
"800940",10967,"4",2912382,"1","T"
"800940",10967,"5",2912382,"1","T"
"900000",96000,"1",2912382,"1",
"900000",96000,"2",2912382,"1",
"900000",96000,"3",2912382,"1",
"900000",96000,"4",2912382,"1",
"900000",96000,"5",2912382,"1",
"900030",43318,"1",2912382,"1",
"900030",43318,"2",2912382,"1",
"900030",43318,"3",2912382,"1",
"900030",43318,"4",2912382,"1",
"900030",43318,"5",2912382,"1",
"900160",96000,"1",2912382,"1",
"900160",96000,"2",2912382,"1",
"900160",96000,"3",2912382,"1",
"900160",96000,"4",2912382,"1",
"900160",96000,"5",2912382,"1",
"900170",68000,"1",2912382,"1",
"900170",68000,"2",2912382,"1",
"900170",68000,"3",2912382,"1",
"900170",68000,"4",2912382,"1",
"900170",68000,"5",2912382,"1",
"900180",3093,"1",2912382,"1",
"900180",3155,"2",2912382,"1",
"900180",3106,"3",2912382,"1",
"900180",3161,"4",2912382,"1",
"900180",3974,"5",2912382,"1",
"980000",306411,"1",2912382,"1",
"980000",306473,"2",2912382,"1",
"980000",306424,"3",2912382,"1",
"980000",306479,"4",2912382,"1",
"980000",307292,"5",2912382,"1",
"980070",294511,"1",2912382,"1",
"980070",294573,"2",2912382,"1",
"980070",294524,"3",2912382,"1",
"980070",294579,"4",2912382,"1",
"980070",295392,"5",2912382,"1",
"900000",49000,"1",2912411,"1",
"900000",49000,"2",2912411,"1",
"900000",49000,"3",2912411,"1",
"900000",49000,"4",2912411,"1",
"900000",49000,"5",2912411,"1",
"980000",49000,"1",2912411,"1",
"980000",49000,"2",2912411,"1",
"980000",49000,"3",2912411,"1",
"980000",49000,"4",2912411,"1",
"980000",49000,"5",2912411,"1",
"980070",49000,"1",2912411,"1",
"980070",49000,"2",2912411,"1",
"980070",49000,"3",2912411,"1",
"980070",49000,"4",2912411,"1",
"980070",49000,"5",2912411,"1",
"900000",49000,"1",2912412,"1",
"900000",49000,"2",2912412,"1",
"900000",49000,"3",2912412,"1",
"900000",49000,"4",2912412,"1",
"900000",49000,"5",2912412,"1",
"980000",49000,"1",2912412,"1",
"980000",49000,"2",2912412,"1",
"980000",49000,"3",2912412,"1",
"980000",49000,"4",2912412,"1",
"980000",49000,"5",2912412,"1",
"980070",49000,"1",2912412,"1",
"980070",49000,"2",2912412,"1",
"980070",49000,"3",2912412,"1",
"980070",49000,"4",2912412,"1",
"980070",49000,"5",2912412,"1",
"900000",55744,"1",2912421,"1",
"900000",55744,"2",2912421,"1",
"900000",55744,"3",2912421,"1",
"900000",55744,"4",2912421,"1",
"900000",55744,"5",2912421,"1",
"980000",55744,"1",2912421,"1",
"980000",55744,"2",2912421,"1",
"980000",55744,"3",2912421,"1",
"980000",55744,"4",2912421,"1",
"980000",55744,"5",2912421,"1",
"980070",55744,"1",2912421,"1",
"980070",55744,"2",2912421,"1",
"980070",55744,"3",2912421,"1",
"980070",55744,"4",2912421,"1",
"980070",55744,"5",2912421,"1",
"900000",55744,"1",2912422,"1",
"900000",55744,"2",2912422,"1",
"900000",55744,"3",2912422,"1",
"900000",55744,"4",2912422,"1",
"900000",55744,"5",2912422,"1",
"980000",55744,"1",2912422,"1",
"980000",55744,"2",2912422,"1",
"980000",55744,"3",2912422,"1",
"980000",55744,"4",2912422,"1",
"980000",55744,"5",2912422,"1",
"980070",55744,"1",2912422,"1",
"980070",55744,"2",2912422,"1",
"980070",55744,"3",2912422,"1",
"980070",55744,"4",2912422,"1",
"980070",55744,"5",2912422,"1",
"900030",13259,"1",2912451,"1",
"900030",13259,"2",2912451,"1",
"900030",13259,"3",2912451,"1",
"900030",13259,"4",2912451,"1",
"900030",13259,"5",2912451,"1",
"900170",1200,"1",2912451,"1",
"900170",1200,"2",2912451,"1",
"900170",1200,"3",2912451,"1",
"900170",1200,"4",2912451,"1",
"900170",1200,"5",2912451,"1",
"900180",5,"1",2912451,"1",
"900180",5,"2",2912451,"1",
"900180",5,"3",2912451,"1",
"900180",5,"4",2912451,"1",
"900180",5,"5",2912451,"1",
"980000",14464,"1",2912451,"1",
"980000",14464,"2",2912451,"1",
"980000",14464,"3",2912451,"1",
"980000",14464,"4",2912451,"1",
"980000",14464,"5",2912451,"1",
"980070",14464,"1",2912451,"1",
"980070",14464,"2",2912451,"1",
"980070",14464,"3",2912451,"1",
"980070",14464,"4",2912451,"1",
"980070",14464,"5",2912451,"1",
"900030",13259,"1",2912452,"1",
"900030",13259,"2",2912452,"1",
"900030",13259,"3",2912452,"1",
"900030",13259,"4",2912452,"1",
"900030",13259,"5",2912452,"1",
"900170",1200,"1",2912452,"1",
"900170",1200,"2",2912452,"1",
"900170",1200,"3",2912452,"1",
"900170",1200,"4",2912452,"1",
"900170",1200,"5",2912452,"1",
"900180",5,"1",2912452,"1",
"900180",5,"2",2912452,"1",
"900180",5,"3",2912452,"1",
"900180",5,"4",2912452,"1",
"900180",5,"5",2912452,"1",
"980000",14464,"1",2912452,"1",
"980000",14464,"2",2912452,"1",
"980000",14464,"3",2912452,"1",
"980000",14464,"4",2912452,"1",
"980000",14464,"5",2912452,"1",
"980070",14464,"1",2912452,"1",
"980070",14464,"2",2912452,"1",
"980070",14464,"3",2912452,"1",
"980070",14464,"4",2912452,"1",
"980070",14464,"5",2912452,"1",
"900000",17000,"1",2912481,"1",
"900000",17000,"2",2912481,"1",
"900000",17000,"3",2912481,"1",
"900000",17000,"4",2912481,"1",
"900000",17000,"5",2912481,"1",
"980000",17000,"1",2912481,"1",
"980000",17000,"2",2912481,"1",
"980000",17000,"3",2912481,"1",
"980000",17000,"4",2912481,"1",
"980000",17000,"5",2912481,"1",
"980070",24000,"1",2912481,"1",
"980070",24000,"2",2912481,"1",
"980070",24000,"3",2912481,"1",
"980070",24000,"4",2912481,"1",
"980070",24000,"5",2912481,"1",
"900000",17000,"1",2912482,"1",
"900000",17000,"2",2912482,"1",
"900000",17000,"3",2912482,"1",
"900000",17000,"4",2912482,"1",
"900000",17000,"5",2912482,"1",
"980000",17000,"1",2912482,"1",
"980000",17000,"2",2912482,"1",
"980000",17000,"3",2912482,"1",
"980000",17000,"4",2912482,"1",
"980000",17000,"5",2912482,"1",
"980070",24000,"1",2912482,"1",
"980070",24000,"2",2912482,"1",
"980070",24000,"3",2912482,"1",
"980070",24000,"4",2912482,"1",
"980070",24000,"5",2912482,"1",
"900000",25088,"1",2912491,"1",
"900000",139394,"2",2912491,"1",
"900000",86997,"3",2912491,"1",
"900000",56538,"4",2912491,"1",
"900000",19891,"5",2912491,"1",
"980000",25088,"1",2912491,"1",
"980000",139394,"2",2912491,"1",
"980000",86997,"3",2912491,"1",
"980000",56538,"4",2912491,"1",
"980000",19891,"5",2912491,"1",
"980070",25088,"1",2912491,"1",
"980070",139394,"2",2912491,"1",
"980070",86997,"3",2912491,"1",
"980070",56538,"4",2912491,"1",
"980070",19891,"5",2912491,"1",
"900000",78000,"1",2912501,"1",
"900000",78000,"2",2912501,"1",
"900000",78000,"3",2912501,"1",
"900000",78000,"4",2912501,"1",
"900000",78000,"5",2912501,"1",
"980000",78000,"1",2912501,"1",
"980000",78000,"2",2912501,"1",
"980000",78000,"3",2912501,"1",
"980000",78000,"4",2912501,"1",
"980000",78000,"5",2912501,"1",
"980070",78700,"1",2912501,"1",
"980070",78700,"2",2912501,"1",
"980070",78700,"3",2912501,"1",
"980070",78700,"4",2912501,"1",
"980070",78700,"5",2912501,"1",
"900000",78000,"1",2912502,"1",
"900000",78000,"2",2912502,"1",
"900000",78000,"3",2912502,"1",
"900000",78000,"4",2912502,"1",
"900000",78000,"5",2912502,"1",
"980000",78000,"1",2912502,"1",
"980000",78000,"2",2912502,"1",
"980000",78000,"3",2912502,"1",
"980000",78000,"4",2912502,"1",
"980000",78000,"5",2912502,"1",
"980070",78700,"1",2912502,"1",
"980070",78700,"2",2912502,"1",
"980070",78700,"3",2912502,"1",
"980070",78700,"4",2912502,"1",
"980070",78700,"5",2912502,"1",
"900000",163000,"1",2912511,"1",
"900000",163000,"2",2912511,"1",
"900000",163000,"3",2912511,"1",
"900000",163000,"4",2912511,"1",
"900000",163000,"5",2912511,"1",
"900200",2800,"1",2912511,"1",
"900200",2800,"2",2912511,"1",
"900200",2800,"3",2912511,"1",
"900200",2800,"4",2912511,"1",
"900200",2800,"5",2912511,"1",
"980000",165800,"1",2912511,"1",
"980000",165800,"2",2912511,"1",
"980000",165800,"3",2912511,"1",
"980000",165800,"4",2912511,"1",
"980000",165800,"5",2912511,"1",
"980070",167200,"1",2912511,"1",
"980070",167200,"2",2912511,"1",
"980070",167200,"3",2912511,"1",
"980070",167200,"4",2912511,"1",
"980070",167200,"5",2912511,"1",
"900000",163000,"1",2912512,"1",
"900000",163000,"2",2912512,"1",
"900000",163000,"3",2912512,"1",
"900000",163000,"4",2912512,"1",
"900000",163000,"5",2912512,"1",
"900200",2800,"1",2912512,"1",
"900200",2800,"2",2912512,"1",
"900200",2800,"3",2912512,"1",
"900200",2800,"4",2912512,"1",
"900200",2800,"5",2912512,"1",
"980000",165800,"1",2912512,"1",
"980000",165800,"2",2912512,"1",
"980000",165800,"3",2912512,"1",
"980000",165800,"4",2912512,"1",
"980000",165800,"5",2912512,"1",
"980070",167200,"1",2912512,"1",
"980070",167200,"2",2912512,"1",
"980070",167200,"3",2912512,"1",
"980070",167200,"4",2912512,"1",
"980070",167200,"5",2912512,"1",
"900000",205487,"1",2912531,"1","T"
"900000",205487,"2",2912531,"1","T"
"900000",205487,"3",2912531,"1","T"
"900000",205487,"4",2912531,"1","T"
"900000",205487,"5",2912531,"1","T"
"980000",205487,"1",2912531,"1","T"
"980000",205487,"2",2912531,"1","T"
"980000",205487,"3",2912531,"1","T"
"980000",205487,"4",2912531,"1","T"
"980000",205487,"5",2912531,"1","T"
"980070",205487,"1",2912531,"1","T"
"980070",205487,"2",2912531,"1","T"
"980070",205487,"3",2912531,"1","T"
"980070",205487,"4",2912531,"1","T"
"980070",205487,"5",2912531,"1","T"
"900000",205487,"1",2912532,"1","T"
"900000",205487,"2",2912532,"1","T"
"900000",205487,"3",2912532,"1","T"
"900000",205487,"4",2912532,"1","T"
"900000",205487,"5",2912532,"1","T"
"980000",205487,"1",2912532,"1","T"
"980000",205487,"2",2912532,"1","T"
"980000",205487,"3",2912532,"1","T"
"980000",205487,"4",2912532,"1","T"
"980000",205487,"5",2912532,"1","T"
"980070",205487,"1",2912532,"1","T"
"980070",205487,"2",2912532,"1","T"
"980070",205487,"3",2912532,"1","T"
"980070",205487,"4",2912532,"1","T"
"980070",205487,"5",2912532,"1","T"
"900000",62933,"1",2912541,"1",
"900000",33230,"2",2912541,"1",
"900000",25073,"3",2912541,"1",
"900000",23502,"4",2912541,"1",
"900000",57494,"5",2912541,"1",
"980000",62933,"1",2912541,"1",
"980000",33230,"2",2912541,"1",
"980000",25073,"3",2912541,"1",
"980000",23502,"4",2912541,"1",
"980000",57494,"5",2912541,"1",
"980070",62933,"1",2912541,"1",
"980070",33230,"2",2912541,"1",
"980070",25073,"3",2912541,"1",
"980070",23502,"4",2912541,"1",
"980070",57494,"5",2912541,"1",
"900000",47501,"1",2912542,"1",
"900000",29622,"2",2912542,"1",
"900000",48920,"3",2912542,"1",
"900000",59264,"4",2912542,"1",
"900000",41966,"5",2912542,"1",
"980000",47501,"1",2912542,"1",
"980000",29622,"2",2912542,"1",
"980000",48920,"3",2912542,"1",
"980000",59264,"4",2912542,"1",
"980000",41966,"5",2912542,"1",
"980070",47501,"1",2912542,"1",
"980070",29622,"2",2912542,"1",
"980070",48920,"3",2912542,"1",
"980070",59264,"4",2912542,"1",
"980070",41966,"5",2912542,"1",
"900160",232849,"1",2912551,"1",
"900160",170923,"2",2912551,"1",
"900160",17896,"3",2912551,"1",
"900160",192765,"4",2912551,"1",
"900160",302212,"5",2912551,"1",
"900180",38657,"1",2912551,"1","T"
"900180",38657,"2",2912551,"1","T"
"900180",38657,"3",2912551,"1","T"
"900180",38657,"4",2912551,"1","T"
"900180",38657,"5",2912551,"1","T"
"980000",221986,"1",2912551,"1","T"
"980000",221986,"2",2912551,"1","T"
"980000",221986,"3",2912551,"1","T"
"980000",221986,"4",2912551,"1","T"
"980000",221986,"5",2912551,"1","T"
"980070",208986,"1",2912551,"1","T"
"980070",208986,"2",2912551,"1","T"
"980070",208986,"3",2912551,"1","T"
"980070",208986,"4",2912551,"1","T"
"980070",208986,"5",2912551,"1","T"
"900160",39847,"1",2912552,"1",
"900160",38760,"2",2912552,"1",
"900160",100865,"3",2912552,"1",
"900160",36716,"4",2912552,"1",
"900160",180469,"5",2912552,"1",
"900180",3,"1",2912552,"1",
"900180",24160,"2",2912552,"1",
"900180",51,"3",2912552,"1",
"900180",5,"4",2912552,"1",
"900180",10,"5",2912552,"1",
"980000",39850,"1",2912552,"1",
"980000",62920,"2",2912552,"1",
"980000",100916,"3",2912552,"1",
"980000",36721,"4",2912552,"1",
"980000",180479,"5",2912552,"1",
"980070",26850,"1",2912552,"1",
"980070",49920,"2",2912552,"1",
"980070",87916,"3",2912552,"1",
"980070",23721,"4",2912552,"1",
"980070",167479,"5",2912552,"1",
"900000",20832,"1",2912562,"1",
"900000",27077,"2",2912562,"1",
"900000",28013,"3",2912562,"1",
"900000",26238,"4",2912562,"1",
"900000",23861,"5",2912562,"1",
"900170",1212,"1",2912562,"1",
"900170",1212,"2",2912562,"1",
"900170",1212,"3",2912562,"1",
"900170",1212,"4",2912562,"1",
"900170",1212,"5",2912562,"1",
"980000",22044,"1",2912562,"1",
"980000",28289,"2",2912562,"1",
"980000",29225,"3",2912562,"1",
"980000",27450,"4",2912562,"1",
"980000",25073,"5",2912562,"1",
"980070",22856,"1",2912562,"1",
"980070",29101,"2",2912562,"1",
"980070",30037,"3",2912562,"1",
"980070",28262,"4",2912562,"1",
"980070",25885,"5",2912562,"1",
"900000",55000,"1",2912571,"1",
"900000",55000,"2",2912571,"1",
"900000",55000,"3",2912571,"1",
"900000",55000,"4",2912571,"1",
"900000",55000,"5",2912571,"1",
"950002",5638,"1",2912571,"1",
"950002",5638,"2",2912571,"1",
"950002",5638,"3",2912571,"1",
"950002",5638,"4",2912571,"1",
"950002",5638,"5",2912571,"1",
"950012",1755,"1",2912571,"1",
"950012",1755,"2",2912571,"1",
"950012",1755,"3",2912571,"1",
"950012",1755,"4",2912571,"1",
"950012",1755,"5",2912571,"1",
"980000",55000,"1",2912571,"1",
"980000",55000,"2",2912571,"1",
"980000",55000,"3",2912571,"1",
"980000",55000,"4",2912571,"1",
"980000",55000,"5",2912571,"1",
"980070",47607,"1",2912571,"1",
"980070",47607,"2",2912571,"1",
"980070",47607,"3",2912571,"1",
"980070",47607,"4",2912571,"1",
"980070",47607,"5",2912571,"1",
"900000",55000,"1",2912572,"1",
"900000",55000,"2",2912572,"1",
"900000",55000,"3",2912572,"1",
"900000",55000,"4",2912572,"1",
"900000",55000,"5",2912572,"1",
"950002",5638,"1",2912572,"1",
"950002",5638,"2",2912572,"1",
"950002",5638,"3",2912572,"1",
"950002",5638,"4",2912572,"1",
"950002",5638,"5",2912572,"1",
"950012",1755,"1",2912572,"1",
"950012",1755,"2",2912572,"1",
"950012",1755,"3",2912572,"1",
"950012",1755,"4",2912572,"1",
"950012",1755,"5",2912572,"1",
"980000",55000,"1",2912572,"1",
"980000",55000,"2",2912572,"1",
"980000",55000,"3",2912572,"1",
"980000",55000,"4",2912572,"1",
"980000",55000,"5",2912572,"1",
"980070",47607,"1",2912572,"1",
"980070",47607,"2",2912572,"1",
"980070",47607,"3",2912572,"1",
"980070",47607,"4",2912572,"1",
"980070",47607,"5",2912572,"1",
"900000",119967,"1",2912591,"1",
"900000",117913,"2",2912591,"1",
"900000",104755,"3",2912591,"1",
"900000",106605,"4",2912591,"1",
"900000",103686,"5",2912591,"1",
"900030",25379,"1",2912591,"1",
"900030",25379,"2",2912591,"1",
"900030",25379,"3",2912591,"1",
"900030",25379,"4",2912591,"1",
"900030",25379,"5",2912591,"1",
"900170",3145,"1",2912591,"1",
"900170",3145,"2",2912591,"1",
"900170",3145,"3",2912591,"1",
"900170",3145,"4",2912591,"1",
"900170",3145,"5",2912591,"1",
"900180",102,"1",2912591,"1",
"900180",102,"2",2912591,"1",
"900180",102,"3",2912591,"1",
"900180",102,"4",2912591,"1",
"900180",102,"5",2912591,"1",
"900190",-7157,"1",2912591,"1",
"900190",-7157,"2",2912591,"1",
"900190",-7157,"3",2912591,"1",
"900190",-7157,"4",2912591,"1",
"900190",-7157,"5",2912591,"1",
"980000",141436,"1",2912591,"1",
"980000",139382,"2",2912591,"1",
"980000",126224,"3",2912591,"1",
"980000",128074,"4",2912591,"1",
"980000",125155,"5",2912591,"1",
"980070",142817,"1",2912591,"1",
"980070",140763,"2",2912591,"1",
"980070",127605,"3",2912591,"1",
"980070",129455,"4",2912591,"1",
"980070",126536,"5",2912591,"1",
"900000",98137,"1",2912592,"1",
"900000",105559,"2",2912592,"1",
"900000",98955,"3",2912592,"1",
"900000",112291,"4",2912592,"1",
"900000",99000,"5",2912592,"1",
"900030",25379,"1",2912592,"1",
"900030",25379,"2",2912592,"1",
"900030",25379,"3",2912592,"1",
"900030",25379,"4",2912592,"1",
"900030",25379,"5",2912592,"1",
"900170",3145,"1",2912592,"1",
"900170",3145,"2",2912592,"1",
"900170",3145,"3",2912592,"1",
"900170",3145,"4",2912592,"1",
"900170",3145,"5",2912592,"1",
"900180",102,"1",2912592,"1",
"900180",102,"2",2912592,"1",
"900180",102,"3",2912592,"1",
"900180",102,"4",2912592,"1",
"900180",102,"5",2912592,"1",
"900190",-7157,"1",2912592,"1",
"900190",-7157,"2",2912592,"1",
"900190",-7157,"3",2912592,"1",
"900190",-7157,"4",2912592,"1",
"900190",-7157,"5",2912592,"1",
"980000",119606,"1",2912592,"1",
"980000",127028,"2",2912592,"1",
"980000",120424,"3",2912592,"1",
"980000",133760,"4",2912592,"1",
"980000",120469,"5",2912592,"1",
"980070",120987,"1",2912592,"1",
"980070",128409,"2",2912592,"1",
"980070",121805,"3",2912592,"1",
"980070",135141,"4",2912592,"1",
"980070",121850,"5",2912592,"1",
"800940",10967,"1",2912641,"1","T"
"800940",10967,"2",2912641,"1","T"
"800940",10967,"3",2912641,"1","T"
"800940",10967,"4",2912641,"1","T"
"800940",10967,"5",2912641,"1","T"
"900000",133000,"1",2912641,"1",
"900000",133000,"2",2912641,"1",
"900000",133000,"3",2912641,"1",
"900000",133000,"4",2912641,"1",
"900000",133000,"5",2912641,"1",
"900160",6000,"1",2912641,"1",
"900160",6000,"2",2912641,"1",
"900160",6000,"3",2912641,"1",
"900160",6000,"4",2912641,"1",
"900160",6000,"5",2912641,"1",
"900200",5400,"1",2912641,"1",
"900200",5400,"2",2912641,"1",
"900200",5400,"3",2912641,"1",
"900200",5400,"4",2912641,"1",
"900200",5400,"5",2912641,"1",
"980000",144400,"1",2912641,"1",
"980000",144400,"2",2912641,"1",
"980000",144400,"3",2912641,"1",
"980000",144400,"4",2912641,"1",
"980000",144400,"5",2912641,"1",
"980070",147400,"1",2912641,"1",
"980070",147400,"2",2912641,"1",
"980070",147400,"3",2912641,"1",
"980070",147400,"4",2912641,"1",
"980070",147400,"5",2912641,"1",
"800940",10967,"1",2912642,"1","T"
"800940",10967,"2",2912642,"1","T"
"800940",10967,"3",2912642,"1","T"
"800940",10967,"4",2912642,"1","T"
"800940",10967,"5",2912642,"1","T"
"900000",133000,"1",2912642,"1",
"900000",133000,"2",2912642,"1",
"900000",133000,"3",2912642,"1",
"900000",133000,"4",2912642,"1",
"900000",133000,"5",2912642,"1",
"900160",6000,"1",2912642,"1",
"900160",6000,"2",2912642,"1",
"900160",6000,"3",2912642,"1",
"900160",6000,"4",2912642,"1",
"900160",6000,"5",2912642,"1",
"900200",5400,"1",2912642,"1",
"900200",5400,"2",2912642,"1",
"900200",5400,"3",2912642,"1",
"900200",5400,"4",2912642,"1",
"900200",5400,"5",2912642,"1",
"980000",144400,"1",2912642,"1",
"980000",144400,"2",2912642,"1",
"980000",144400,"3",2912642,"1",
"980000",144400,"4",2912642,"1",
"980000",144400,"5",2912642,"1",
"980070",147400,"1",2912642,"1",
"980070",147400,"2",2912642,"1",
"980070",147400,"3",2912642,"1",
"980070",147400,"4",2912642,"1",
"980070",147400,"5",2912642,"1",
"800940",5447,"1",2912651,"1",
"800940",5447,"2",2912651,"1",
"800940",5447,"3",2912651,"1",
"800940",5447,"4",2912651,"1",
"800940",5447,"5",2912651,"1",
"900000",99000,"1",2912651,"1",
"900000",99000,"2",2912651,"1",
"900000",99000,"3",2912651,"1",
"900000",99000,"4",2912651,"1",
"900000",99000,"5",2912651,"1",
"900160",9600,"1",2912651,"1",
"900160",9600,"2",2912651,"1",
"900160",9600,"3",2912651,"1",
"900160",9600,"4",2912651,"1",
"900160",9600,"5",2912651,"1",
"980000",108600,"1",2912651,"1",
"980000",108600,"2",2912651,"1",
"980000",108600,"3",2912651,"1",
"980000",108600,"4",2912651,"1",
"980000",108600,"5",2912651,"1",
"980070",110400,"1",2912651,"1",
"980070",110400,"2",2912651,"1",
"980070",110400,"3",2912651,"1",
"980070",110400,"4",2912651,"1",
"980070",110400,"5",2912651,"1",
"800940",5447,"1",2912652,"1",
"800940",5447,"2",2912652,"1",
"800940",5447,"3",2912652,"1",
"800940",5447,"4",2912652,"1",
"800940",5447,"5",2912652,"1",
"900000",99000,"1",2912652,"1",
"900000",99000,"2",2912652,"1",
"900000",99000,"3",2912652,"1",
"900000",99000,"4",2912652,"1",
"900000",99000,"5",2912652,"1",
"900160",9600,"1",2912652,"1",
"900160",9600,"2",2912652,"1",
"900160",9600,"3",2912652,"1",
"900160",9600,"4",2912652,"1",
"900160",9600,"5",2912652,"1",
"980000",108600,"1",2912652,"1",
"980000",108600,"2",2912652,"1",
"980000",108600,"3",2912652,"1",
"980000",108600,"4",2912652,"1",
"980000",108600,"5",2912652,"1",
"980070",110400,"1",2912652,"1",
"980070",110400,"2",2912652,"1",
"980070",110400,"3",2912652,"1",
"980070",110400,"4",2912652,"1",
"980070",110400,"5",2912652,"1",
"900090",640,"1",2912661,"1",
"900090",640,"2",2912661,"1",
"900090",640,"3",2912661,"1",
"900090",640,"4",2912661,"1",
"900090",640,"5",2912661,"1",
"900120",4344,"1",2912661,"1",
"900120",4344,"2",2912661,"1",
"900120",4344,"3",2912661,"1",
"900120",4344,"4",2912661,"1",
"900120",4344,"5",2912661,"1",
"900140",900,"1",2912661,"1",
"900140",900,"2",2912661,"1",
"900140",900,"3",2912661,"1",
"900140",900,"4",2912661,"1",
"900140",900,"5",2912661,"1",
"900150",420,"1",2912661,"1",
"900150",420,"2",2912661,"1",
"900150",420,"3",2912661,"1",
"900150",420,"4",2912661,"1",
"900150",420,"5",2912661,"1",
"980000",6304,"1",2912661,"1",
"980000",6304,"2",2912661,"1",
"980000",6304,"3",2912661,"1",
"980000",6304,"4",2912661,"1",
"980000",6304,"5",2912661,"1",
"980070",6304,"1",2912661,"1",
"980070",6304,"2",2912661,"1",
"980070",6304,"3",2912661,"1",
"980070",6304,"4",2912661,"1",
"980070",6304,"5",2912661,"1",
"900090",640,"1",2912662,"1",
"900090",640,"2",2912662,"1",
"900090",640,"3",2912662,"1",
"900090",640,"4",2912662,"1",
"900090",640,"5",2912662,"1",
"900120",4344,"1",2912662,"1",
"900120",4344,"2",2912662,"1",
"900120",4344,"3",2912662,"1",
"900120",4344,"4",2912662,"1",
"900120",4344,"5",2912662,"1",
"900140",900,"1",2912662,"1",
"900140",900,"2",2912662,"1",
"900140",900,"3",2912662,"1",
"900140",900,"4",2912662,"1",
"900140",900,"5",2912662,"1",
"900150",420,"1",2912662,"1",
"900150",420,"2",2912662,"1",
"900150",420,"3",2912662,"1",
"900150",420,"4",2912662,"1",
"900150",420,"5",2912662,"1",
"980000",6304,"1",2912662,"1",
"980000",6304,"2",2912662,"1",
"980000",6304,"3",2912662,"1",
"980000",6304,"4",2912662,"1",
"980000",6304,"5",2912662,"1",
"980070",6304,"1",2912662,"1",
"980070",6304,"2",2912662,"1",
"980070",6304,"3",2912662,"1",
"980070",6304,"4",2912662,"1",
"980070",6304,"5",2912662,"1",
"900000",210000,"1",2912681,"1",
"900000",210000,"2",2912681,"1",
"900000",210000,"3",2912681,"1",
"900000",210000,"4",2912681,"1",
"900000",210000,"5",2912681,"1",
"900140",1500,"1",2912681,"1",
"900140",1500,"2",2912681,"1",
"900140",1500,"3",2912681,"1",
"900140",1500,"4",2912681,"1",
"900140",1500,"5",2912681,"1",
"900180",90,"1",2912681,"1",
"900180",90,"2",2912681,"1",
"900180",90,"3",2912681,"1",
"900180",90,"4",2912681,"1",
"900180",90,"5",2912681,"1",
"980000",211590,"1",2912681,"1",
"980000",211590,"2",2912681,"1",
"980000",211590,"3",2912681,"1",
"980000",211590,"4",2912681,"1",
"980000",211590,"5",2912681,"1",
"980070",211590,"1",2912681,"1",
"980070",211590,"2",2912681,"1",
"980070",211590,"3",2912681,"1",
"980070",211590,"4",2912681,"1",
"980070",211590,"5",2912681,"1",
"900000",210000,"1",2912682,"1",
"900000",210000,"2",2912682,"1",
"900000",210000,"3",2912682,"1",
"900000",210000,"4",2912682,"1",
"900000",210000,"5",2912682,"1",
"900140",1500,"1",2912682,"1",
"900140",1500,"2",2912682,"1",
"900140",1500,"3",2912682,"1",
"900140",1500,"4",2912682,"1",
"900140",1500,"5",2912682,"1",
"900180",90,"1",2912682,"1",
"900180",90,"2",2912682,"1",
"900180",90,"3",2912682,"1",
"900180",90,"4",2912682,"1",
"900180",90,"5",2912682,"1",
"980000",211590,"1",2912682,"1",
"980000",211590,"2",2912682,"1",
"980000",211590,"3",2912682,"1",
"980000",211590,"4",2912682,"1",
"980000",211590,"5",2912682,"1",
"980070",211590,"1",2912682,"1",
"980070",211590,"2",2912682,"1",
"980070",211590,"3",2912682,"1",
"980070",211590,"4",2912682,"1",
"980070",211590,"5",2912682,"1",
"900000",10000,"1",2912691,"1",
"900000",10000,"2",2912691,"1",
"900000",10000,"3",2912691,"1",
"900000",10000,"4",2912691,"1",
"900000",10000,"5",2912691,"1",
"980000",10000,"1",2912691,"1",
"980000",10000,"2",2912691,"1",
"980000",10000,"3",2912691,"1",
"980000",10000,"4",2912691,"1",
"980000",10000,"5",2912691,"1",
"980070",10700,"1",2912691,"1",
"980070",10700,"2",2912691,"1",
"980070",10700,"3",2912691,"1",
"980070",10700,"4",2912691,"1",
"980070",10700,"5",2912691,"1",
"900000",10000,"1",2912692,"1",
"900000",10000,"2",2912692,"1",
"900000",10000,"3",2912692,"1",
"900000",10000,"4",2912692,"1",
"900000",10000,"5",2912692,"1",
"980000",10000,"1",2912692,"1",
"980000",10000,"2",2912692,"1",
"980000",10000,"3",2912692,"1",
"980000",10000,"4",2912692,"1",
"980000",10000,"5",2912692,"1",
"980070",10700,"1",2912692,"1",
"980070",10700,"2",2912692,"1",
"980070",10700,"3",2912692,"1",
"980070",10700,"4",2912692,"1",
"980070",10700,"5",2912692,"1",
"800940",26133,"1",2912701,"1","T"
"800940",26133,"2",2912701,"1","T"
"800940",26133,"3",2912701,"1","T"
"800940",26133,"4",2912701,"1","T"
"800940",26133,"5",2912701,"1","T"
"900000",36000,"1",2912701,"1",
"900000",36000,"2",2912701,"1",
"900000",36000,"3",2912701,"1",
"900000",36000,"4",2912701,"1",
"900000",36000,"5",2912701,"1",
"900160",66503,"1",2912701,"1",
"900160",66999,"2",2912701,"1",
"900160",88609,"3",2912701,"1",
"900160",32980,"4",2912701,"1",
"900160",104345,"5",2912701,"1",
"980000",102503,"1",2912701,"1",
"980000",102999,"2",2912701,"1",
"980000",124609,"3",2912701,"1",
"980000",68980,"4",2912701,"1",
"980000",140345,"5",2912701,"1",
"980070",102503,"1",2912701,"1",
"980070",102999,"2",2912701,"1",
"980070",124609,"3",2912701,"1",
"980070",68980,"4",2912701,"1",
"980070",140345,"5",2912701,"1",
"800940",20050,"1",2912702,"1","T"
"800940",20050,"2",2912702,"1","T"
"800940",20050,"3",2912702,"1","T"
"800940",20050,"4",2912702,"1","T"
"800940",20050,"5",2912702,"1","T"
"900000",36000,"1",2912702,"1",
"900000",36000,"2",2912702,"1",
"900000",36000,"3",2912702,"1",
"900000",36000,"4",2912702,"1",
"900000",36000,"5",2912702,"1",
"900160",73126,"1",2912702,"1",
"900160",99767,"2",2912702,"1",
"900160",65271,"3",2912702,"1",
"900160",144866,"4",2912702,"1",
"900160",68749,"5",2912702,"1",
"980000",109126,"1",2912702,"1",
"980000",135767,"2",2912702,"1",
"980000",101271,"3",2912702,"1",
"980000",180866,"4",2912702,"1",
"980000",104749,"5",2912702,"1",
"980070",109126,"1",2912702,"1",
"980070",135767,"2",2912702,"1",
"980070",101271,"3",2912702,"1",
"980070",180866,"4",2912702,"1",
"980070",104749,"5",2912702,"1",
"900000",20000,"1",2912731,"1",
"900000",20000,"2",2912731,"1",
"900000",20000,"3",2912731,"1",
"900000",20000,"4",2912731,"1",
"900000",20000,"5",2912731,"1",
"900140",7500,"1",2912731,"1",
"900140",7500,"2",2912731,"1",
"900140",7500,"3",2912731,"1",
"900140",7500,"4",2912731,"1",
"900140",7500,"5",2912731,"1",
"980000",27500,"1",2912731,"1",
"980000",27500,"2",2912731,"1",
"980000",27500,"3",2912731,"1",
"980000",27500,"4",2912731,"1",
"980000",27500,"5",2912731,"1",
"980070",29500,"1",2912731,"1",
"980070",29500,"2",2912731,"1",
"980070",29500,"3",2912731,"1",
"980070",29500,"4",2912731,"1",
"980070",29500,"5",2912731,"1",
"900000",20000,"1",2912732,"1",
"900000",20000,"2",2912732,"1",
"900000",20000,"3",2912732,"1",
"900000",20000,"4",2912732,"1",
"900000",20000,"5",2912732,"1",
"900140",7500,"1",2912732,"1",
"900140",7500,"2",2912732,"1",
"900140",7500,"3",2912732,"1",
"900140",7500,"4",2912732,"1",
"900140",7500,"5",2912732,"1",
"980000",27500,"1",2912732,"1",
"980000",27500,"2",2912732,"1",
"980000",27500,"3",2912732,"1",
"980000",27500,"4",2912732,"1",
"980000",27500,"5",2912732,"1",
"980070",29500,"1",2912732,"1",
"980070",29500,"2",2912732,"1",
"980070",29500,"3",2912732,"1",
"980070",29500,"4",2912732,"1",
"980070",29500,"5",2912732,"1",
"900000",52147,"1",2912751,"1",
"900000",59983,"2",2912751,"1",
"900000",44635,"3",2912751,"1",
"900000",93935,"4",2912751,"1",
"900000",64537,"5",2912751,"1",
"980000",52147,"1",2912751,"1",
"980000",59983,"2",2912751,"1",
"980000",44635,"3",2912751,"1",
"980000",93935,"4",2912751,"1",
"980000",64537,"5",2912751,"1",
"980070",52147,"1",2912751,"1",
"980070",59983,"2",2912751,"1",
"980070",44635,"3",2912751,"1",
"980070",93935,"4",2912751,"1",
"980070",64537,"5",2912751,"1",
"900000",2000,"1",2912771,"1",
"900000",2000,"2",2912771,"1",
"900000",2000,"3",2912771,"1",
"900000",2000,"4",2912771,"1",
"900000",2000,"5",2912771,"1",
"900210",1546,"1",2912771,"1",
"900210",2477,"2",2912771,"1",
"900210",62,"3",2912771,"1",
"900210",623,"4",2912771,"1",
"900210",6515,"5",2912771,"1",
"980000",3546,"1",2912771,"1",
"980000",4477,"2",2912771,"1",
"980000",2062,"3",2912771,"1",
"980000",2623,"4",2912771,"1",
"980000",8515,"5",2912771,"1",
"980070",9409,"1",2912771,"1",
"980070",10340,"2",2912771,"1",
"980070",7925,"3",2912771,"1",
"980070",8486,"4",2912771,"1",
"980070",14378,"5",2912771,"1",
"900000",2000,"1",2912772,"1",
"900000",2000,"2",2912772,"1",
"900000",2000,"3",2912772,"1",
"900000",2000,"4",2912772,"1",
"900000",2000,"5",2912772,"1",
"900210",551,"1",2912772,"1",
"900210",247,"2",2912772,"1",
"900210",30,"3",2912772,"1",
"900210",27,"4",2912772,"1",
"900210",11356,"5",2912772,"1",
"980000",2551,"1",2912772,"1",
"980000",2247,"2",2912772,"1",
"980000",2030,"3",2912772,"1",
"980000",2027,"4",2912772,"1",
"980000",13356,"5",2912772,"1",
"980070",8414,"1",2912772,"1",
"980070",8110,"2",2912772,"1",
"980070",7893,"3",2912772,"1",
"980070",7890,"4",2912772,"1",
"980070",19219,"5",2912772,"1",
"800940",21935,"1",2912781,"1","T"
"800940",21935,"2",2912781,"1","T"
"800940",21935,"3",2912781,"1","T"
"800940",21935,"4",2912781,"1","T"
"800940",21935,"5",2912781,"1","T"
"900000",340487,"1",2912781,"1","T"
"900000",340487,"2",2912781,"1","T"
"900000",340487,"3",2912781,"1","T"
"900000",340487,"4",2912781,"1","T"
"900000",340487,"5",2912781,"1","T"
"900160",72000,"1",2912781,"1",
"900160",72000,"2",2912781,"1",
"900160",72000,"3",2912781,"1",
"900160",72000,"4",2912781,"1",
"900160",72000,"5",2912781,"1",
"900180",1291,"1",2912781,"1",
"900180",1186,"2",2912781,"1",
"900180",1240,"3",2912781,"1",
"900180",1099,"4",2912781,"1",
"900180",1302,"5",2912781,"1",
"980000",413710,"1",2912781,"1","T"
"980000",413710,"2",2912781,"1","T"
"980000",413710,"3",2912781,"1","T"
"980000",413710,"4",2912781,"1","T"
"980000",413710,"5",2912781,"1","T"
"980070",413710,"1",2912781,"1","T"
"980070",413710,"2",2912781,"1","T"
"980070",413710,"3",2912781,"1","T"
"980070",413710,"4",2912781,"1","T"
"980070",413710,"5",2912781,"1","T"
"800940",21935,"1",2912782,"1","T"
"800940",21935,"2",2912782,"1","T"
"800940",21935,"3",2912782,"1","T"
"800940",21935,"4",2912782,"1","T"
"800940",21935,"5",2912782,"1","T"
"900000",340487,"1",2912782,"1","T"
"900000",340487,"2",2912782,"1","T"
"900000",340487,"3",2912782,"1","T"
"900000",340487,"4",2912782,"1","T"
"900000",340487,"5",2912782,"1","T"
"900160",72000,"1",2912782,"1",
"900160",72000,"2",2912782,"1",
"900160",72000,"3",2912782,"1",
"900160",72000,"4",2912782,"1",
"900160",72000,"5",2912782,"1",
"900180",1248,"1",2912782,"1",
"900180",1212,"2",2912782,"1",
"900180",1047,"3",2912782,"1",
"900180",1946,"4",2912782,"1",
"900180",1160,"5",2912782,"1",
"980000",413809,"1",2912782,"1","T"
"980000",413809,"2",2912782,"1","T"
"980000",413809,"3",2912782,"1","T"
"980000",413809,"4",2912782,"1","T"
"980000",413809,"5",2912782,"1","T"
"980070",413809,"1",2912782,"1","T"
"980070",413809,"2",2912782,"1","T"
"980070",413809,"3",2912782,"1","T"
"980070",413809,"4",2912782,"1","T"
"980070",413809,"5",2912782,"1","T"
"900000",51258,"1",2912801,"1",
"900000",103975,"2",2912801,"1",
"900000",38791,"3",2912801,"1",
"900000",55843,"4",2912801,"1",
"900000",131995,"5",2912801,"1",
"980000",51258,"1",2912801,"1",
"980000",103975,"2",2912801,"1",
"980000",38791,"3",2912801,"1",
"980000",55843,"4",2912801,"1",
"980000",131995,"5",2912801,"1",
"980070",51258,"1",2912801,"1",
"980070",103975,"2",2912801,"1",
"980070",38791,"3",2912801,"1",
"980070",55843,"4",2912801,"1",
"980070",131995,"5",2912801,"1",
"900000",123508,"1",2912802,"1",
"900000",49757,"2",2912802,"1",
"900000",73220,"3",2912802,"1",
"900000",51199,"4",2912802,"1",
"900000",61221,"5",2912802,"1",
"980000",123508,"1",2912802,"1",
"980000",49757,"2",2912802,"1",
"980000",73220,"3",2912802,"1",
"980000",51199,"4",2912802,"1",
"980000",61221,"5",2912802,"1",
"980070",123508,"1",2912802,"1",
"980070",49757,"2",2912802,"1",
"980070",73220,"3",2912802,"1",
"980070",51199,"4",2912802,"1",
"980070",61221,"5",2912802,"1",
"900000",72974,"1",2912821,"1",
"900000",145279,"2",2912821,"1",
"900000",28595,"3",2912821,"1",
"900000",96109,"4",2912821,"1",
"900000",74020,"5",2912821,"1",
"980000",72974,"1",2912821,"1",
"980000",145279,"2",2912821,"1",
"980000",28595,"3",2912821,"1",
"980000",96109,"4",2912821,"1",
"980000",74020,"5",2912821,"1",
"980070",72974,"1",2912821,"1",
"980070",145279,"2",2912821,"1",
"980070",28595,"3",2912821,"1",
"980070",96109,"4",2912821,"1",
"980070",74020,"5",2912821,"1",
"900000",262324,"1",2912822,"1","T"
"900000",262324,"2",2912822,"1","T"
"900000",262324,"3",2912822,"1","T"
"900000",262324,"4",2912822,"1","T"
"900000",262324,"5",2912822,"1","T"
"980000",262324,"1",2912822,"1","T"
"980000",262324,"2",2912822,"1","T"
"980000",262324,"3",2912822,"1","T"
"980000",262324,"4",2912822,"1","T"
"980000",262324,"5",2912822,"1","T"
"980070",262324,"1",2912822,"1","T"
"980070",262324,"2",2912822,"1","T"
"980070",262324,"3",2912822,"1","T"
"980070",262324,"4",2912822,"1","T"
"980070",262324,"5",2912822,"1","T"
"900030",6178,"1",2912831,"1",
"900030",6178,"2",2912831,"1",
"900030",6178,"3",2912831,"1",
"900030",6178,"4",2912831,"1",
"900030",6178,"5",2912831,"1",
"900170",2200,"1",2912831,"1",
"900170",2200,"2",2912831,"1",
"900170",2200,"3",2912831,"1",
"900170",2200,"4",2912831,"1",
"900170",2200,"5",2912831,"1",
"900180",2644,"1",2912831,"1",
"900180",2644,"2",2912831,"1",
"900180",2644,"3",2912831,"1",
"900180",2644,"4",2912831,"1",
"900180",2644,"5",2912831,"1",
"980000",11022,"1",2912831,"1",
"980000",11022,"2",2912831,"1",
"980000",11022,"3",2912831,"1",
"980000",11022,"4",2912831,"1",
"980000",11022,"5",2912831,"1",
"980070",11763,"1",2912831,"1",
"980070",11763,"2",2912831,"1",
"980070",11763,"3",2912831,"1",
"980070",11763,"4",2912831,"1",
"980070",11763,"5",2912831,"1",
"900030",6178,"1",2912832,"1",
"900030",6178,"2",2912832,"1",
"900030",6178,"3",2912832,"1",
"900030",6178,"4",2912832,"1",
"900030",6178,"5",2912832,"1",
"900170",2200,"1",2912832,"1",
"900170",2200,"2",2912832,"1",
"900170",2200,"3",2912832,"1",
"900170",2200,"4",2912832,"1",
"900170",2200,"5",2912832,"1",
"900180",2644,"1",2912832,"1",
"900180",2644,"2",2912832,"1",
"900180",2644,"3",2912832,"1",
"900180",2644,"4",2912832,"1",
"900180",2644,"5",2912832,"1",
"980000",11022,"1",2912832,"1",
"980000",11022,"2",2912832,"1",
"980000",11022,"3",2912832,"1",
"980000",11022,"4",2912832,"1",
"980000",11022,"5",2912832,"1",
"980070",11763,"1",2912832,"1",
"980070",11763,"2",2912832,"1",
"980070",11763,"3",2912832,"1",
"980070",11763,"4",2912832,"1",
"980070",11763,"5",2912832,"1",
"900000",125000,"1",2912841,"1",
"900000",125000,"2",2912841,"1",
"900000",125000,"3",2912841,"1",
"900000",125000,"4",2912841,"1",
"900000",125000,"5",2912841,"1",
"900180",1000,"1",2912841,"1",
"900180",1000,"2",2912841,"1",
"900180",1000,"3",2912841,"1",
"900180",1000,"4",2912841,"1",
"900180",1000,"5",2912841,"1",
"980000",126000,"1",2912841,"1",
"980000",126000,"2",2912841,"1",
"980000",126000,"3",2912841,"1",
"980000",126000,"4",2912841,"1",
"980000",126000,"5",2912841,"1",
"980070",124150,"1",2912841,"1",
"980070",124150,"2",2912841,"1",
"980070",124150,"3",2912841,"1",
"980070",124150,"4",2912841,"1",
"980070",124150,"5",2912841,"1",
"900000",125000,"1",2912842,"1",
"900000",125000,"2",2912842,"1",
"900000",125000,"3",2912842,"1",
"900000",125000,"4",2912842,"1",
"900000",125000,"5",2912842,"1",
"900180",1000,"1",2912842,"1",
"900180",1000,"2",2912842,"1",
"900180",1000,"3",2912842,"1",
"900180",1000,"4",2912842,"1",
"900180",1000,"5",2912842,"1",
"980000",126000,"1",2912842,"1",
"980000",126000,"2",2912842,"1",
"980000",126000,"3",2912842,"1",
"980000",126000,"4",2912842,"1",
"980000",126000,"5",2912842,"1",
"980070",124150,"1",2912842,"1",
"980070",124150,"2",2912842,"1",
"980070",124150,"3",2912842,"1",
"980070",124150,"4",2912842,"1",
"980070",124150,"5",2912842,"1",
"900000",16900,"1",2912851,"1",
"900000",18278,"2",2912851,"1",
"900000",16249,"3",2912851,"1",
"900000",15947,"4",2912851,"1",
"900000",16501,"5",2912851,"1",
"900150",5088,"1",2912851,"1",
"900150",5088,"2",2912851,"1",
"900150",5088,"3",2912851,"1",
"900150",5088,"4",2912851,"1",
"900150",5088,"5",2912851,"1",
"900210",1560,"1",2912851,"1",
"900210",1560,"2",2912851,"1",
"900210",1560,"3",2912851,"1",
"900210",1560,"4",2912851,"1",
"900210",1560,"5",2912851,"1",
"980000",23548,"1",2912851,"1",
"980000",24926,"2",2912851,"1",
"980000",22897,"3",2912851,"1",
"980000",22595,"4",2912851,"1",
"980000",23149,"5",2912851,"1",
"980070",27048,"1",2912851,"1",
"980070",28426,"2",2912851,"1",
"980070",26397,"3",2912851,"1",
"980070",26095,"4",2912851,"1",
"980070",26649,"5",2912851,"1",
"900030",15600,"1",2912871,"1",
"900030",15600,"2",2912871,"1",
"900030",15600,"3",2912871,"1",
"900030",15600,"4",2912871,"1",
"900030",15600,"5",2912871,"1",
"900210",3000,"1",2912871,"1",
"900210",3000,"2",2912871,"1",
"900210",3000,"3",2912871,"1",
"900210",3000,"4",2912871,"1",
"900210",3000,"5",2912871,"1",
"980000",18600,"1",2912871,"1",
"980000",18600,"2",2912871,"1",
"980000",18600,"3",2912871,"1",
"980000",18600,"4",2912871,"1",
"980000",18600,"5",2912871,"1",
"980070",18600,"1",2912871,"1",
"980070",18600,"2",2912871,"1",
"980070",18600,"3",2912871,"1",
"980070",18600,"4",2912871,"1",
"980070",18600,"5",2912871,"1",
"900030",15600,"1",2912872,"1",
"900030",15600,"2",2912872,"1",
"900030",15600,"3",2912872,"1",
"900030",15600,"4",2912872,"1",
"900030",15600,"5",2912872,"1",
"900210",3000,"1",2912872,"1",
"900210",3000,"2",2912872,"1",
"900210",3000,"3",2912872,"1",
"900210",3000,"4",2912872,"1",
"900210",3000,"5",2912872,"1",
"980000",18600,"1",2912872,"1",
"980000",18600,"2",2912872,"1",
"980000",18600,"3",2912872,"1",
"980000",18600,"4",2912872,"1",
"980000",18600,"5",2912872,"1",
"980070",18600,"1",2912872,"1",
"980070",18600,"2",2912872,"1",
"980070",18600,"3",2912872,"1",
"980070",18600,"4",2912872,"1",
"980070",18600,"5",2912872,"1",
"900000",101957,"1",2912901,"1",
"900000",59090,"2",2912901,"1",
"900000",56235,"3",2912901,"1",
"900000",23073,"4",2912901,"1",
"900000",42857,"5",2912901,"1",
"980000",101957,"1",2912901,"1",
"980000",59090,"2",2912901,"1",
"980000",56235,"3",2912901,"1",
"980000",23073,"4",2912901,"1",
"980000",42857,"5",2912901,"1",
"980070",101957,"1",2912901,"1",
"980070",59090,"2",2912901,"1",
"980070",56235,"3",2912901,"1",
"980070",23073,"4",2912901,"1",
"980070",42857,"5",2912901,"1",
"900000",38481,"1",2912902,"1",
"900000",43114,"2",2912902,"1",
"900000",31743,"3",2912902,"1",
"900000",67659,"4",2912902,"1",
"900000",52362,"5",2912902,"1",
"980000",38481,"1",2912902,"1",
"980000",43114,"2",2912902,"1",
"980000",31743,"3",2912902,"1",
"980000",67659,"4",2912902,"1",
"980000",52362,"5",2912902,"1",
"980070",38481,"1",2912902,"1",
"980070",43114,"2",2912902,"1",
"980070",31743,"3",2912902,"1",
"980070",67659,"4",2912902,"1",
"980070",52362,"5",2912902,"1",
"900000",10327,"1",2912911,"1",
"900000",4382,"2",2912911,"1",
"900000",4389,"3",2912911,"1",
"900000",2657,"4",2912911,"1",
"900000",12258,"5",2912911,"1",
"900030",6150,"1",2912911,"1",
"900030",4935,"2",2912911,"1",
"900030",11055,"3",2912911,"1",
"900030",8915,"4",2912911,"1",
"900030",7370,"5",2912911,"1",
"980000",16477,"1",2912911,"1",
"980000",9317,"2",2912911,"1",
"980000",15444,"3",2912911,"1",
"980000",11572,"4",2912911,"1",
"980000",19628,"5",2912911,"1",
"980070",17297,"1",2912911,"1",
"980070",10137,"2",2912911,"1",
"980070",16264,"3",2912911,"1",
"980070",12392,"4",2912911,"1",
"980070",20448,"5",2912911,"1",
"900000",6547,"1",2912912,"1",
"900000",1101,"2",2912912,"1",
"900000",5254,"3",2912912,"1",
"900000",8190,"4",2912912,"1",
"900000",714,"5",2912912,"1",
"900030",5220,"1",2912912,"1",
"900030",3100,"2",2912912,"1",
"900030",5690,"3",2912912,"1",
"900030",8860,"4",2912912,"1",
"900030",3850,"5",2912912,"1",
"980000",11767,"1",2912912,"1",
"980000",4201,"2",2912912,"1",
"980000",10944,"3",2912912,"1",
"980000",17050,"4",2912912,"1",
"980000",4564,"5",2912912,"1",
"980070",12587,"1",2912912,"1",
"980070",5021,"2",2912912,"1",
"980070",11764,"3",2912912,"1",
"980070",17870,"4",2912912,"1",
"980070",5384,"5",2912912,"1",
"900030",4655,"1",2912951,"1",
"900030",4655,"2",2912951,"1",
"900030",4655,"3",2912951,"1",
"900030",4655,"4",2912951,"1",
"900030",4655,"5",2912951,"1",
"900090",150,"1",2912951,"1",
"900090",150,"2",2912951,"1",
"900090",150,"3",2912951,"1",
"900090",150,"4",2912951,"1",
"900090",150,"5",2912951,"1",
"980000",4805,"1",2912951,"1",
"980000",4805,"2",2912951,"1",
"980000",4805,"3",2912951,"1",
"980000",4805,"4",2912951,"1",
"980000",4805,"5",2912951,"1",
"980070",6805,"1",2912951,"1",
"980070",6805,"2",2912951,"1",
"980070",6805,"3",2912951,"1",
"980070",6805,"4",2912951,"1",
"980070",6805,"5",2912951,"1",
"900030",4655,"1",2912952,"1",
"900030",4655,"2",2912952,"1",
"900030",4655,"3",2912952,"1",
"900030",4655,"4",2912952,"1",
"900030",4655,"5",2912952,"1",
"900090",150,"1",2912952,"1",
"900090",150,"2",2912952,"1",
"900090",150,"3",2912952,"1",
"900090",150,"4",2912952,"1",
"900090",150,"5",2912952,"1",
"980000",4805,"1",2912952,"1",
"980000",4805,"2",2912952,"1",
"980000",4805,"3",2912952,"1",
"980000",4805,"4",2912952,"1",
"980000",4805,"5",2912952,"1",
"980070",6805,"1",2912952,"1",
"980070",6805,"2",2912952,"1",
"980070",6805,"3",2912952,"1",
"980070",6805,"4",2912952,"1",
"980070",6805,"5",2912952,"1",
"900210",21340,"1",2912991,"1",
"900210",23904,"2",2912991,"1",
"900210",22075,"3",2912991,"1",
"900210",20215,"4",2912991,"1",
"900210",21903,"5",2912991,"1",
"980000",21340,"1",2912991,"1",
"980000",23904,"2",2912991,"1",
"980000",22075,"3",2912991,"1",
"980000",20215,"4",2912991,"1",
"980000",21903,"5",2912991,"1",
"980070",21340,"1",2912991,"1",
"980070",23904,"2",2912991,"1",
"980070",22075,"3",2912991,"1",
"980070",20215,"4",2912991,"1",
"980070",21903,"5",2912991,"1",
"900210",21634,"1",2912992,"1",
"900210",28534,"2",2912992,"1",
"900210",22137,"3",2912992,"1",
"900210",22464,"4",2912992,"1",
"900210",21363,"5",2912992,"1",
"980000",21634,"1",2912992,"1",
"980000",28534,"2",2912992,"1",
"980000",22137,"3",2912992,"1",
"980000",22464,"4",2912992,"1",
"980000",21363,"5",2912992,"1",
"980070",21634,"1",2912992,"1",
"980070",28534,"2",2912992,"1",
"980070",22137,"3",2912992,"1",
"980070",22464,"4",2912992,"1",
"980070",21363,"5",2912992,"1",
"900000",64977,"1",2913001,"1",
"900000",54691,"2",2913001,"1",
"900000",69658,"3",2913001,"1",
"900000",60543,"4",2913001,"1",
"900000",86430,"5",2913001,"1",
"980000",64977,"1",2913001,"1",
"980000",54691,"2",2913001,"1",
"980000",69658,"3",2913001,"1",
"980000",60543,"4",2913001,"1",
"980000",86430,"5",2913001,"1",
"980070",65177,"1",2913001,"1",
"980070",54891,"2",2913001,"1",
"980070",69858,"3",2913001,"1",
"980070",60743,"4",2913001,"1",
"980070",86630,"5",2913001,"1",
"900000",54276,"1",2913011,"1",
"900000",37666,"2",2913011,"1",
"900000",105105,"3",2913011,"1",
"900000",51927,"4",2913011,"1",
"900000",69594,"5",2913011,"1",
"980000",54276,"1",2913011,"1",
"980000",37666,"2",2913011,"1",
"980000",105105,"3",2913011,"1",
"980000",51927,"4",2913011,"1",
"980000",69594,"5",2913011,"1",
"980070",54276,"1",2913011,"1",
"980070",37666,"2",2913011,"1",
"980070",105105,"3",2913011,"1",
"980070",51927,"4",2913011,"1",
"980070",69594,"5",2913011,"1",
"900000",57177,"1",2913012,"1",
"900000",38720,"2",2913012,"1",
"900000",30731,"3",2913012,"1",
"900000",75828,"4",2913012,"1",
"900000",58051,"5",2913012,"1",
"980000",57177,"1",2913012,"1",
"980000",38720,"2",2913012,"1",
"980000",30731,"3",2913012,"1",
"980000",75828,"4",2913012,"1",
"980000",58051,"5",2913012,"1",
"980070",57177,"1",2913012,"1",
"980070",38720,"2",2913012,"1",
"980070",30731,"3",2913012,"1",
"980070",75828,"4",2913012,"1",
"980070",58051,"5",2913012,"1",
"900210",11172,"1",2913041,"1",
"900210",6440,"2",2913041,"1",
"900210",832,"3",2913041,"1",
"900210",3103,"4",2913041,"1",
"900210",12214,"5",2913041,"1",
"980000",11172,"1",2913041,"1",
"980000",6440,"2",2913041,"1",
"980000",832,"3",2913041,"1",
"980000",3103,"4",2913041,"1",
"980000",12214,"5",2913041,"1",
"980070",11172,"1",2913041,"1",
"980070",6440,"2",2913041,"1",
"980070",832,"3",2913041,"1",
"980070",3103,"4",2913041,"1",
"980070",12214,"5",2913041,"1",
"900210",38344,"1",2913042,"1",
"900210",25365,"2",2913042,"1",
"900210",1288,"3",2913042,"1",
"900210",3872,"4",2913042,"1",
"900210",2099,"5",2913042,"1",
"980000",38344,"1",2913042,"1",
"980000",25365,"2",2913042,"1",
"980000",1288,"3",2913042,"1",
"980000",3872,"4",2913042,"1",
"980000",2099,"5",2913042,"1",
"980070",38344,"1",2913042,"1",
"980070",25365,"2",2913042,"1",
"980070",1288,"3",2913042,"1",
"980070",3872,"4",2913042,"1",
"980070",2099,"5",2913042,"1",
"800940",6380,"1",2913061,"1",
"800940",6380,"2",2913061,"1",
"800940",6380,"3",2913061,"1",
"800940",6380,"4",2913061,"1",
"800940",6380,"5",2913061,"1",
"900000",122000,"1",2913061,"1",
"900000",122000,"2",2913061,"1",
"900000",122000,"3",2913061,"1",
"900000",122000,"4",2913061,"1",
"900000",122000,"5",2913061,"1",
"900140",4600,"1",2913061,"1",
"900140",4600,"2",2913061,"1",
"900140",4600,"3",2913061,"1",
"900140",4600,"4",2913061,"1",
"900140",4600,"5",2913061,"1",
"900160",4200,"1",2913061,"1",
"900160",4200,"2",2913061,"1",
"900160",4200,"3",2913061,"1",
"900160",4200,"4",2913061,"1",
"900160",4200,"5",2913061,"1",
"900180",13000,"1",2913061,"1",
"900180",13000,"2",2913061,"1",
"900180",13000,"3",2913061,"1",
"900180",13000,"4",2913061,"1",
"900180",13000,"5",2913061,"1",
"980000",143800,"1",2913061,"1",
"980000",143800,"2",2913061,"1",
"980000",143800,"3",2913061,"1",
"980000",143800,"4",2913061,"1",
"980000",143800,"5",2913061,"1",
"980070",143600,"1",2913061,"1",
"980070",143600,"2",2913061,"1",
"980070",143600,"3",2913061,"1",
"980070",143600,"4",2913061,"1",
"980070",143600,"5",2913061,"1",
"800940",6380,"1",2913062,"1",
"800940",6380,"2",2913062,"1",
"800940",6380,"3",2913062,"1",
"800940",6380,"4",2913062,"1",
"800940",6380,"5",2913062,"1",
"900000",122000,"1",2913062,"1",
"900000",122000,"2",2913062,"1",
"900000",122000,"3",2913062,"1",
"900000",122000,"4",2913062,"1",
"900000",122000,"5",2913062,"1",
"900140",4600,"1",2913062,"1",
"900140",4600,"2",2913062,"1",
"900140",4600,"3",2913062,"1",
"900140",4600,"4",2913062,"1",
"900140",4600,"5",2913062,"1",
"900160",4200,"1",2913062,"1",
"900160",4200,"2",2913062,"1",
"900160",4200,"3",2913062,"1",
"900160",4200,"4",2913062,"1",
"900160",4200,"5",2913062,"1",
"900180",13000,"1",2913062,"1",
"900180",13000,"2",2913062,"1",
"900180",13000,"3",2913062,"1",
"900180",13000,"4",2913062,"1",
"900180",13000,"5",2913062,"1",
"980000",143800,"1",2913062,"1",
"980000",143800,"2",2913062,"1",
"980000",143800,"3",2913062,"1",
"980000",143800,"4",2913062,"1",
"980000",143800,"5",2913062,"1",
"980070",143600,"1",2913062,"1",
"980070",143600,"2",2913062,"1",
"980070",143600,"3",2913062,"1",
"980070",143600,"4",2913062,"1",
"980070",143600,"5",2913062,"1",
"900170",1961,"1",2913101,"1",
"900170",1381,"2",2913101,"1",
"900170",1916,"3",2913101,"1",
"900170",1014,"4",2913101,"1",
"900170",1368,"5",2913101,"1",
"980000",1961,"1",2913101,"1",
"980000",1381,"2",2913101,"1",
"980000",1916,"3",2913101,"1",
"980000",1014,"4",2913101,"1",
"980000",1368,"5",2913101,"1",
"980070",1961,"1",2913101,"1",
"980070",1381,"2",2913101,"1",
"980070",1916,"3",2913101,"1",
"980070",1014,"4",2913101,"1",
"980070",1368,"5",2913101,"1",
"900170",1901,"1",2913102,"1",
"900170",1754,"2",2913102,"1",
"900170",1585,"3",2913102,"1",
"900170",1933,"4",2913102,"1",
"900170",1572,"5",2913102,"1",
"980000",1901,"1",2913102,"1",
"980000",1754,"2",2913102,"1",
"980000",1585,"3",2913102,"1",
"980000",1933,"4",2913102,"1",
"980000",1572,"5",2913102,"1",
"980070",1901,"1",2913102,"1",
"980070",1754,"2",2913102,"1",
"980070",1585,"3",2913102,"1",
"980070",1933,"4",2913102,"1",
"980070",1572,"5",2913102,"1",
"900000",137000,"1",2913111,"1",
"900000",137000,"2",2913111,"1",
"900000",137000,"3",2913111,"1",
"900000",137000,"4",2913111,"1",
"900000",137000,"5",2913111,"1",
"900180",1200,"1",2913111,"1",
"900180",1200,"2",2913111,"1",
"900180",1200,"3",2913111,"1",
"900180",1200,"4",2913111,"1",
"900180",1200,"5",2913111,"1",
"980000",138200,"1",2913111,"1",
"980000",138200,"2",2913111,"1",
"980000",138200,"3",2913111,"1",
"980000",138200,"4",2913111,"1",
"980000",138200,"5",2913111,"1",
"980070",145300,"1",2913111,"1",
"980070",145300,"2",2913111,"1",
"980070",145300,"3",2913111,"1",
"980070",145300,"4",2913111,"1",
"980070",145300,"5",2913111,"1",
"900000",137000,"1",2913112,"1",
"900000",137000,"2",2913112,"1",
"900000",137000,"3",2913112,"1",
"900000",137000,"4",2913112,"1",
"900000",137000,"5",2913112,"1",
"900180",1200,"1",2913112,"1",
"900180",1200,"2",2913112,"1",
"900180",1200,"3",2913112,"1",
"900180",1200,"4",2913112,"1",
"900180",1200,"5",2913112,"1",
"980000",138200,"1",2913112,"1",
"980000",138200,"2",2913112,"1",
"980000",138200,"3",2913112,"1",
"980000",138200,"4",2913112,"1",
"980000",138200,"5",2913112,"1",
"980070",145300,"1",2913112,"1",
"980070",145300,"2",2913112,"1",
"980070",145300,"3",2913112,"1",
"980070",145300,"4",2913112,"1",
"980070",145300,"5",2913112,"1",
"900000",78500,"1",2913121,"1",
"900000",78500,"2",2913121,"1",
"900000",78500,"3",2913121,"1",
"900000",78500,"4",2913121,"1",
"900000",78500,"5",2913121,"1",
"900030",17867,"1",2913121,"1",
"900030",20351,"2",2913121,"1",
"900030",20519,"3",2913121,"1",
"900030",20063,"4",2913121,"1",
"900030",18551,"5",2913121,"1",
"900170",111,"1",2913121,"1",
"900170",13189,"2",2913121,"1",
"900170",1240,"3",2913121,"1",
"900170",88,"4",2913121,"1",
"900170",57,"5",2913121,"1",
"980000",96478,"1",2913121,"1",
"980000",112040,"2",2913121,"1",
"980000",100259,"3",2913121,"1",
"980000",98651,"4",2913121,"1",
"980000",97108,"5",2913121,"1",
"980070",96109,"1",2913121,"1",
"980070",111671,"2",2913121,"1",
"980070",99890,"3",2913121,"1",
"980070",98282,"4",2913121,"1",
"980070",96739,"5",2913121,"1",
"900000",78500,"1",2913122,"1",
"900000",78500,"2",2913122,"1",
"900000",78500,"3",2913122,"1",
"900000",78500,"4",2913122,"1",
"900000",78500,"5",2913122,"1",
"900030",21035,"1",2913122,"1",
"900030",18695,"2",2913122,"1",
"900030",17831,"3",2913122,"1",
"900030",18323,"4",2913122,"1",
"900030",18143,"5",2913122,"1",
"900170",3135,"1",2913122,"1",
"900170",1667,"2",2913122,"1",
"900170",669,"3",2913122,"1",
"900170",727,"4",2913122,"1",
"900170",6401,"5",2913122,"1",
"980000",102670,"1",2913122,"1",
"980000",98862,"2",2913122,"1",
"980000",97000,"3",2913122,"1",
"980000",97550,"4",2913122,"1",
"980000",103044,"5",2913122,"1",
"980070",102301,"1",2913122,"1",
"980070",98493,"2",2913122,"1",
"980070",96631,"3",2913122,"1",
"980070",97181,"4",2913122,"1",
"980070",102675,"5",2913122,"1",
"900000",78755,"1",2913141,"1",
"900000",70530,"2",2913141,"1",
"900000",71170,"3",2913141,"1",
"900000",77220,"4",2913141,"1",
"900000",89965,"5",2913141,"1",
"980000",78755,"1",2913141,"1",
"980000",70530,"2",2913141,"1",
"980000",71170,"3",2913141,"1",
"980000",77220,"4",2913141,"1",
"980000",89965,"5",2913141,"1",
"980070",81155,"1",2913141,"1",
"980070",72930,"2",2913141,"1",
"980070",73570,"3",2913141,"1",
"980070",79620,"4",2913141,"1",
"980070",92365,"5",2913141,"1",
"900000",72966,"1",2913142,"1",
"900000",77978,"2",2913142,"1",
"900000",83321,"3",2913142,"1",
"900000",76349,"4",2913142,"1",
"900000",77001,"5",2913142,"1",
"980000",72966,"1",2913142,"1",
"980000",77978,"2",2913142,"1",
"980000",83321,"3",2913142,"1",
"980000",76349,"4",2913142,"1",
"980000",77001,"5",2913142,"1",
"980070",75366,"1",2913142,"1",
"980070",80378,"2",2913142,"1",
"980070",85721,"3",2913142,"1",
"980070",78749,"4",2913142,"1",
"980070",79401,"5",2913142,"1",
"900000",500,"1",2913151,"1",
"900000",500,"2",2913151,"1",
"900000",500,"3",2913151,"1",
"900000",500,"4",2913151,"1",
"900000",500,"5",2913151,"1",
"900150",350,"1",2913151,"1",
"900150",350,"2",2913151,"1",
"900150",350,"3",2913151,"1",
"900150",350,"4",2913151,"1",
"900150",350,"5",2913151,"1",
"980000",850,"1",2913151,"1",
"980000",850,"2",2913151,"1",
"980000",850,"3",2913151,"1",
"980000",850,"4",2913151,"1",
"980000",850,"5",2913151,"1",
"980070",7450,"1",2913151,"1",
"980070",7450,"2",2913151,"1",
"980070",7450,"3",2913151,"1",
"980070",7450,"4",2913151,"1",
"980070",7450,"5",2913151,"1",
"900000",500,"1",2913152,"1",
"900000",500,"2",2913152,"1",
"900000",500,"3",2913152,"1",
"900000",500,"4",2913152,"1",
"900000",500,"5",2913152,"1",
"900150",350,"1",2913152,"1",
"900150",350,"2",2913152,"1",
"900150",350,"3",2913152,"1",
"900150",350,"4",2913152,"1",
"900150",350,"5",2913152,"1",
"980000",850,"1",2913152,"1",
"980000",850,"2",2913152,"1",
"980000",850,"3",2913152,"1",
"980000",850,"4",2913152,"1",
"980000",850,"5",2913152,"1",
"980070",7450,"1",2913152,"1",
"980070",7450,"2",2913152,"1",
"980070",7450,"3",2913152,"1",
"980070",7450,"4",2913152,"1",
"980070",7450,"5",2913152,"1",
"900000",60000,"1",2913161,"1",
"900000",60000,"2",2913161,"1",
"900000",60000,"3",2913161,"1",
"900000",60000,"4",2913161,"1",
"900000",60000,"5",2913161,"1",
"900140",1000,"1",2913161,"1",
"900140",1000,"2",2913161,"1",
"900140",1000,"3",2913161,"1",
"900140",1000,"4",2913161,"1",
"900140",1000,"5",2913161,"1",
"900190",-1000,"1",2913161,"1",
"900190",-1000,"2",2913161,"1",
"900190",-1000,"3",2913161,"1",
"900190",-1000,"4",2913161,"1",
"900190",-1000,"5",2913161,"1",
"980000",60000,"1",2913161,"1",
"980000",60000,"2",2913161,"1",
"980000",60000,"3",2913161,"1",
"980000",60000,"4",2913161,"1",
"980000",60000,"5",2913161,"1",
"980070",62050,"1",2913161,"1",
"980070",62050,"2",2913161,"1",
"980070",62050,"3",2913161,"1",
"980070",62050,"4",2913161,"1",
"980070",62050,"5",2913161,"1",
"900000",60000,"1",2913162,"1",
"900000",60000,"2",2913162,"1",
"900000",60000,"3",2913162,"1",
"900000",60000,"4",2913162,"1",
"900000",60000,"5",2913162,"1",
"900140",1000,"1",2913162,"1",
"900140",1000,"2",2913162,"1",
"900140",1000,"3",2913162,"1",
"900140",1000,"4",2913162,"1",
"900140",1000,"5",2913162,"1",
"900190",-1000,"1",2913162,"1",
"900190",-1000,"2",2913162,"1",
"900190",-1000,"3",2913162,"1",
"900190",-1000,"4",2913162,"1",
"900190",-1000,"5",2913162,"1",
"980000",60000,"1",2913162,"1",
"980000",60000,"2",2913162,"1",
"980000",60000,"3",2913162,"1",
"980000",60000,"4",2913162,"1",
"980000",60000,"5",2913162,"1",
"980070",62050,"1",2913162,"1",
"980070",62050,"2",2913162,"1",
"980070",62050,"3",2913162,"1",
"980070",62050,"4",2913162,"1",
"980070",62050,"5",2913162,"1",
"900000",39960,"1",2913171,"1",
"900000",39960,"2",2913171,"1",
"900000",39960,"3",2913171,"1",
"900000",39960,"4",2913171,"1",
"900000",39960,"5",2913171,"1",
"980000",39960,"1",2913171,"1",
"980000",39960,"2",2913171,"1",
"980000",39960,"3",2913171,"1",
"980000",39960,"4",2913171,"1",
"980000",39960,"5",2913171,"1",
"980070",42760,"1",2913171,"1",
"980070",42760,"2",2913171,"1",
"980070",42760,"3",2913171,"1",
"980070",42760,"4",2913171,"1",
"980070",42760,"5",2913171,"1",
"900000",39960,"1",2913172,"1",
"900000",39960,"2",2913172,"1",
"900000",39960,"3",2913172,"1",
"900000",39960,"4",2913172,"1",
"900000",39960,"5",2913172,"1",
"980000",39960,"1",2913172,"1",
"980000",39960,"2",2913172,"1",
"980000",39960,"3",2913172,"1",
"980000",39960,"4",2913172,"1",
"980000",39960,"5",2913172,"1",
"980070",42760,"1",2913172,"1",
"980070",42760,"2",2913172,"1",
"980070",42760,"3",2913172,"1",
"980070",42760,"4",2913172,"1",
"980070",42760,"5",2913172,"1",
"900000",42814,"1",2913181,"1",
"900000",40621,"2",2913181,"1",
"900000",46909,"3",2913181,"1",
"900000",42000,"4",2913181,"1",
"900000",47908,"5",2913181,"1",
"980000",42814,"1",2913181,"1",
"980000",40621,"2",2913181,"1",
"980000",46909,"3",2913181,"1",
"980000",42000,"4",2913181,"1",
"980000",47908,"5",2913181,"1",
"980070",42814,"1",2913181,"1",
"980070",40621,"2",2913181,"1",
"980070",46909,"3",2913181,"1",
"980070",42000,"4",2913181,"1",
"980070",47908,"5",2913181,"1",
"900000",44040,"1",2913182,"1",
"900000",42233,"2",2913182,"1",
"900000",41924,"3",2913182,"1",
"900000",41651,"4",2913182,"1",
"900000",44267,"5",2913182,"1",
"980000",44040,"1",2913182,"1",
"980000",42233,"2",2913182,"1",
"980000",41924,"3",2913182,"1",
"980000",41651,"4",2913182,"1",
"980000",44267,"5",2913182,"1",
"980070",44040,"1",2913182,"1",
"980070",42233,"2",2913182,"1",
"980070",41924,"3",2913182,"1",
"980070",41651,"4",2913182,"1",
"980070",44267,"5",2913182,"1",
"900000",17000,"1",2913201,"1",
"900000",17000,"2",2913201,"1",
"900000",17000,"3",2913201,"1",
"900000",17000,"4",2913201,"1",
"900000",17000,"5",2913201,"1",
"900150",51552,"1",2913201,"1",
"900150",51552,"2",2913201,"1",
"900150",51552,"3",2913201,"1",
"900150",51552,"4",2913201,"1",
"900150",51552,"5",2913201,"1",
"900210",6000,"1",2913201,"1",
"900210",6000,"2",2913201,"1",
"900210",6000,"3",2913201,"1",
"900210",6000,"4",2913201,"1",
"900210",6000,"5",2913201,"1",
"980000",74552,"1",2913201,"1",
"980000",74552,"2",2913201,"1",
"980000",74552,"3",2913201,"1",
"980000",74552,"4",2913201,"1",
"980000",74552,"5",2913201,"1",
"980070",74752,"1",2913201,"1",
"980070",74752,"2",2913201,"1",
"980070",74752,"3",2913201,"1",
"980070",74752,"4",2913201,"1",
"980070",74752,"5",2913201,"1",
"900000",17000,"1",2913202,"1",
"900000",17000,"2",2913202,"1",
"900000",17000,"3",2913202,"1",
"900000",17000,"4",2913202,"1",
"900000",17000,"5",2913202,"1",
"900150",51552,"1",2913202,"1",
"900150",51552,"2",2913202,"1",
"900150",51552,"3",2913202,"1",
"900150",51552,"4",2913202,"1",
"900150",51552,"5",2913202,"1",
"900210",6000,"1",2913202,"1",
"900210",6000,"2",2913202,"1",
"900210",6000,"3",2913202,"1",
"900210",6000,"4",2913202,"1",
"900210",6000,"5",2913202,"1",
"980000",74552,"1",2913202,"1",
"980000",74552,"2",2913202,"1",
"980000",74552,"3",2913202,"1",
"980000",74552,"4",2913202,"1",
"980000",74552,"5",2913202,"1",
"980070",74752,"1",2913202,"1",
"980070",74752,"2",2913202,"1",
"980070",74752,"3",2913202,"1",
"980070",74752,"4",2913202,"1",
"980070",74752,"5",2913202,"1",
"900000",35000,"1",2913241,"1",
"900000",35000,"2",2913241,"1",
"900000",35000,"3",2913241,"1",
"900000",35000,"4",2913241,"1",
"900000",35000,"5",2913241,"1",
"900170",15000,"1",2913241,"1",
"900170",15000,"2",2913241,"1",
"900170",15000,"3",2913241,"1",
"900170",15000,"4",2913241,"1",
"900170",15000,"5",2913241,"1",
"980000",50000,"1",2913241,"1",
"980000",50000,"2",2913241,"1",
"980000",50000,"3",2913241,"1",
"980000",50000,"4",2913241,"1",
"980000",50000,"5",2913241,"1",
"980070",51500,"1",2913241,"1",
"980070",51500,"2",2913241,"1",
"980070",51500,"3",2913241,"1",
"980070",51500,"4",2913241,"1",
"980070",51500,"5",2913241,"1",
"900000",35000,"1",2913242,"1",
"900000",35000,"2",2913242,"1",
"900000",35000,"3",2913242,"1",
"900000",35000,"4",2913242,"1",
"900000",35000,"5",2913242,"1",
"900170",15000,"1",2913242,"1",
"900170",15000,"2",2913242,"1",
"900170",15000,"3",2913242,"1",
"900170",15000,"4",2913242,"1",
"900170",15000,"5",2913242,"1",
"980000",50000,"1",2913242,"1",
"980000",50000,"2",2913242,"1",
"980000",50000,"3",2913242,"1",
"980000",50000,"4",2913242,"1",
"980000",50000,"5",2913242,"1",
"980070",51500,"1",2913242,"1",
"980070",51500,"2",2913242,"1",
"980070",51500,"3",2913242,"1",
"980070",51500,"4",2913242,"1",
"980070",51500,"5",2913242,"1",
"900000",48350,"1",2913261,"1",
"900000",48350,"2",2913261,"1",
"900000",48350,"3",2913261,"1",
"900000",48350,"4",2913261,"1",
"900000",48350,"5",2913261,"1",
"900140",48771,"1",2913261,"1","T"
"900140",48771,"2",2913261,"1","T"
"900140",48771,"3",2913261,"1","T"
"900140",48771,"4",2913261,"1","T"
"900140",48771,"5",2913261,"1","T"
"900170",26700,"1",2913261,"1",
"900170",26700,"2",2913261,"1",
"900170",26700,"3",2913261,"1",
"900170",26700,"4",2913261,"1",
"900170",26700,"5",2913261,"1",
"900180",144,"1",2913261,"1",
"900180",144,"2",2913261,"1",
"900180",144,"3",2913261,"1",
"900180",144,"4",2913261,"1",
"900180",144,"5",2913261,"1",
"900200",4700,"1",2913261,"1",
"900200",4700,"2",2913261,"1",
"900200",4700,"3",2913261,"1",
"900200",4700,"4",2913261,"1",
"900200",4700,"5",2913261,"1",
"980000",128665,"1",2913261,"1","T"
"980000",128665,"2",2913261,"1","T"
"980000",128665,"3",2913261,"1","T"
"980000",128665,"4",2913261,"1","T"
"980000",128665,"5",2913261,"1","T"
"980070",132634,"1",2913261,"1","T"
"980070",132634,"2",2913261,"1","T"
"980070",132634,"3",2913261,"1","T"
"980070",132634,"4",2913261,"1","T"
"980070",132634,"5",2913261,"1","T"
"900000",48350,"1",2913262,"1",
"900000",48350,"2",2913262,"1",
"900000",48350,"3",2913262,"1",
"900000",48350,"4",2913262,"1",
"900000",48350,"5",2913262,"1",
"900140",48771,"1",2913262,"1","T"
"900140",48771,"2",2913262,"1","T"
"900140",48771,"3",2913262,"1","T"
"900140",48771,"4",2913262,"1","T"
"900140",48771,"5",2913262,"1","T"
"900170",26700,"1",2913262,"1",
"900170",26700,"2",2913262,"1",
"900170",26700,"3",2913262,"1",
"900170",26700,"4",2913262,"1",
"900170",26700,"5",2913262,"1",
"900180",144,"1",2913262,"1",
"900180",144,"2",2913262,"1",
"900180",144,"3",2913262,"1",
"900180",144,"4",2913262,"1",
"900180",144,"5",2913262,"1",
"900200",4700,"1",2913262,"1",
"900200",4700,"2",2913262,"1",
"900200",4700,"3",2913262,"1",
"900200",4700,"4",2913262,"1",
"900200",4700,"5",2913262,"1",
"980000",128665,"1",2913262,"1","T"
"980000",128665,"2",2913262,"1","T"
"980000",128665,"3",2913262,"1","T"
"980000",128665,"4",2913262,"1","T"
"980000",128665,"5",2913262,"1","T"
"980070",132634,"1",2913262,"1","T"
"980070",132634,"2",2913262,"1","T"
"980070",132634,"3",2913262,"1","T"
"980070",132634,"4",2913262,"1","T"
"980070",132634,"5",2913262,"1","T"
"900000",70581,"1",2913281,"1",
"900000",65572,"2",2913281,"1",
"900000",71217,"3",2913281,"1",
"900000",63492,"4",2913281,"1",
"900000",71629,"5",2913281,"1",
"900030",10200,"1",2913281,"1",
"900030",10200,"2",2913281,"1",
"900030",10200,"3",2913281,"1",
"900030",10200,"4",2913281,"1",
"900030",10200,"5",2913281,"1",
"980000",80781,"1",2913281,"1",
"980000",75772,"2",2913281,"1",
"980000",81417,"3",2913281,"1",
"980000",73692,"4",2913281,"1",
"980000",81829,"5",2913281,"1",
"980070",80781,"1",2913281,"1",
"980070",75772,"2",2913281,"1",
"980070",81417,"3",2913281,"1",
"980070",73692,"4",2913281,"1",
"980070",81829,"5",2913281,"1",
"900000",68082,"1",2913282,"1",
"900000",68987,"2",2913282,"1",
"900000",67841,"3",2913282,"1",
"900000",67559,"4",2913282,"1",
"900000",69436,"5",2913282,"1",
"900030",10200,"1",2913282,"1",
"900030",10200,"2",2913282,"1",
"900030",10200,"3",2913282,"1",
"900030",10200,"4",2913282,"1",
"900030",10200,"5",2913282,"1",
"980000",78282,"1",2913282,"1",
"980000",79187,"2",2913282,"1",
"980000",78041,"3",2913282,"1",
"980000",77759,"4",2913282,"1",
"980000",79636,"5",2913282,"1",
"980070",78282,"1",2913282,"1",
"980070",79187,"2",2913282,"1",
"980070",78041,"3",2913282,"1",
"980070",77759,"4",2913282,"1",
"980070",79636,"5",2913282,"1",
"900000",127000,"1",2913291,"1",
"900000",127000,"2",2913291,"1",
"900000",127000,"3",2913291,"1",
"900000",127000,"4",2913291,"1",
"900000",127000,"5",2913291,"1",
"900180",1445,"1",2913291,"1",
"900180",1036,"2",2913291,"1",
"900180",1007,"3",2913291,"1",
"900180",1053,"4",2913291,"1",
"900180",1022,"5",2913291,"1",
"900190",779,"1",2913291,"1",
"900190",79,"2",2913291,"1",
"900190",98,"3",2913291,"1",
"900190",166,"4",2913291,"1",
"900190",824,"5",2913291,"1",
"980000",129224,"1",2913291,"1",
"980000",128115,"2",2913291,"1",
"980000",128105,"3",2913291,"1",
"980000",128219,"4",2913291,"1",
"980000",128846,"5",2913291,"1",
"980070",108224,"1",2913291,"1",
"980070",107115,"2",2913291,"1",
"980070",107105,"3",2913291,"1",
"980070",107219,"4",2913291,"1",
"980070",107846,"5",2913291,"1",
"900000",127000,"1",2913292,"1",
"900000",127000,"2",2913292,"1",
"900000",127000,"3",2913292,"1",
"900000",127000,"4",2913292,"1",
"900000",127000,"5",2913292,"1",
"900180",1076,"1",2913292,"1",
"900180",1033,"2",2913292,"1",
"900180",1015,"3",2913292,"1",
"900180",1009,"4",2913292,"1",
"900180",1069,"5",2913292,"1",
"900190",78,"1",2913292,"1",
"900190",2,"2",2913292,"1",
"900190",35,"3",2913292,"1",
"900190",5,"4",2913292,"1",
"900190",34,"5",2913292,"1",
"980000",128154,"1",2913292,"1",
"980000",128035,"2",2913292,"1",
"980000",128050,"3",2913292,"1",
"980000",128014,"4",2913292,"1",
"980000",128103,"5",2913292,"1",
"980070",107154,"1",2913292,"1",
"980070",107035,"2",2913292,"1",
"980070",107050,"3",2913292,"1",
"980070",107014,"4",2913292,"1",
"980070",107103,"5",2913292,"1",
"900030",35110,"1",2913391,"1",
"900030",20974,"2",2913391,"1",
"900030",27142,"3",2913391,"1",
"900030",39790,"4",2913391,"1",
"900030",29410,"5",2913391,"1",
"900170",8641,"1",2913391,"1",
"900170",1674,"2",2913391,"1",
"900170",28353,"3",2913391,"1",
"900170",41557,"4",2913391,"1",
"900170",8680,"5",2913391,"1",
"980000",43751,"1",2913391,"1",
"980000",22648,"2",2913391,"1",
"980000",55495,"3",2913391,"1",
"980000",81347,"4",2913391,"1",
"980000",38090,"5",2913391,"1",
"980070",43751,"1",2913391,"1",
"980070",22648,"2",2913391,"1",
"980070",55495,"3",2913391,"1",
"980070",81347,"4",2913391,"1",
"980070",38090,"5",2913391,"1",
"900030",30094,"1",2913392,"1",
"900030",14326,"2",2913392,"1",
"900030",25894,"3",2913392,"1",
"900030",30826,"4",2913392,"1",
"900030",21826,"5",2913392,"1",
"900170",11883,"1",2913392,"1",
"900170",13631,"2",2913392,"1",
"900170",5407,"3",2913392,"1",
"900170",68095,"4",2913392,"1",
"900170",22994,"5",2913392,"1",
"980000",41977,"1",2913392,"1",
"980000",27957,"2",2913392,"1",
"980000",31301,"3",2913392,"1",
"980000",98921,"4",2913392,"1",
"980000",44820,"5",2913392,"1",
"980070",41977,"1",2913392,"1",
"980070",27957,"2",2913392,"1",
"980070",31301,"3",2913392,"1",
"980070",98921,"4",2913392,"1",
"980070",44820,"5",2913392,"1",
"900000",46483,"1",2913401,"1",
"900000",47975,"2",2913401,"1",
"900000",51024,"3",2913401,"1",
"900000",48220,"4",2913401,"1",
"900000",56130,"5",2913401,"1",
"980000",46483,"1",2913401,"1",
"980000",47975,"2",2913401,"1",
"980000",51024,"3",2913401,"1",
"980000",48220,"4",2913401,"1",
"980000",56130,"5",2913401,"1",
"980070",47283,"1",2913401,"1",
"980070",48775,"2",2913401,"1",
"980070",51824,"3",2913401,"1",
"980070",49020,"4",2913401,"1",
"980070",56930,"5",2913401,"1",
"900000",49677,"1",2913402,"1",
"900000",57514,"2",2913402,"1",
"900000",49863,"3",2913402,"1",
"900000",58463,"4",2913402,"1",
"900000",48675,"5",2913402,"1",
"980000",49677,"1",2913402,"1",
"980000",57514,"2",2913402,"1",
"980000",49863,"3",2913402,"1",
"980000",58463,"4",2913402,"1",
"980000",48675,"5",2913402,"1",
"980070",50477,"1",2913402,"1",
"980070",58314,"2",2913402,"1",
"980070",50663,"3",2913402,"1",
"980070",59263,"4",2913402,"1",
"980070",49475,"5",2913402,"1",
"900000",10,"1",2913411,"1",
"900000",10,"2",2913411,"1",
"900000",10,"3",2913411,"1",
"900000",10,"4",2913411,"1",
"900000",10,"5",2913411,"1",
"900030",38518,"1",2913411,"1",
"900030",38518,"2",2913411,"1",
"900030",38518,"3",2913411,"1",
"900030",38518,"4",2913411,"1",
"900030",38518,"5",2913411,"1",
"900140",4000,"1",2913411,"1",
"900140",4000,"2",2913411,"1",
"900140",4000,"3",2913411,"1",
"900140",4000,"4",2913411,"1",
"900140",4000,"5",2913411,"1",
"900180",24000,"1",2913411,"1",
"900180",24000,"2",2913411,"1",
"900180",24000,"3",2913411,"1",
"900180",24000,"4",2913411,"1",
"900180",24000,"5",2913411,"1",
"900200",338,"1",2913411,"1",
"900200",783,"2",2913411,"1",
"900200",420,"3",2913411,"1",
"900200",603,"4",2913411,"1",
"900200",360,"5",2913411,"1",
"980000",66866,"1",2913411,"1",
"980000",67311,"2",2913411,"1",
"980000",66948,"3",2913411,"1",
"980000",67131,"4",2913411,"1",
"980000",66888,"5",2913411,"1",
"980070",70098,"1",2913411,"1",
"980070",70543,"2",2913411,"1",
"980070",70180,"3",2913411,"1",
"980070",70363,"4",2913411,"1",
"980070",70120,"5",2913411,"1",
"900000",10,"1",2913412,"1",
"900000",10,"2",2913412,"1",
"900000",10,"3",2913412,"1",
"900000",10,"4",2913412,"1",
"900000",10,"5",2913412,"1",
"900030",38518,"1",2913412,"1",
"900030",38518,"2",2913412,"1",
"900030",38518,"3",2913412,"1",
"900030",38518,"4",2913412,"1",
"900030",38518,"5",2913412,"1",
"900140",4000,"1",2913412,"1",
"900140",4000,"2",2913412,"1",
"900140",4000,"3",2913412,"1",
"900140",4000,"4",2913412,"1",
"900140",4000,"5",2913412,"1",
"900180",24000,"1",2913412,"1",
"900180",24000,"2",2913412,"1",
"900180",24000,"3",2913412,"1",
"900180",24000,"4",2913412,"1",
"900180",24000,"5",2913412,"1",
"900200",884,"1",2913412,"1",
"900200",321,"2",2913412,"1",
"900200",998,"3",2913412,"1",
"900200",674,"4",2913412,"1",
"900200",271,"5",2913412,"1",
"980000",67412,"1",2913412,"1",
"980000",66849,"2",2913412,"1",
"980000",67526,"3",2913412,"1",
"980000",67202,"4",2913412,"1",
"980000",66799,"5",2913412,"1",
"980070",70644,"1",2913412,"1",
"980070",70081,"2",2913412,"1",
"980070",70758,"3",2913412,"1",
"980070",70434,"4",2913412,"1",
"980070",70031,"5",2913412,"1",
"900000",205487,"1",2913501,"1","T"
"900000",205487,"2",2913501,"1","T"
"900000",205487,"3",2913501,"1","T"
"900000",205487,"4",2913501,"1","T"
"900000",205487,"5",2913501,"1","T"
"980000",205487,"1",2913501,"1","T"
"980000",205487,"2",2913501,"1","T"
"980000",205487,"3",2913501,"1","T"
"980000",205487,"4",2913501,"1","T"
"980000",205487,"5",2913501,"1","T"
"980070",205487,"1",2913501,"1","T"
"980070",205487,"2",2913501,"1","T"
"980070",205487,"3",2913501,"1","T"
"980070",205487,"4",2913501,"1","T"
"980070",205487,"5",2913501,"1","T"
"900000",205487,"1",2913502,"1","T"
"900000",205487,"2",2913502,"1","T"
"900000",205487,"3",2913502,"1","T"
"900000",205487,"4",2913502,"1","T"
"900000",205487,"5",2913502,"1","T"
"980000",205487,"1",2913502,"1","T"
"980000",205487,"2",2913502,"1","T"
"980000",205487,"3",2913502,"1","T"
"980000",205487,"4",2913502,"1","T"
"980000",205487,"5",2913502,"1","T"
"980070",205487,"1",2913502,"1","T"
"980070",205487,"2",2913502,"1","T"
"980070",205487,"3",2913502,"1","T"
"980070",205487,"4",2913502,"1","T"
"980070",205487,"5",2913502,"1","T"
"900000",32529,"1",2913511,"1",
"900000",80699,"2",2913511,"1",
"900000",62737,"3",2913511,"1",
"900000",49174,"4",2913511,"1",
"900000",74445,"5",2913511,"1",
"980000",32529,"1",2913511,"1",
"980000",80699,"2",2913511,"1",
"980000",62737,"3",2913511,"1",
"980000",49174,"4",2913511,"1",
"980000",74445,"5",2913511,"1",
"980070",32529,"1",2913511,"1",
"980070",80699,"2",2913511,"1",
"980070",62737,"3",2913511,"1",
"980070",49174,"4",2913511,"1",
"980070",74445,"5",2913511,"1",
"900000",123279,"1",2913512,"1",
"900000",70906,"2",2913512,"1",
"900000",38910,"3",2913512,"1",
"900000",65162,"4",2913512,"1",
"900000",98566,"5",2913512,"1",
"980000",123279,"1",2913512,"1",
"980000",70906,"2",2913512,"1",
"980000",38910,"3",2913512,"1",
"980000",65162,"4",2913512,"1",
"980000",98566,"5",2913512,"1",
"980070",123279,"1",2913512,"1",
"980070",70906,"2",2913512,"1",
"980070",38910,"3",2913512,"1",
"980070",65162,"4",2913512,"1",
"980070",98566,"5",2913512,"1",
"800940",4469,"1",2913521,"1",
"800940",5192,"2",2913521,"1",
"800940",2961,"3",2913521,"1",
"800940",2780,"4",2913521,"1",
"800940",8896,"5",2913521,"1",
"900000",48395,"1",2913521,"1",
"900000",47179,"2",2913521,"1",
"900000",16388,"3",2913521,"1",
"900000",33709,"4",2913521,"1",
"900000",57807,"5",2913521,"1",
"900160",5013,"1",2913521,"1",
"900160",10346,"2",2913521,"1",
"900160",11157,"3",2913521,"1",
"900160",1315,"4",2913521,"1",
"900160",29240,"5",2913521,"1",
"980000",53408,"1",2913521,"1",
"980000",57525,"2",2913521,"1",
"980000",27545,"3",2913521,"1",
"980000",35024,"4",2913521,"1",
"980000",87047,"5",2913521,"1",
"980070",53408,"1",2913521,"1",
"980070",57525,"2",2913521,"1",
"980070",27545,"3",2913521,"1",
"980070",35024,"4",2913521,"1",
"980070",87047,"5",2913521,"1",
"800940",10967,"1",2913522,"1","T"
"800940",10967,"2",2913522,"1","T"
"800940",10967,"3",2913522,"1","T"
"800940",10967,"4",2913522,"1","T"
"800940",10967,"5",2913522,"1","T"
"900000",28501,"1",2913522,"1",
"900000",47364,"2",2913522,"1",
"900000",43965,"3",2913522,"1",
"900000",9359,"4",2913522,"1",
"900000",18291,"5",2913522,"1",
"900160",660,"1",2913522,"1",
"900160",2917,"2",2913522,"1",
"900160",1551,"3",2913522,"1",
"900160",878,"4",2913522,"1",
"900160",57307,"5",2913522,"1",
"980000",29161,"1",2913522,"1",
"980000",50281,"2",2913522,"1",
"980000",45516,"3",2913522,"1",
"980000",10237,"4",2913522,"1",
"980000",75598,"5",2913522,"1",
"980070",29161,"1",2913522,"1",
"980070",50281,"2",2913522,"1",
"980070",45516,"3",2913522,"1",
"980070",10237,"4",2913522,"1",
"980070",75598,"5",2913522,"1",
"900000",11131,"1",2913531,"1",
"900000",28851,"2",2913531,"1",
"900000",36356,"3",2913531,"1",
"900000",58083,"4",2913531,"1",
"900000",60563,"5",2913531,"1",
"980000",11131,"1",2913531,"1",
"980000",28851,"2",2913531,"1",
"980000",36356,"3",2913531,"1",
"980000",58083,"4",2913531,"1",
"980000",60563,"5",2913531,"1",
"980070",11131,"1",2913531,"1",
"980070",28851,"2",2913531,"1",
"980070",36356,"3",2913531,"1",
"980070",58083,"4",2913531,"1",
"980070",60563,"5",2913531,"1",
"900000",20000,"1",2913551,"1",
"900000",20000,"2",2913551,"1",
"900000",20000,"3",2913551,"1",
"900000",20000,"4",2913551,"1",
"900000",20000,"5",2913551,"1",
"900030",13691,"1",2913551,"1",
"900030",13691,"2",2913551,"1",
"900030",13691,"3",2913551,"1",
"900030",13691,"4",2913551,"1",
"900030",13691,"5",2913551,"1",
"980000",33691,"1",2913551,"1",
"980000",33691,"2",2913551,"1",
"980000",33691,"3",2913551,"1",
"980000",33691,"4",2913551,"1",
"980000",33691,"5",2913551,"1",
"980070",35091,"1",2913551,"1",
"980070",35091,"2",2913551,"1",
"980070",35091,"3",2913551,"1",
"980070",35091,"4",2913551,"1",
"980070",35091,"5",2913551,"1",
"900000",20000,"1",2913552,"1",
"900000",20000,"2",2913552,"1",
"900000",20000,"3",2913552,"1",
"900000",20000,"4",2913552,"1",
"900000",20000,"5",2913552,"1",
"900030",13691,"1",2913552,"1",
"900030",13691,"2",2913552,"1",
"900030",13691,"3",2913552,"1",
"900030",13691,"4",2913552,"1",
"900030",13691,"5",2913552,"1",
"980000",33691,"1",2913552,"1",
"980000",33691,"2",2913552,"1",
"980000",33691,"3",2913552,"1",
"980000",33691,"4",2913552,"1",
"980000",33691,"5",2913552,"1",
"980070",35091,"1",2913552,"1",
"980070",35091,"2",2913552,"1",
"980070",35091,"3",2913552,"1",
"980070",35091,"4",2913552,"1",
"980070",35091,"5",2913552,"1",
"800940",535,"1",2913611,"1",
"800940",535,"2",2913611,"1",
"800940",535,"3",2913611,"1",
"800940",535,"4",2913611,"1",
"800940",535,"5",2913611,"1",
"900000",7000,"1",2913611,"1",
"900000",7000,"2",2913611,"1",
"900000",7000,"3",2913611,"1",
"900000",7000,"4",2913611,"1",
"900000",7000,"5",2913611,"1",
"900150",2484,"1",2913611,"1",
"900150",5604,"2",2913611,"1",
"900150",2580,"3",2913611,"1",
"900150",2568,"4",2913611,"1",
"900150",2160,"5",2913611,"1",
"900160",-1,"1",2913611,"1",
"900160",-1,"2",2913611,"1",
"900160",-1,"3",2913611,"1",
"900160",-1,"4",2913611,"1",
"900160",-1,"5",2913611,"1",
"980000",9483,"1",2913611,"1",
"980000",12603,"2",2913611,"1",
"980000",9579,"3",2913611,"1",
"980000",9567,"4",2913611,"1",
"980000",9159,"5",2913611,"1",
"980070",9483,"1",2913611,"1",
"980070",12603,"2",2913611,"1",
"980070",9579,"3",2913611,"1",
"980070",9567,"4",2913611,"1",
"980070",9159,"5",2913611,"1",
"800940",535,"1",2913612,"1",
"800940",535,"2",2913612,"1",
"800940",535,"3",2913612,"1",
"800940",535,"4",2913612,"1",
"800940",535,"5",2913612,"1",
"900000",7000,"1",2913612,"1",
"900000",7000,"2",2913612,"1",
"900000",7000,"3",2913612,"1",
"900000",7000,"4",2913612,"1",
"900000",7000,"5",2913612,"1",
"900150",2532,"1",2913612,"1",
"900150",1944,"2",2913612,"1",
"900150",2520,"3",2913612,"1",
"900150",2520,"4",2913612,"1",
"900150",1740,"5",2913612,"1",
"900160",-1,"1",2913612,"1",
"900160",-1,"2",2913612,"1",
"900160",-1,"3",2913612,"1",
"900160",-1,"4",2913612,"1",
"900160",-1,"5",2913612,"1",
"980000",9531,"1",2913612,"1",
"980000",8943,"2",2913612,"1",
"980000",9519,"3",2913612,"1",
"980000",9519,"4",2913612,"1",
"980000",8739,"5",2913612,"1",
"980070",9531,"1",2913612,"1",
"980070",8943,"2",2913612,"1",
"980070",9519,"3",2913612,"1",
"980070",9519,"4",2913612,"1",
"980070",8739,"5",2913612,"1",
"800940",3681,"1",2913621,"1",
"800940",3458,"2",2913621,"1",
"800940",7883,"3",2913621,"1",
"800940",1569,"4",2913621,"1",
"800940",6174,"5",2913621,"1",
"900000",45000,"1",2913621,"1",
"900000",45000,"2",2913621,"1",
"900000",45000,"3",2913621,"1",
"900000",45000,"4",2913621,"1",
"900000",45000,"5",2913621,"1",
"900160",1556,"1",2913621,"1",
"900160",104,"2",2913621,"1",
"900160",29020,"3",2913621,"1",
"900160",-12244,"4",2913621,"1",
"900160",17852,"5",2913621,"1",
"980000",46556,"1",2913621,"1",
"980000",45104,"2",2913621,"1",
"980000",74020,"3",2913621,"1",
"980000",32756,"4",2913621,"1",
"980000",62852,"5",2913621,"1",
"980070",46556,"1",2913621,"1",
"980070",45104,"2",2913621,"1",
"980070",74020,"3",2913621,"1",
"980070",32756,"4",2913621,"1",
"980070",62852,"5",2913621,"1",
"800940",6456,"1",2913622,"1",
"800940",5110,"2",2913622,"1",
"800940",3455,"3",2913622,"1",
"800940",3458,"4",2913622,"1",
"800940",5462,"5",2913622,"1",
"900000",45000,"1",2913622,"1",
"900000",45000,"2",2913622,"1",
"900000",45000,"3",2913622,"1",
"900000",45000,"4",2913622,"1",
"900000",45000,"5",2913622,"1",
"900160",19693,"1",2913622,"1",
"900160",10898,"2",2913622,"1",
"900160",81,"3",2913622,"1",
"900160",103,"4",2913622,"1",
"900160",13199,"5",2913622,"1",
"980000",64693,"1",2913622,"1",
"980000",55898,"2",2913622,"1",
"980000",45081,"3",2913622,"1",
"980000",45103,"4",2913622,"1",
"980000",58199,"5",2913622,"1",
"980070",64693,"1",2913622,"1",
"980070",55898,"2",2913622,"1",
"980070",45081,"3",2913622,"1",
"980070",45103,"4",2913622,"1",
"980070",58199,"5",2913622,"1",
"900000",110741,"1",2913631,"1",
"900000",83568,"2",2913631,"1",
"900000",97815,"3",2913631,"1",
"900000",161212,"4",2913631,"1",
"900000",77154,"5",2913631,"1",
"980000",110741,"1",2913631,"1",
"980000",83568,"2",2913631,"1",
"980000",97815,"3",2913631,"1",
"980000",161212,"4",2913631,"1",
"980000",77154,"5",2913631,"1",
"980070",110741,"1",2913631,"1",
"980070",83568,"2",2913631,"1",
"980070",97815,"3",2913631,"1",
"980070",161212,"4",2913631,"1",
"980070",77154,"5",2913631,"1",
"900000",145974,"1",2913632,"1",
"900000",167200,"2",2913632,"1",
"900000",103757,"3",2913632,"1",
"900000",54896,"4",2913632,"1",
"900000",132200,"5",2913632,"1",
"980000",145974,"1",2913632,"1",
"980000",167200,"2",2913632,"1",
"980000",103757,"3",2913632,"1",
"980000",54896,"4",2913632,"1",
"980000",132200,"5",2913632,"1",
"980070",145974,"1",2913632,"1",
"980070",167200,"2",2913632,"1",
"980070",103757,"3",2913632,"1",
"980070",54896,"4",2913632,"1",
"980070",132200,"5",2913632,"1",
"900000",40000,"1",2913641,"1",
"900000",40000,"2",2913641,"1",
"900000",40000,"3",2913641,"1",
"900000",40000,"4",2913641,"1",
"900000",40000,"5",2913641,"1",
"900180",683,"1",2913641,"1",
"900180",99,"2",2913641,"1",
"900180",117,"3",2913641,"1",
"900180",129,"4",2913641,"1",
"900180",7,"5",2913641,"1",
"980000",40683,"1",2913641,"1",
"980000",40099,"2",2913641,"1",
"980000",40117,"3",2913641,"1",
"980000",40129,"4",2913641,"1",
"980000",40007,"5",2913641,"1",
"980070",42103,"1",2913641,"1",
"980070",41519,"2",2913641,"1",
"980070",41537,"3",2913641,"1",
"980070",41549,"4",2913641,"1",
"980070",41427,"5",2913641,"1",
"900000",40000,"1",2913642,"1",
"900000",40000,"2",2913642,"1",
"900000",40000,"3",2913642,"1",
"900000",40000,"4",2913642,"1",
"900000",40000,"5",2913642,"1",
"900180",22,"1",2913642,"1",
"900180",91,"2",2913642,"1",
"900180",145,"3",2913642,"1",
"900180",0,"4",2913642,"1",
"900180",35,"5",2913642,"1",
"980000",40022,"1",2913642,"1",
"980000",40091,"2",2913642,"1",
"980000",40145,"3",2913642,"1",
"980000",40000,"4",2913642,"1",
"980000",40035,"5",2913642,"1",
"980070",41442,"1",2913642,"1",
"980070",41511,"2",2913642,"1",
"980070",41565,"3",2913642,"1",
"980070",41420,"4",2913642,"1",
"980070",41455,"5",2913642,"1",
"800940",10967,"1",2913651,"1","T"
"800940",10967,"2",2913651,"1","T"
"800940",10967,"3",2913651,"1","T"
"800940",10967,"4",2913651,"1","T"
"800940",10967,"5",2913651,"1","T"
"900000",108000,"1",2913651,"1",
"900000",108000,"2",2913651,"1",
"900000",108000,"3",2913651,"1",
"900000",108000,"4",2913651,"1",
"900000",108000,"5",2913651,"1",
"900160",3300,"1",2913651,"1",
"900160",76542,"2",2913651,"1",
"900160",10361,"3",2913651,"1",
"900160",19662,"4",2913651,"1",
"900160",13412,"5",2913651,"1",
"980000",111300,"1",2913651,"1",
"980000",184542,"2",2913651,"1",
"980000",118361,"3",2913651,"1",
"980000",127662,"4",2913651,"1",
"980000",121412,"5",2913651,"1",
"980070",111300,"1",2913651,"1",
"980070",184542,"2",2913651,"1",
"980070",118361,"3",2913651,"1",
"980070",127662,"4",2913651,"1",
"980070",121412,"5",2913651,"1",
"800940",10967,"1",2913652,"1","T"
"800940",10967,"2",2913652,"1","T"
"800940",10967,"3",2913652,"1","T"
"800940",10967,"4",2913652,"1","T"
"800940",10967,"5",2913652,"1","T"
"900000",108000,"1",2913652,"1",
"900000",108000,"2",2913652,"1",
"900000",108000,"3",2913652,"1",
"900000",108000,"4",2913652,"1",
"900000",108000,"5",2913652,"1",
"900160",654,"1",2913652,"1",
"900160",5502,"2",2913652,"1",
"900160",3039,"3",2913652,"1",
"900160",4355,"4",2913652,"1",
"900160",54559,"5",2913652,"1",
"980000",108654,"1",2913652,"1",
"980000",113502,"2",2913652,"1",
"980000",111039,"3",2913652,"1",
"980000",112355,"4",2913652,"1",
"980000",162559,"5",2913652,"1",
"980070",108654,"1",2913652,"1",
"980070",113502,"2",2913652,"1",
"980070",111039,"3",2913652,"1",
"980070",112355,"4",2913652,"1",
"980070",162559,"5",2913652,"1",
"900000",36000,"1",2913681,"1",
"900000",36000,"2",2913681,"1",
"900000",36000,"3",2913681,"1",
"900000",36000,"4",2913681,"1",
"900000",36000,"5",2913681,"1",
"900160",4000,"1",2913681,"1",
"900160",4000,"2",2913681,"1",
"900160",4000,"3",2913681,"1",
"900160",4000,"4",2913681,"1",
"900160",4000,"5",2913681,"1",
"980000",40000,"1",2913681,"1",
"980000",40000,"2",2913681,"1",
"980000",40000,"3",2913681,"1",
"980000",40000,"4",2913681,"1",
"980000",40000,"5",2913681,"1",
"980070",45920,"1",2913681,"1",
"980070",45920,"2",2913681,"1",
"980070",45920,"3",2913681,"1",
"980070",45920,"4",2913681,"1",
"980070",45920,"5",2913681,"1",
"900000",36000,"1",2913682,"1",
"900000",36000,"2",2913682,"1",
"900000",36000,"3",2913682,"1",
"900000",36000,"4",2913682,"1",
"900000",36000,"5",2913682,"1",
"900160",4000,"1",2913682,"1",
"900160",4000,"2",2913682,"1",
"900160",4000,"3",2913682,"1",
"900160",4000,"4",2913682,"1",
"900160",4000,"5",2913682,"1",
"980000",40000,"1",2913682,"1",
"980000",40000,"2",2913682,"1",
"980000",40000,"3",2913682,"1",
"980000",40000,"4",2913682,"1",
"980000",40000,"5",2913682,"1",
"980070",45920,"1",2913682,"1",
"980070",45920,"2",2913682,"1",
"980070",45920,"3",2913682,"1",
"980070",45920,"4",2913682,"1",
"980070",45920,"5",2913682,"1",
"900140",952,"1",2913712,"1",
"900140",1097,"2",2913712,"1",
"900140",1067,"3",2913712,"1",
"900140",4586,"4",2913712,"1",
"900140",1864,"5",2913712,"1",
"980000",952,"1",2913712,"1",
"980000",1097,"2",2913712,"1",
"980000",1067,"3",2913712,"1",
"980000",4586,"4",2913712,"1",
"980000",1864,"5",2913712,"1",
"980070",952,"1",2913712,"1",
"980070",1097,"2",2913712,"1",
"980070",1067,"3",2913712,"1",
"980070",4586,"4",2913712,"1",
"980070",1864,"5",2913712,"1",
"900000",14088,"1",2913731,"1",
"900000",31511,"2",2913731,"1",
"900000",8418,"3",2913731,"1",
"900000",49089,"4",2913731,"1",
"900000",47905,"5",2913731,"1",
"980000",14088,"1",2913731,"1",
"980000",31511,"2",2913731,"1",
"980000",8418,"3",2913731,"1",
"980000",49089,"4",2913731,"1",
"980000",47905,"5",2913731,"1",
"980070",14088,"1",2913731,"1",
"980070",31511,"2",2913731,"1",
"980070",8418,"3",2913731,"1",
"980070",49089,"4",2913731,"1",
"980070",47905,"5",2913731,"1",
"900000",16498,"1",2913732,"1",
"900000",35963,"2",2913732,"1",
"900000",22446,"3",2913732,"1",
"900000",39013,"4",2913732,"1",
"900000",21144,"5",2913732,"1",
"980000",16498,"1",2913732,"1",
"980000",35963,"2",2913732,"1",
"980000",22446,"3",2913732,"1",
"980000",39013,"4",2913732,"1",
"980000",21144,"5",2913732,"1",
"980070",16498,"1",2913732,"1",
"980070",35963,"2",2913732,"1",
"980070",22446,"3",2913732,"1",
"980070",39013,"4",2913732,"1",
"980070",21144,"5",2913732,"1",
"900000",44700,"1",2913741,"1",
"900000",44700,"2",2913741,"1",
"900000",44700,"3",2913741,"1",
"900000",44700,"4",2913741,"1",
"900000",44700,"5",2913741,"1",
"980000",44700,"1",2913741,"1",
"980000",44700,"2",2913741,"1",
"980000",44700,"3",2913741,"1",
"980000",44700,"4",2913741,"1",
"980000",44700,"5",2913741,"1",
"980070",49525,"1",2913741,"1",
"980070",49525,"2",2913741,"1",
"980070",49525,"3",2913741,"1",
"980070",49525,"4",2913741,"1",
"980070",49525,"5",2913741,"1",
"900000",44700,"1",2913742,"1",
"900000",44700,"2",2913742,"1",
"900000",44700,"3",2913742,"1",
"900000",44700,"4",2913742,"1",
"900000",44700,"5",2913742,"1",
"980000",44700,"1",2913742,"1",
"980000",44700,"2",2913742,"1",
"980000",44700,"3",2913742,"1",
"980000",44700,"4",2913742,"1",
"980000",44700,"5",2913742,"1",
"980070",49525,"1",2913742,"1",
"980070",49525,"2",2913742,"1",
"980070",49525,"3",2913742,"1",
"980070",49525,"4",2913742,"1",
"980070",49525,"5",2913742,"1",
"900000",75375,"1",2913751,"1",
"900000",48179,"2",2913751,"1",
"900000",50369,"3",2913751,"1",
"900000",70583,"4",2913751,"1",
"900000",97466,"5",2913751,"1",
"980000",75375,"1",2913751,"1",
"980000",48179,"2",2913751,"1",
"980000",50369,"3",2913751,"1",
"980000",70583,"4",2913751,"1",
"980000",97466,"5",2913751,"1",
"980070",75375,"1",2913751,"1",
"980070",48179,"2",2913751,"1",
"980070",50369,"3",2913751,"1",
"980070",70583,"4",2913751,"1",
"980070",97466,"5",2913751,"1",
"900000",65445,"1",2913752,"1",
"900000",104167,"2",2913752,"1",
"900000",48815,"3",2913752,"1",
"900000",79133,"4",2913752,"1",
"900000",98949,"5",2913752,"1",
"980000",65445,"1",2913752,"1",
"980000",104167,"2",2913752,"1",
"980000",48815,"3",2913752,"1",
"980000",79133,"4",2913752,"1",
"980000",98949,"5",2913752,"1",
"980070",65445,"1",2913752,"1",
"980070",104167,"2",2913752,"1",
"980070",48815,"3",2913752,"1",
"980070",79133,"4",2913752,"1",
"980070",98949,"5",2913752,"1",
"900000",116000,"1",2913761,"1",
"900000",116000,"2",2913761,"1",
"900000",116000,"3",2913761,"1",
"900000",116000,"4",2913761,"1",
"900000",116000,"5",2913761,"1",
"980000",116000,"1",2913761,"1",
"980000",116000,"2",2913761,"1",
"980000",116000,"3",2913761,"1",
"980000",116000,"4",2913761,"1",
"980000",116000,"5",2913761,"1",
"980070",108200,"1",2913761,"1",
"980070",108200,"2",2913761,"1",
"980070",108200,"3",2913761,"1",
"980070",108200,"4",2913761,"1",
"980070",108200,"5",2913761,"1",
"900000",116000,"1",2913762,"1",
"900000",116000,"2",2913762,"1",
"900000",116000,"3",2913762,"1",
"900000",116000,"4",2913762,"1",
"900000",116000,"5",2913762,"1",
"980000",116000,"1",2913762,"1",
"980000",116000,"2",2913762,"1",
"980000",116000,"3",2913762,"1",
"980000",116000,"4",2913762,"1",
"980000",116000,"5",2913762,"1",
"980070",108200,"1",2913762,"1",
"980070",108200,"2",2913762,"1",
"980070",108200,"3",2913762,"1",
"980070",108200,"4",2913762,"1",
"980070",108200,"5",2913762,"1",
"900030",18047,"1",2913771,"1",
"900030",18047,"2",2913771,"1",
"900030",18047,"3",2913771,"1",
"900030",18047,"4",2913771,"1",
"900030",18047,"5",2913771,"1",
"980000",18047,"1",2913771,"1",
"980000",18047,"2",2913771,"1",
"980000",18047,"3",2913771,"1",
"980000",18047,"4",2913771,"1",
"980000",18047,"5",2913771,"1",
"980070",18144,"1",2913771,"1",
"980070",18144,"2",2913771,"1",
"980070",18144,"3",2913771,"1",
"980070",18144,"4",2913771,"1",
"980070",18144,"5",2913771,"1",
"900030",18047,"1",2913772,"1",
"900030",18047,"2",2913772,"1",
"900030",18047,"3",2913772,"1",
"900030",18047,"4",2913772,"1",
"900030",18047,"5",2913772,"1",
"980000",18047,"1",2913772,"1",
"980000",18047,"2",2913772,"1",
"980000",18047,"3",2913772,"1",
"980000",18047,"4",2913772,"1",
"980000",18047,"5",2913772,"1",
"980070",18144,"1",2913772,"1",
"980070",18144,"2",2913772,"1",
"980070",18144,"3",2913772,"1",
"980070",18144,"4",2913772,"1",
"980070",18144,"5",2913772,"1",
"900000",16710,"1",2913781,"1",
"900000",10456,"2",2913781,"1",
"900000",7535,"3",2913781,"1",
"900000",3292,"4",2913781,"1",
"900000",3272,"5",2913781,"1",
"980000",16710,"1",2913781,"1",
"980000",10456,"2",2913781,"1",
"980000",7535,"3",2913781,"1",
"980000",3292,"4",2913781,"1",
"980000",3272,"5",2913781,"1",
"980070",16710,"1",2913781,"1",
"980070",10456,"2",2913781,"1",
"980070",7535,"3",2913781,"1",
"980070",3292,"4",2913781,"1",
"980070",3272,"5",2913781,"1",
"900000",2515,"1",2913782,"1",
"900000",20712,"2",2913782,"1",
"900000",2595,"3",2913782,"1",
"900000",47408,"4",2913782,"1",
"900000",2042,"5",2913782,"1",
"980000",2515,"1",2913782,"1",
"980000",20712,"2",2913782,"1",
"980000",2595,"3",2913782,"1",
"980000",47408,"4",2913782,"1",
"980000",2042,"5",2913782,"1",
"980070",2515,"1",2913782,"1",
"980070",20712,"2",2913782,"1",
"980070",2595,"3",2913782,"1",
"980070",47408,"4",2913782,"1",
"980070",2042,"5",2913782,"1",
"900090",710,"1",2913791,"1",
"900090",710,"2",2913791,"1",
"900090",710,"3",2913791,"1",
"900090",710,"4",2913791,"1",
"900090",710,"5",2913791,"1",
"900150",2268,"1",2913791,"1",
"900150",2268,"2",2913791,"1",
"900150",2268,"3",2913791,"1",
"900150",2268,"4",2913791,"1",
"900150",2268,"5",2913791,"1",
"900210",8700,"1",2913791,"1",
"900210",8700,"2",2913791,"1",
"900210",8700,"3",2913791,"1",
"900210",8700,"4",2913791,"1",
"900210",8700,"5",2913791,"1",
"980000",11678,"1",2913791,"1",
"980000",11678,"2",2913791,"1",
"980000",11678,"3",2913791,"1",
"980000",11678,"4",2913791,"1",
"980000",11678,"5",2913791,"1",
"980070",11678,"1",2913791,"1",
"980070",11678,"2",2913791,"1",
"980070",11678,"3",2913791,"1",
"980070",11678,"4",2913791,"1",
"980070",11678,"5",2913791,"1",
"900090",710,"1",2913792,"1",
"900090",710,"2",2913792,"1",
"900090",710,"3",2913792,"1",
"900090",710,"4",2913792,"1",
"900090",710,"5",2913792,"1",
"900150",2268,"1",2913792,"1",
"900150",2268,"2",2913792,"1",
"900150",2268,"3",2913792,"1",
"900150",2268,"4",2913792,"1",
"900150",2268,"5",2913792,"1",
"900210",8700,"1",2913792,"1",
"900210",8700,"2",2913792,"1",
"900210",8700,"3",2913792,"1",
"900210",8700,"4",2913792,"1",
"900210",8700,"5",2913792,"1",
"980000",11678,"1",2913792,"1",
"980000",11678,"2",2913792,"1",
"980000",11678,"3",2913792,"1",
"980000",11678,"4",2913792,"1",
"980000",11678,"5",2913792,"1",
"980070",11678,"1",2913792,"1",
"980070",11678,"2",2913792,"1",
"980070",11678,"3",2913792,"1",
"980070",11678,"4",2913792,"1",
"980070",11678,"5",2913792,"1",
"900030",29508,"1",2913801,"1",
"900030",41472,"2",2913801,"1",
"900030",30432,"3",2913801,"1",
"900030",26748,"4",2913801,"1",
"900030",36204,"5",2913801,"1",
"900180",38657,"1",2913801,"1","T"
"900180",38657,"2",2913801,"1","T"
"900180",38657,"3",2913801,"1","T"
"900180",38657,"4",2913801,"1","T"
"900180",38657,"5",2913801,"1","T"
"980000",71530,"1",2913801,"1","T"
"980000",71530,"2",2913801,"1","T"
"980000",71530,"3",2913801,"1","T"
"980000",71530,"4",2913801,"1","T"
"980000",71530,"5",2913801,"1","T"
"980070",71530,"1",2913801,"1","T"
"980070",71530,"2",2913801,"1","T"
"980070",71530,"3",2913801,"1","T"
"980070",71530,"4",2913801,"1","T"
"980070",71530,"5",2913801,"1","T"
"900030",31332,"1",2913802,"1",
"900030",14304,"2",2913802,"1",
"900030",39144,"3",2913802,"1",
"900030",21240,"4",2913802,"1",
"900030",32004,"5",2913802,"1",
"900180",1223,"1",2913802,"1",
"900180",8107,"2",2913802,"1",
"900180",1655,"3",2913802,"1",
"900180",20,"4",2913802,"1",
"900180",5652,"5",2913802,"1",
"980000",32555,"1",2913802,"1",
"980000",22411,"2",2913802,"1",
"980000",40799,"3",2913802,"1",
"980000",21260,"4",2913802,"1",
"980000",37656,"5",2913802,"1",
"980070",32555,"1",2913802,"1",
"980070",22411,"2",2913802,"1",
"980070",40799,"3",2913802,"1",
"980070",21260,"4",2913802,"1",
"980070",37656,"5",2913802,"1",
"900000",140000,"1",2913811,"1",
"900000",140000,"2",2913811,"1",
"900000",140000,"3",2913811,"1",
"900000",140000,"4",2913811,"1",
"900000",140000,"5",2913811,"1",
"980000",140000,"1",2913811,"1",
"980000",140000,"2",2913811,"1",
"980000",140000,"3",2913811,"1",
"980000",140000,"4",2913811,"1",
"980000",140000,"5",2913811,"1",
"980070",140000,"1",2913811,"1",
"980070",140000,"2",2913811,"1",
"980070",140000,"3",2913811,"1",
"980070",140000,"4",2913811,"1",
"980070",140000,"5",2913811,"1",
"900000",140000,"1",2913812,"1",
"900000",140000,"2",2913812,"1",
"900000",140000,"3",2913812,"1",
"900000",140000,"4",2913812,"1",
"900000",140000,"5",2913812,"1",
"980000",140000,"1",2913812,"1",
"980000",140000,"2",2913812,"1",
"980000",140000,"3",2913812,"1",
"980000",140000,"4",2913812,"1",
"980000",140000,"5",2913812,"1",
"980070",140000,"1",2913812,"1",
"980070",140000,"2",2913812,"1",
"980070",140000,"3",2913812,"1",
"980070",140000,"4",2913812,"1",
"980070",140000,"5",2913812,"1",
"900000",272893,"1",2913821,"1","T"
"900000",272893,"2",2913821,"1","T"
"900000",272893,"3",2913821,"1","T"
"900000",272893,"4",2913821,"1","T"
"900000",272893,"5",2913821,"1","T"
"900180",4006,"1",2913821,"1",
"900180",4420,"2",2913821,"1",
"900180",4225,"3",2913821,"1",
"900180",4304,"4",2913821,"1",
"900180",4126,"5",2913821,"1",
"980000",277110,"1",2913821,"1","T"
"980000",277110,"2",2913821,"1","T"
"980000",277110,"3",2913821,"1","T"
"980000",277110,"4",2913821,"1","T"
"980000",277110,"5",2913821,"1","T"
"980070",277110,"1",2913821,"1","T"
"980070",277110,"2",2913821,"1","T"
"980070",277110,"3",2913821,"1","T"
"980070",277110,"4",2913821,"1","T"
"980070",277110,"5",2913821,"1","T"
"900000",410973,"1",2913822,"1","T"
"900000",410973,"2",2913822,"1","T"
"900000",410973,"3",2913822,"1","T"
"900000",410973,"4",2913822,"1","T"
"900000",410973,"5",2913822,"1","T"
"900180",4683,"1",2913822,"1",
"900180",4134,"2",2913822,"1",
"900180",4994,"3",2913822,"1",
"900180",4189,"4",2913822,"1",
"900180",4322,"5",2913822,"1",
"980000",415438,"1",2913822,"1","T"
"980000",415438,"2",2913822,"1","T"
"980000",415438,"3",2913822,"1","T"
"980000",415438,"4",2913822,"1","T"
"980000",415438,"5",2913822,"1","T"
"980070",415438,"1",2913822,"1","T"
"980070",415438,"2",2913822,"1","T"
"980070",415438,"3",2913822,"1","T"
"980070",415438,"4",2913822,"1","T"
"980070",415438,"5",2913822,"1","T"
"900000",12000,"1",2913831,"1",
"900000",12000,"2",2913831,"1",
"900000",12000,"3",2913831,"1",
"900000",12000,"4",2913831,"1",
"900000",12000,"5",2913831,"1",
"900030",32722,"1",2913831,"1",
"900030",32722,"2",2913831,"1",
"900030",32722,"3",2913831,"1",
"900030",32722,"4",2913831,"1",
"900030",32722,"5",2913831,"1",
"980000",44722,"1",2913831,"1",
"980000",44722,"2",2913831,"1",
"980000",44722,"3",2913831,"1",
"980000",44722,"4",2913831,"1",
"980000",44722,"5",2913831,"1",
"980070",45478,"1",2913831,"1",
"980070",45478,"2",2913831,"1",
"980070",45478,"3",2913831,"1",
"980070",45478,"4",2913831,"1",
"980070",45478,"5",2913831,"1",
"900000",12000,"1",2913832,"1",
"900000",12000,"2",2913832,"1",
"900000",12000,"3",2913832,"1",
"900000",12000,"4",2913832,"1",
"900000",12000,"5",2913832,"1",
"900030",32722,"1",2913832,"1",
"900030",32722,"2",2913832,"1",
"900030",32722,"3",2913832,"1",
"900030",32722,"4",2913832,"1",
"900030",32722,"5",2913832,"1",
"980000",44722,"1",2913832,"1",
"980000",44722,"2",2913832,"1",
"980000",44722,"3",2913832,"1",
"980000",44722,"4",2913832,"1",
"980000",44722,"5",2913832,"1",
"980070",45478,"1",2913832,"1",
"980070",45478,"2",2913832,"1",
"980070",45478,"3",2913832,"1",
"980070",45478,"4",2913832,"1",
"980070",45478,"5",2913832,"1",
"800940",11786,"1",2913841,"1","T"
"800940",11786,"2",2913841,"1","T"
"800940",11786,"3",2913841,"1","T"
"800940",11786,"4",2913841,"1","T"
"800940",11786,"5",2913841,"1","T"
"900000",209187,"1",2913841,"1","T"
"900000",209187,"2",2913841,"1","T"
"900000",209187,"3",2913841,"1","T"
"900000",209187,"4",2913841,"1","T"
"900000",209187,"5",2913841,"1","T"
"900140",2700,"1",2913841,"1",
"900140",2700,"2",2913841,"1",
"900140",2700,"3",2913841,"1",
"900140",2700,"4",2913841,"1",
"900140",2700,"5",2913841,"1",
"900160",905000,"1",2913841,"1",
"900160",905000,"2",2913841,"1",
"900160",905000,"3",2913841,"1",
"900160",905000,"4",2913841,"1",
"900160",905000,"5",2913841,"1",
"900170",45600,"1",2913841,"1",
"900170",45600,"2",2913841,"1",
"900170",45600,"3",2913841,"1",
"900170",45600,"4",2913841,"1",
"900170",45600,"5",2913841,"1",
"900190",19200,"1",2913841,"1",
"900190",19200,"2",2913841,"1",
"900190",19200,"3",2913841,"1",
"900190",19200,"4",2913841,"1",
"900190",19200,"5",2913841,"1",
"980000",1181687,"1",2913841,"1","T"
"980000",1181687,"2",2913841,"1","T"
"980000",1181687,"3",2913841,"1","T"
"980000",1181687,"4",2913841,"1","T"
"980000",1181687,"5",2913841,"1","T"
"980070",1117926,"1",2913841,"1","T"
"980070",1117926,"2",2913841,"1","T"
"980070",1117926,"3",2913841,"1","T"
"980070",1117926,"4",2913841,"1","T"
"980070",1117926,"5",2913841,"1","T"
"800940",11786,"1",2913842,"1","T"
"800940",11786,"2",2913842,"1","T"
"800940",11786,"3",2913842,"1","T"
"800940",11786,"4",2913842,"1","T"
"800940",11786,"5",2913842,"1","T"
"900000",209187,"1",2913842,"1","T"
"900000",209187,"2",2913842,"1","T"
"900000",209187,"3",2913842,"1","T"
"900000",209187,"4",2913842,"1","T"
"900000",209187,"5",2913842,"1","T"
"900140",2700,"1",2913842,"1",
"900140",2700,"2",2913842,"1",
"900140",2700,"3",2913842,"1",
"900140",2700,"4",2913842,"1",
"900140",2700,"5",2913842,"1",
"900160",905000,"1",2913842,"1",
"900160",905000,"2",2913842,"1",
"900160",905000,"3",2913842,"1",
"900160",905000,"4",2913842,"1",
"900160",905000,"5",2913842,"1",
"900170",45600,"1",2913842,"1",
"900170",45600,"2",2913842,"1",
"900170",45600,"3",2913842,"1",
"900170",45600,"4",2913842,"1",
"900170",45600,"5",2913842,"1",
"900190",19200,"1",2913842,"1",
"900190",19200,"2",2913842,"1",
"900190",19200,"3",2913842,"1",
"900190",19200,"4",2913842,"1",
"900190",19200,"5",2913842,"1",
"980000",1181687,"1",2913842,"1","T"
"980000",1181687,"2",2913842,"1","T"
"980000",1181687,"3",2913842,"1","T"
"980000",1181687,"4",2913842,"1","T"
"980000",1181687,"5",2913842,"1","T"
"980070",1117926,"1",2913842,"1","T"
"980070",1117926,"2",2913842,"1","T"
"980070",1117926,"3",2913842,"1","T"
"980070",1117926,"4",2913842,"1","T"
"980070",1117926,"5",2913842,"1","T"
"900000",47537,"1",2913881,"1",
"900000",39240,"2",2913881,"1",
"900000",31927,"3",2913881,"1",
"900000",13935,"4",2913881,"1",
"900000",61486,"5",2913881,"1",
"980000",47537,"1",2913881,"1",
"980000",39240,"2",2913881,"1",
"980000",31927,"3",2913881,"1",
"980000",13935,"4",2913881,"1",
"980000",61486,"5",2913881,"1",
"980070",47537,"1",2913881,"1",
"980070",39240,"2",2913881,"1",
"980070",31927,"3",2913881,"1",
"980070",13935,"4",2913881,"1",
"980070",61486,"5",2913881,"1",
"900000",61886,"1",2913882,"1",
"900000",30589,"2",2913882,"1",
"900000",22289,"3",2913882,"1",
"900000",43643,"4",2913882,"1",
"900000",43887,"5",2913882,"1",
"980000",61886,"1",2913882,"1",
"980000",30589,"2",2913882,"1",
"980000",22289,"3",2913882,"1",
"980000",43643,"4",2913882,"1",
"980000",43887,"5",2913882,"1",
"980070",61886,"1",2913882,"1",
"980070",30589,"2",2913882,"1",
"980070",22289,"3",2913882,"1",
"980070",43643,"4",2913882,"1",
"980070",43887,"5",2913882,"1",
"900000",52000,"1",2913891,"1",
"900000",52000,"2",2913891,"1",
"900000",52000,"3",2913891,"1",
"900000",52000,"4",2913891,"1",
"900000",52000,"5",2913891,"1",
"980000",52000,"1",2913891,"1",
"980000",52000,"2",2913891,"1",
"980000",52000,"3",2913891,"1",
"980000",52000,"4",2913891,"1",
"980000",52000,"5",2913891,"1",
"980070",58000,"1",2913891,"1",
"980070",58000,"2",2913891,"1",
"980070",58000,"3",2913891,"1",
"980070",58000,"4",2913891,"1",
"980070",58000,"5",2913891,"1",
"900000",52000,"1",2913892,"1",
"900000",52000,"2",2913892,"1",
"900000",52000,"3",2913892,"1",
"900000",52000,"4",2913892,"1",
"900000",52000,"5",2913892,"1",
"980000",52000,"1",2913892,"1",
"980000",52000,"2",2913892,"1",
"980000",52000,"3",2913892,"1",
"980000",52000,"4",2913892,"1",
"980000",52000,"5",2913892,"1",
"980070",58000,"1",2913892,"1",
"980070",58000,"2",2913892,"1",
"980070",58000,"3",2913892,"1",
"980070",58000,"4",2913892,"1",
"980070",58000,"5",2913892,"1",
"900000",60000,"1",2913901,"1",
"900000",60000,"2",2913901,"1",
"900000",60000,"3",2913901,"1",
"900000",60000,"4",2913901,"1",
"900000",60000,"5",2913901,"1",
"980000",60000,"1",2913901,"1",
"980000",60000,"2",2913901,"1",
"980000",60000,"3",2913901,"1",
"980000",60000,"4",2913901,"1",
"980000",60000,"5",2913901,"1",
"980070",60000,"1",2913901,"1",
"980070",60000,"2",2913901,"1",
"980070",60000,"3",2913901,"1",
"980070",60000,"4",2913901,"1",
"980070",60000,"5",2913901,"1",
"900000",60000,"1",2913902,"1",
"900000",60000,"2",2913902,"1",
"900000",60000,"3",2913902,"1",
"900000",60000,"4",2913902,"1",
"900000",60000,"5",2913902,"1",
"980000",60000,"1",2913902,"1",
"980000",60000,"2",2913902,"1",
"980000",60000,"3",2913902,"1",
"980000",60000,"4",2913902,"1",
"980000",60000,"5",2913902,"1",
"980070",60000,"1",2913902,"1",
"980070",60000,"2",2913902,"1",
"980070",60000,"3",2913902,"1",
"980070",60000,"4",2913902,"1",
"980070",60000,"5",2913902,"1",
"900030",26278,"1",2913921,"1",
"900030",26278,"2",2913921,"1",
"900030",26278,"3",2913921,"1",
"900030",26278,"4",2913921,"1",
"900030",26278,"5",2913921,"1",
"900170",727,"1",2913921,"1",
"900170",727,"2",2913921,"1",
"900170",727,"3",2913921,"1",
"900170",727,"4",2913921,"1",
"900170",727,"5",2913921,"1",
"900210",250,"1",2913921,"1",
"900210",250,"2",2913921,"1",
"900210",250,"3",2913921,"1",
"900210",250,"4",2913921,"1",
"900210",250,"5",2913921,"1",
"980000",27255,"1",2913921,"1",
"980000",27255,"2",2913921,"1",
"980000",27255,"3",2913921,"1",
"980000",27255,"4",2913921,"1",
"980000",27255,"5",2913921,"1",
"980070",27555,"1",2913921,"1",
"980070",27555,"2",2913921,"1",
"980070",27555,"3",2913921,"1",
"980070",27555,"4",2913921,"1",
"980070",27555,"5",2913921,"1",
"900030",26278,"1",2913922,"1",
"900030",26278,"2",2913922,"1",
"900030",26278,"3",2913922,"1",
"900030",26278,"4",2913922,"1",
"900030",26278,"5",2913922,"1",
"900170",727,"1",2913922,"1",
"900170",727,"2",2913922,"1",
"900170",727,"3",2913922,"1",
"900170",727,"4",2913922,"1",
"900170",727,"5",2913922,"1",
"900210",250,"1",2913922,"1",
"900210",250,"2",2913922,"1",
"900210",250,"3",2913922,"1",
"900210",250,"4",2913922,"1",
"900210",250,"5",2913922,"1",
"980000",27255,"1",2913922,"1",
"980000",27255,"2",2913922,"1",
"980000",27255,"3",2913922,"1",
"980000",27255,"4",2913922,"1",
"980000",27255,"5",2913922,"1",
"980070",27555,"1",2913922,"1",
"980070",27555,"2",2913922,"1",
"980070",27555,"3",2913922,"1",
"980070",27555,"4",2913922,"1",
"980070",27555,"5",2913922,"1",
"900000",25387,"1",2913941,"1",
"900000",69578,"2",2913941,"1",
"900000",39294,"3",2913941,"1",
"900000",70991,"4",2913941,"1",
"900000",52576,"5",2913941,"1",
"980000",25387,"1",2913941,"1",
"980000",69578,"2",2913941,"1",
"980000",39294,"3",2913941,"1",
"980000",70991,"4",2913941,"1",
"980000",52576,"5",2913941,"1",
"980070",25387,"1",2913941,"1",
"980070",69578,"2",2913941,"1",
"980070",39294,"3",2913941,"1",
"980070",70991,"4",2913941,"1",
"980070",52576,"5",2913941,"1",
"900000",37502,"1",2913942,"1",
"900000",61611,"2",2913942,"1",
"900000",42036,"3",2913942,"1",
"900000",42284,"4",2913942,"1",
"900000",76741,"5",2913942,"1",
"980000",37502,"1",2913942,"1",
"980000",61611,"2",2913942,"1",
"980000",42036,"3",2913942,"1",
"980000",42284,"4",2913942,"1",
"980000",76741,"5",2913942,"1",
"980070",37502,"1",2913942,"1",
"980070",61611,"2",2913942,"1",
"980070",42036,"3",2913942,"1",
"980070",42284,"4",2913942,"1",
"980070",76741,"5",2913942,"1",
"900000",1200,"1",2913961,"1",
"900000",1200,"2",2913961,"1",
"900000",1200,"3",2913961,"1",
"900000",1200,"4",2913961,"1",
"900000",1200,"5",2913961,"1",
"900090",7344,"1",2913961,"1",
"900090",7344,"2",2913961,"1",
"900090",7344,"3",2913961,"1",
"900090",7344,"4",2913961,"1",
"900090",7344,"5",2913961,"1",
"900150",28800,"1",2913961,"1",
"900150",28800,"2",2913961,"1",
"900150",28800,"3",2913961,"1",
"900150",28800,"4",2913961,"1",
"900150",28800,"5",2913961,"1",
"980000",37344,"1",2913961,"1",
"980000",37344,"2",2913961,"1",
"980000",37344,"3",2913961,"1",
"980000",37344,"4",2913961,"1",
"980000",37344,"5",2913961,"1",
"980070",37344,"1",2913961,"1",
"980070",37344,"2",2913961,"1",
"980070",37344,"3",2913961,"1",
"980070",37344,"4",2913961,"1",
"980070",37344,"5",2913961,"1",
"900000",1200,"1",2913962,"1",
"900000",1200,"2",2913962,"1",
"900000",1200,"3",2913962,"1",
"900000",1200,"4",2913962,"1",
"900000",1200,"5",2913962,"1",
"900090",7344,"1",2913962,"1",
"900090",7344,"2",2913962,"1",
"900090",7344,"3",2913962,"1",
"900090",7344,"4",2913962,"1",
"900090",7344,"5",2913962,"1",
"900150",28800,"1",2913962,"1",
"900150",28800,"2",2913962,"1",
"900150",28800,"3",2913962,"1",
"900150",28800,"4",2913962,"1",
"900150",28800,"5",2913962,"1",
"980000",37344,"1",2913962,"1",
"980000",37344,"2",2913962,"1",
"980000",37344,"3",2913962,"1",
"980000",37344,"4",2913962,"1",
"980000",37344,"5",2913962,"1",
"980070",37344,"1",2913962,"1",
"980070",37344,"2",2913962,"1",
"980070",37344,"3",2913962,"1",
"980070",37344,"4",2913962,"1",
"980070",37344,"5",2913962,"1",
"900000",308503,"1",2913981,"1","T"
"900000",308503,"2",2913981,"1","T"
"900000",308503,"3",2913981,"1","T"
"900000",308503,"4",2913981,"1","T"
"900000",308503,"5",2913981,"1","T"
"900180",500,"1",2913981,"1",
"900180",500,"2",2913981,"1",
"900180",500,"3",2913981,"1",
"900180",500,"4",2913981,"1",
"900180",500,"5",2913981,"1",
"980000",309003,"1",2913981,"1","T"
"980000",309003,"2",2913981,"1","T"
"980000",309003,"3",2913981,"1","T"
"980000",309003,"4",2913981,"1","T"
"980000",309003,"5",2913981,"1","T"
"980070",313903,"1",2913981,"1","T"
"980070",313903,"2",2913981,"1","T"
"980070",313903,"3",2913981,"1","T"
"980070",313903,"4",2913981,"1","T"
"980070",313903,"5",2913981,"1","T"
"900000",305472,"1",2913982,"1","T"
"900000",305472,"2",2913982,"1","T"
"900000",305472,"3",2913982,"1","T"
"900000",305472,"4",2913982,"1","T"
"900000",305472,"5",2913982,"1","T"
"900180",500,"1",2913982,"1",
"900180",500,"2",2913982,"1",
"900180",500,"3",2913982,"1",
"900180",500,"4",2913982,"1",
"900180",500,"5",2913982,"1",
"980000",305972,"1",2913982,"1","T"
"980000",305972,"2",2913982,"1","T"
"980000",305972,"3",2913982,"1","T"
"980000",305972,"4",2913982,"1","T"
"980000",305972,"5",2913982,"1","T"
"980070",310872,"1",2913982,"1","T"
"980070",310872,"2",2913982,"1","T"
"980070",310872,"3",2913982,"1","T"
"980070",310872,"4",2913982,"1","T"
"980070",310872,"5",2913982,"1","T"
"900000",44916,"1",2913991,"1",
"900000",47310,"2",2913991,"1",
"900000",49056,"3",2913991,"1",
"900000",47723,"4",2913991,"1",
"900000",48202,"5",2913991,"1",
"980000",44916,"1",2913991,"1",
"980000",47310,"2",2913991,"1",
"980000",49056,"3",2913991,"1",
"980000",47723,"4",2913991,"1",
"980000",48202,"5",2913991,"1",
"980070",44516,"1",2913991,"1",
"980070",46910,"2",2913991,"1",
"980070",48656,"3",2913991,"1",
"980070",47323,"4",2913991,"1",
"980070",47802,"5",2913991,"1",
"900000",47069,"1",2913992,"1",
"900000",40981,"2",2913992,"1",
"900000",40758,"3",2913992,"1",
"900000",46690,"4",2913992,"1",
"900000",45021,"5",2913992,"1",
"980000",47069,"1",2913992,"1",
"980000",40981,"2",2913992,"1",
"980000",40758,"3",2913992,"1",
"980000",46690,"4",2913992,"1",
"980000",45021,"5",2913992,"1",
"980070",46669,"1",2913992,"1",
"980070",40581,"2",2913992,"1",
"980070",40358,"3",2913992,"1",
"980070",46290,"4",2913992,"1",
"980070",44621,"5",2913992,"1",
"900000",46000,"1",2914001,"1",
"900000",46000,"2",2914001,"1",
"900000",46000,"3",2914001,"1",
"900000",46000,"4",2914001,"1",
"900000",46000,"5",2914001,"1",
"980000",46000,"1",2914001,"1",
"980000",46000,"2",2914001,"1",
"980000",46000,"3",2914001,"1",
"980000",46000,"4",2914001,"1",
"980000",46000,"5",2914001,"1",
"980070",46000,"1",2914001,"1",
"980070",46000,"2",2914001,"1",
"980070",46000,"3",2914001,"1",
"980070",46000,"4",2914001,"1",
"980070",46000,"5",2914001,"1",
"900000",46000,"1",2914002,"1",
"900000",46000,"2",2914002,"1",
"900000",46000,"3",2914002,"1",
"900000",46000,"4",2914002,"1",
"900000",46000,"5",2914002,"1",
"980000",46000,"1",2914002,"1",
"980000",46000,"2",2914002,"1",
"980000",46000,"3",2914002,"1",
"980000",46000,"4",2914002,"1",
"980000",46000,"5",2914002,"1",
"980070",46000,"1",2914002,"1",
"980070",46000,"2",2914002,"1",
"980070",46000,"3",2914002,"1",
"980070",46000,"4",2914002,"1",
"980070",46000,"5",2914002,"1",
"900000",33667,"1",2914011,"1",
"900000",33029,"2",2914011,"1",
"900000",43996,"3",2914011,"1",
"900000",58717,"4",2914011,"1",
"900000",32273,"5",2914011,"1",
"980000",33667,"1",2914011,"1",
"980000",33029,"2",2914011,"1",
"980000",43996,"3",2914011,"1",
"980000",58717,"4",2914011,"1",
"980000",32273,"5",2914011,"1",
"980070",33667,"1",2914011,"1",
"980070",33029,"2",2914011,"1",
"980070",43996,"3",2914011,"1",
"980070",58717,"4",2914011,"1",
"980070",32273,"5",2914011,"1",
"900000",7051,"1",2914012,"1",
"900000",2329,"2",2914012,"1",
"900000",1656,"3",2914012,"1",
"900000",5978,"4",2914012,"1",
"900000",17083,"5",2914012,"1",
"980000",7051,"1",2914012,"1",
"980000",2329,"2",2914012,"1",
"980000",1656,"3",2914012,"1",
"980000",5978,"4",2914012,"1",
"980000",17083,"5",2914012,"1",
"980070",7051,"1",2914012,"1",
"980070",2329,"2",2914012,"1",
"980070",1656,"3",2914012,"1",
"980070",5978,"4",2914012,"1",
"980070",17083,"5",2914012,"1",
"900000",24000,"1",2914021,"1",
"900000",24000,"2",2914021,"1",
"900000",24000,"3",2914021,"1",
"900000",24000,"4",2914021,"1",
"900000",24000,"5",2914021,"1",
"900030",13019,"1",2914021,"1",
"900030",13019,"2",2914021,"1",
"900030",13019,"3",2914021,"1",
"900030",13019,"4",2914021,"1",
"900030",13019,"5",2914021,"1",
"980000",37019,"1",2914021,"1",
"980000",37019,"2",2914021,"1",
"980000",37019,"3",2914021,"1",
"980000",37019,"4",2914021,"1",
"980000",37019,"5",2914021,"1",
"980070",37919,"1",2914021,"1",
"980070",37919,"2",2914021,"1",
"980070",37919,"3",2914021,"1",
"980070",37919,"4",2914021,"1",
"980070",37919,"5",2914021,"1",
"900000",24000,"1",2914022,"1",
"900000",24000,"2",2914022,"1",
"900000",24000,"3",2914022,"1",
"900000",24000,"4",2914022,"1",
"900000",24000,"5",2914022,"1",
"900030",13019,"1",2914022,"1",
"900030",13019,"2",2914022,"1",
"900030",13019,"3",2914022,"1",
"900030",13019,"4",2914022,"1",
"900030",13019,"5",2914022,"1",
"980000",37019,"1",2914022,"1",
"980000",37019,"2",2914022,"1",
"980000",37019,"3",2914022,"1",
"980000",37019,"4",2914022,"1",
"980000",37019,"5",2914022,"1",
"980070",37919,"1",2914022,"1",
"980070",37919,"2",2914022,"1",
"980070",37919,"3",2914022,"1",
"980070",37919,"4",2914022,"1",
"980070",37919,"5",2914022,"1",
"800940",10967,"1",2914031,"1","T"
"800940",10967,"2",2914031,"1","T"
"800940",10967,"3",2914031,"1","T"
"800940",10967,"4",2914031,"1","T"
"800940",10967,"5",2914031,"1","T"
"900000",159117,"1",2914031,"1",
"900000",159524,"2",2914031,"1",
"900000",165671,"3",2914031,"1",
"900000",157124,"4",2914031,"1",
"900000",166385,"5",2914031,"1",
"900160",45000,"1",2914031,"1",
"900160",45000,"2",2914031,"1",
"900160",45000,"3",2914031,"1",
"900160",45000,"4",2914031,"1",
"900160",45000,"5",2914031,"1",
"900180",1713,"1",2914031,"1",
"900180",1033,"2",2914031,"1",
"900180",1159,"3",2914031,"1",
"900180",1083,"4",2914031,"1",
"900180",1034,"5",2914031,"1",
"950002",10926,"1",2914031,"1",
"950002",11010,"2",2914031,"1",
"950002",12274,"3",2914031,"1",
"950002",10516,"4",2914031,"1",
"950002",12421,"5",2914031,"1",
"950012",2179,"1",2914031,"1",
"950012",2196,"2",2914031,"1",
"950012",2448,"3",2914031,"1",
"950012",2097,"4",2914031,"1",
"950012",2477,"5",2914031,"1",
"980000",205830,"1",2914031,"1",
"980000",205557,"2",2914031,"1",
"980000",211830,"3",2914031,"1",
"980000",203207,"4",2914031,"1",
"980000",212419,"5",2914031,"1",
"980070",192725,"1",2914031,"1",
"980070",192351,"2",2914031,"1",
"980070",197108,"3",2914031,"1",
"980070",190594,"4",2914031,"1",
"980070",197521,"5",2914031,"1",
"800940",10967,"1",2914032,"1","T"
"800940",10967,"2",2914032,"1","T"
"800940",10967,"3",2914032,"1","T"
"800940",10967,"4",2914032,"1","T"
"800940",10967,"5",2914032,"1","T"
"900000",166630,"1",2914032,"1",
"900000",159514,"2",2914032,"1",
"900000",163589,"3",2914032,"1",
"900000",167232,"4",2914032,"1",
"900000",175007,"5",2914032,"1",
"900160",45000,"1",2914032,"1",
"900160",45000,"2",2914032,"1",
"900160",45000,"3",2914032,"1",
"900160",45000,"4",2914032,"1",
"900160",45000,"5",2914032,"1",
"900180",1739,"1",2914032,"1",
"900180",1295,"2",2914032,"1",
"900180",1129,"3",2914032,"1",
"900180",1028,"4",2914032,"1",
"900180",1175,"5",2914032,"1",
"950002",12472,"1",2914032,"1",
"950002",11008,"2",2914032,"1",
"950002",11846,"3",2914032,"1",
"950002",12595,"4",2914032,"1",
"950002",14195,"5",2914032,"1",
"950012",2487,"1",2914032,"1",
"950012",2195,"2",2914032,"1",
"950012",2363,"3",2914032,"1",
"950012",2512,"4",2914032,"1",
"950012",2831,"5",2914032,"1",
"980000",213369,"1",2914032,"1",
"980000",205809,"2",2914032,"1",
"980000",209718,"3",2914032,"1",
"980000",213260,"4",2914032,"1",
"980000",221182,"5",2914032,"1",
"980070",198410,"1",2914032,"1",
"980070",192606,"2",2914032,"1",
"980070",195509,"3",2914032,"1",
"980070",198153,"4",2914032,"1",
"980070",204156,"5",2914032,"1",
"900000",205487,"1",2914041,"1","T"
"900000",205487,"2",2914041,"1","T"
"900000",205487,"3",2914041,"1","T"
"900000",205487,"4",2914041,"1","T"
"900000",205487,"5",2914041,"1","T"
"900180",600,"1",2914041,"1",
"900180",600,"2",2914041,"1",
"900180",600,"3",2914041,"1",
"900180",600,"4",2914041,"1",
"900180",600,"5",2914041,"1",
"950002",49141,"1",2914041,"1","T"
"950002",49141,"2",2914041,"1","T"
"950002",49141,"3",2914041,"1","T"
"950002",49141,"4",2914041,"1","T"
"950002",49141,"5",2914041,"1","T"
"980000",206087,"1",2914041,"1","T"
"980000",206087,"2",2914041,"1","T"
"980000",206087,"3",2914041,"1","T"
"980000",206087,"4",2914041,"1","T"
"980000",206087,"5",2914041,"1","T"
"980070",169482,"1",2914041,"1","T"
"980070",169482,"2",2914041,"1","T"
"980070",169482,"3",2914041,"1","T"
"980070",169482,"4",2914041,"1","T"
"980070",169482,"5",2914041,"1","T"
"900000",205487,"1",2914042,"1","T"
"900000",205487,"2",2914042,"1","T"
"900000",205487,"3",2914042,"1","T"
"900000",205487,"4",2914042,"1","T"
"900000",205487,"5",2914042,"1","T"
"900180",600,"1",2914042,"1",
"900180",600,"2",2914042,"1",
"900180",600,"3",2914042,"1",
"900180",600,"4",2914042,"1",
"900180",600,"5",2914042,"1",
"950002",49141,"1",2914042,"1","T"
"950002",49141,"2",2914042,"1","T"
"950002",49141,"3",2914042,"1","T"
"950002",49141,"4",2914042,"1","T"
"950002",49141,"5",2914042,"1","T"
"980000",206087,"1",2914042,"1","T"
"980000",206087,"2",2914042,"1","T"
"980000",206087,"3",2914042,"1","T"
"980000",206087,"4",2914042,"1","T"
"980000",206087,"5",2914042,"1","T"
"980070",169482,"1",2914042,"1","T"
"980070",169482,"2",2914042,"1","T"
"980070",169482,"3",2914042,"1","T"
"980070",169482,"4",2914042,"1","T"
"980070",169482,"5",2914042,"1","T"
"900000",110000,"1",2914061,"1",
"900000",110000,"2",2914061,"1",
"900000",110000,"3",2914061,"1",
"900000",110000,"4",2914061,"1",
"900000",110000,"5",2914061,"1",
"900180",50,"1",2914061,"1",
"900180",50,"2",2914061,"1",
"900180",50,"3",2914061,"1",
"900180",50,"4",2914061,"1",
"900180",50,"5",2914061,"1",
"950002",6807,"1",2914061,"1",
"950002",6807,"2",2914061,"1",
"950002",6807,"3",2914061,"1",
"950002",6807,"4",2914061,"1",
"950002",6807,"5",2914061,"1",
"950012",3256,"1",2914061,"1",
"950012",3256,"2",2914061,"1",
"950012",3256,"3",2914061,"1",
"950012",3256,"4",2914061,"1",
"950012",3256,"5",2914061,"1",
"980000",110050,"1",2914061,"1",
"980000",110050,"2",2914061,"1",
"980000",110050,"3",2914061,"1",
"980000",110050,"4",2914061,"1",
"980000",110050,"5",2914061,"1",
"980070",100787,"1",2914061,"1",
"980070",100787,"2",2914061,"1",
"980070",100787,"3",2914061,"1",
"980070",100787,"4",2914061,"1",
"980070",100787,"5",2914061,"1",
"900000",110000,"1",2914062,"1",
"900000",110000,"2",2914062,"1",
"900000",110000,"3",2914062,"1",
"900000",110000,"4",2914062,"1",
"900000",110000,"5",2914062,"1",
"900180",50,"1",2914062,"1",
"900180",50,"2",2914062,"1",
"900180",50,"3",2914062,"1",
"900180",50,"4",2914062,"1",
"900180",50,"5",2914062,"1",
"950002",6807,"1",2914062,"1",
"950002",6807,"2",2914062,"1",
"950002",6807,"3",2914062,"1",
"950002",6807,"4",2914062,"1",
"950002",6807,"5",2914062,"1",
"950012",3256,"1",2914062,"1",
"950012",3256,"2",2914062,"1",
"950012",3256,"3",2914062,"1",
"950012",3256,"4",2914062,"1",
"950012",3256,"5",2914062,"1",
"980000",110050,"1",2914062,"1",
"980000",110050,"2",2914062,"1",
"980000",110050,"3",2914062,"1",
"980000",110050,"4",2914062,"1",
"980000",110050,"5",2914062,"1",
"980070",100787,"1",2914062,"1",
"980070",100787,"2",2914062,"1",
"980070",100787,"3",2914062,"1",
"980070",100787,"4",2914062,"1",
"980070",100787,"5",2914062,"1",
"900030",26398,"1",2914081,"1",
"900030",40666,"2",2914081,"1",
"900030",24982,"3",2914081,"1",
"900030",35746,"4",2914081,"1",
"900030",18274,"5",2914081,"1",
"980000",26398,"1",2914081,"1",
"980000",40666,"2",2914081,"1",
"980000",24982,"3",2914081,"1",
"980000",35746,"4",2914081,"1",
"980000",18274,"5",2914081,"1",
"980070",26398,"1",2914081,"1",
"980070",40666,"2",2914081,"1",
"980070",24982,"3",2914081,"1",
"980070",35746,"4",2914081,"1",
"980070",18274,"5",2914081,"1",
"900030",21550,"1",2914082,"1",
"900030",15502,"2",2914082,"1",
"900030",24106,"3",2914082,"1",
"900030",23470,"4",2914082,"1",
"900030",27682,"5",2914082,"1",
"980000",21550,"1",2914082,"1",
"980000",15502,"2",2914082,"1",
"980000",24106,"3",2914082,"1",
"980000",23470,"4",2914082,"1",
"980000",27682,"5",2914082,"1",
"980070",21550,"1",2914082,"1",
"980070",15502,"2",2914082,"1",
"980070",24106,"3",2914082,"1",
"980070",23470,"4",2914082,"1",
"980070",27682,"5",2914082,"1",
"900000",113263,"1",2914101,"1",
"900000",126240,"2",2914101,"1",
"900000",115419,"3",2914101,"1",
"900000",152311,"4",2914101,"1",
"900000",126176,"5",2914101,"1",
"980000",113263,"1",2914101,"1",
"980000",126240,"2",2914101,"1",
"980000",115419,"3",2914101,"1",
"980000",152311,"4",2914101,"1",
"980000",126176,"5",2914101,"1",
"980070",113263,"1",2914101,"1",
"980070",126240,"2",2914101,"1",
"980070",115419,"3",2914101,"1",
"980070",152311,"4",2914101,"1",
"980070",126176,"5",2914101,"1",
"900000",156219,"1",2914102,"1",
"900000",186375,"2",2914102,"1",
"900000",115362,"3",2914102,"1",
"900000",130536,"4",2914102,"1",
"900000",131002,"5",2914102,"1",
"980000",156219,"1",2914102,"1",
"980000",186375,"2",2914102,"1",
"980000",115362,"3",2914102,"1",
"980000",130536,"4",2914102,"1",
"980000",131002,"5",2914102,"1",
"980070",156219,"1",2914102,"1",
"980070",186375,"2",2914102,"1",
"980070",115362,"3",2914102,"1",
"980070",130536,"4",2914102,"1",
"980070",131002,"5",2914102,"1",
"900030",25259,"1",2914111,"1",
"900030",25259,"2",2914111,"1",
"900030",25259,"3",2914111,"1",
"900030",25259,"4",2914111,"1",
"900030",25259,"5",2914111,"1",
"980000",25259,"1",2914111,"1",
"980000",25259,"2",2914111,"1",
"980000",25259,"3",2914111,"1",
"980000",25259,"4",2914111,"1",
"980000",25259,"5",2914111,"1",
"980070",25259,"1",2914111,"1",
"980070",25259,"2",2914111,"1",
"980070",25259,"3",2914111,"1",
"980070",25259,"4",2914111,"1",
"980070",25259,"5",2914111,"1",
"900030",25259,"1",2914112,"1",
"900030",25259,"2",2914112,"1",
"900030",25259,"3",2914112,"1",
"900030",25259,"4",2914112,"1",
"900030",25259,"5",2914112,"1",
"980000",25259,"1",2914112,"1",
"980000",25259,"2",2914112,"1",
"980000",25259,"3",2914112,"1",
"980000",25259,"4",2914112,"1",
"980000",25259,"5",2914112,"1",
"980070",25259,"1",2914112,"1",
"980070",25259,"2",2914112,"1",
"980070",25259,"3",2914112,"1",
"980070",25259,"4",2914112,"1",
"980070",25259,"5",2914112,"1",
"900000",218453,"1",2914161,"1",
"900000",219979,"2",2914161,"1",
"900000",212348,"3",2914161,"1",
"900000",207533,"4",2914161,"1",
"900000",187862,"5",2914161,"1",
"980000",218453,"1",2914161,"1",
"980000",219979,"2",2914161,"1",
"980000",212348,"3",2914161,"1",
"980000",207533,"4",2914161,"1",
"980000",187862,"5",2914161,"1",
"980070",218453,"1",2914161,"1",
"980070",219979,"2",2914161,"1",
"980070",212348,"3",2914161,"1",
"980070",207533,"4",2914161,"1",
"980070",187862,"5",2914161,"1",
"900000",216152,"1",2914162,"1",
"900000",210675,"2",2914162,"1",
"900000",224309,"3",2914162,"1",
"900000",206655,"4",2914162,"1",
"900000",217410,"5",2914162,"1",
"980000",216152,"1",2914162,"1",
"980000",210675,"2",2914162,"1",
"980000",224309,"3",2914162,"1",
"980000",206655,"4",2914162,"1",
"980000",217410,"5",2914162,"1",
"980070",216152,"1",2914162,"1",
"980070",210675,"2",2914162,"1",
"980070",224309,"3",2914162,"1",
"980070",206655,"4",2914162,"1",
"980070",217410,"5",2914162,"1",
"900000",121000,"1",2914171,"1",
"900000",121000,"2",2914171,"1",
"900000",121000,"3",2914171,"1",
"900000",121000,"4",2914171,"1",
"900000",121000,"5",2914171,"1",
"980000",121000,"1",2914171,"1",
"980000",121000,"2",2914171,"1",
"980000",121000,"3",2914171,"1",
"980000",121000,"4",2914171,"1",
"980000",121000,"5",2914171,"1",
"980070",121000,"1",2914171,"1",
"980070",121000,"2",2914171,"1",
"980070",121000,"3",2914171,"1",
"980070",121000,"4",2914171,"1",
"980070",121000,"5",2914171,"1",
"900000",121000,"1",2914172,"1",
"900000",121000,"2",2914172,"1",
"900000",121000,"3",2914172,"1",
"900000",121000,"4",2914172,"1",
"900000",121000,"5",2914172,"1",
"980000",121000,"1",2914172,"1",
"980000",121000,"2",2914172,"1",
"980000",121000,"3",2914172,"1",
"980000",121000,"4",2914172,"1",
"980000",121000,"5",2914172,"1",
"980070",121000,"1",2914172,"1",
"980070",121000,"2",2914172,"1",
"980070",121000,"3",2914172,"1",
"980070",121000,"4",2914172,"1",
"980070",121000,"5",2914172,"1",
"900000",95000,"1",2914191,"1",
"900000",95000,"2",2914191,"1",
"900000",95000,"3",2914191,"1",
"900000",95000,"4",2914191,"1",
"900000",95000,"5",2914191,"1",
"900180",300,"1",2914191,"1",
"900180",300,"2",2914191,"1",
"900180",300,"3",2914191,"1",
"900180",300,"4",2914191,"1",
"900180",300,"5",2914191,"1",
"980000",95300,"1",2914191,"1",
"980000",95300,"2",2914191,"1",
"980000",95300,"3",2914191,"1",
"980000",95300,"4",2914191,"1",
"980000",95300,"5",2914191,"1",
"980070",97500,"1",2914191,"1",
"980070",97500,"2",2914191,"1",
"980070",97500,"3",2914191,"1",
"980070",97500,"4",2914191,"1",
"980070",97500,"5",2914191,"1",
"900000",57791,"1",2914201,"1",
"900000",67989,"2",2914201,"1",
"900000",70357,"3",2914201,"1",
"900000",93380,"4",2914201,"1",
"900000",78406,"5",2914201,"1",
"980000",57791,"1",2914201,"1",
"980000",67989,"2",2914201,"1",
"980000",70357,"3",2914201,"1",
"980000",93380,"4",2914201,"1",
"980000",78406,"5",2914201,"1",
"980070",57791,"1",2914201,"1",
"980070",67989,"2",2914201,"1",
"980070",70357,"3",2914201,"1",
"980070",93380,"4",2914201,"1",
"980070",78406,"5",2914201,"1",
"900000",44716,"1",2914202,"1",
"900000",34096,"2",2914202,"1",
"900000",64920,"3",2914202,"1",
"900000",56943,"4",2914202,"1",
"900000",77815,"5",2914202,"1",
"980000",44716,"1",2914202,"1",
"980000",34096,"2",2914202,"1",
"980000",64920,"3",2914202,"1",
"980000",56943,"4",2914202,"1",
"980000",77815,"5",2914202,"1",
"980070",44716,"1",2914202,"1",
"980070",34096,"2",2914202,"1",
"980070",64920,"3",2914202,"1",
"980070",56943,"4",2914202,"1",
"980070",77815,"5",2914202,"1",
"900030",20231,"1",2914212,"1",
"900030",20231,"2",2914212,"1",
"900030",20231,"3",2914212,"1",
"900030",20231,"4",2914212,"1",
"900030",20231,"5",2914212,"1",
"900170",71786,"1",2914212,"1","T"
"900170",71786,"2",2914212,"1","T"
"900170",71786,"3",2914212,"1","T"
"900170",71786,"4",2914212,"1","T"
"900170",71786,"5",2914212,"1","T"
"900180",10219,"1",2914212,"1",
"900180",3384,"2",2914212,"1",
"900180",22178,"3",2914212,"1",
"900180",161,"4",2914212,"1",
"900180",956,"5",2914212,"1",
"980000",99397,"1",2914212,"1","T"
"980000",99397,"2",2914212,"1","T"
"980000",99397,"3",2914212,"1","T"
"980000",99397,"4",2914212,"1","T"
"980000",99397,"5",2914212,"1","T"
"980070",100797,"1",2914212,"1","T"
"980070",100797,"2",2914212,"1","T"
"980070",100797,"3",2914212,"1","T"
"980070",100797,"4",2914212,"1","T"
"980070",100797,"5",2914212,"1","T"
"900000",94968,"1",2914231,"1",
"900000",91947,"2",2914231,"1",
"900000",95207,"3",2914231,"1",
"900000",93449,"4",2914231,"1",
"900000",91439,"5",2914231,"1",
"980000",94968,"1",2914231,"1",
"980000",91947,"2",2914231,"1",
"980000",95207,"3",2914231,"1",
"980000",93449,"4",2914231,"1",
"980000",91439,"5",2914231,"1",
"980070",101168,"1",2914231,"1",
"980070",98147,"2",2914231,"1",
"980070",101407,"3",2914231,"1",
"980070",99649,"4",2914231,"1",
"980070",97639,"5",2914231,"1",
"900000",93646,"1",2914232,"1",
"900000",91599,"2",2914232,"1",
"900000",94731,"3",2914232,"1",
"900000",92118,"4",2914232,"1",
"900000",95139,"5",2914232,"1",
"980000",93646,"1",2914232,"1",
"980000",91599,"2",2914232,"1",
"980000",94731,"3",2914232,"1",
"980000",92118,"4",2914232,"1",
"980000",95139,"5",2914232,"1",
"980070",99846,"1",2914232,"1",
"980070",97799,"2",2914232,"1",
"980070",100931,"3",2914232,"1",
"980070",98318,"4",2914232,"1",
"980070",101339,"5",2914232,"1",
"900170",71786,"1",2914261,"1","T"
"900170",71786,"2",2914261,"1","T"
"900170",71786,"3",2914261,"1","T"
"900170",71786,"4",2914261,"1","T"
"900170",71786,"5",2914261,"1","T"
"900180",200,"1",2914261,"1",
"900180",200,"2",2914261,"1",
"900180",200,"3",2914261,"1",
"900180",200,"4",2914261,"1",
"900180",200,"5",2914261,"1",
"980000",71986,"1",2914261,"1","T"
"980000",71986,"2",2914261,"1","T"
"980000",71986,"3",2914261,"1","T"
"980000",71986,"4",2914261,"1","T"
"980000",71986,"5",2914261,"1","T"
"980070",72436,"1",2914261,"1","T"
"980070",72436,"2",2914261,"1","T"
"980070",72436,"3",2914261,"1","T"
"980070",72436,"4",2914261,"1","T"
"980070",72436,"5",2914261,"1","T"
"900170",71786,"1",2914262,"1","T"
"900170",71786,"2",2914262,"1","T"
"900170",71786,"3",2914262,"1","T"
"900170",71786,"4",2914262,"1","T"
"900170",71786,"5",2914262,"1","T"
"900180",200,"1",2914262,"1",
"900180",200,"2",2914262,"1",
"900180",200,"3",2914262,"1",
"900180",200,"4",2914262,"1",
"900180",200,"5",2914262,"1",
"980000",71986,"1",2914262,"1","T"
"980000",71986,"2",2914262,"1","T"
"980000",71986,"3",2914262,"1","T"
"980000",71986,"4",2914262,"1","T"
"980000",71986,"5",2914262,"1","T"
"980070",72436,"1",2914262,"1","T"
"980070",72436,"2",2914262,"1","T"
"980070",72436,"3",2914262,"1","T"
"980070",72436,"4",2914262,"1","T"
"980070",72436,"5",2914262,"1","T"
"900030",27394,"1",2914271,"1",
"900030",27394,"2",2914271,"1",
"900030",27394,"3",2914271,"1",
"900030",27394,"4",2914271,"1",
"900030",27394,"5",2914271,"1",
"900180",20,"1",2914271,"1",
"900180",20,"2",2914271,"1",
"900180",20,"3",2914271,"1",
"900180",20,"4",2914271,"1",
"900180",20,"5",2914271,"1",
"980000",27414,"1",2914271,"1",
"980000",27414,"2",2914271,"1",
"980000",27414,"3",2914271,"1",
"980000",27414,"4",2914271,"1",
"980000",27414,"5",2914271,"1",
"980070",27414,"1",2914271,"1",
"980070",27414,"2",2914271,"1",
"980070",27414,"3",2914271,"1",
"980070",27414,"4",2914271,"1",
"980070",27414,"5",2914271,"1",
"900030",27394,"1",2914272,"1",
"900030",27394,"2",2914272,"1",
"900030",27394,"3",2914272,"1",
"900030",27394,"4",2914272,"1",
"900030",27394,"5",2914272,"1",
"900180",20,"1",2914272,"1",
"900180",20,"2",2914272,"1",
"900180",20,"3",2914272,"1",
"900180",20,"4",2914272,"1",
"900180",20,"5",2914272,"1",
"980000",27414,"1",2914272,"1",
"980000",27414,"2",2914272,"1",
"980000",27414,"3",2914272,"1",
"980000",27414,"4",2914272,"1",
"980000",27414,"5",2914272,"1",
"980070",27414,"1",2914272,"1",
"980070",27414,"2",2914272,"1",
"980070",27414,"3",2914272,"1",
"980070",27414,"4",2914272,"1",
"980070",27414,"5",2914272,"1",
"900000",164500,"1",2914301,"1",
"900000",164500,"2",2914301,"1",
"900000",164500,"3",2914301,"1",
"900000",164500,"4",2914301,"1",
"900000",164500,"5",2914301,"1",
"950002",13609,"1",2914301,"1",
"950002",13609,"2",2914301,"1",
"950002",13609,"3",2914301,"1",
"950002",13609,"4",2914301,"1",
"950002",13609,"5",2914301,"1",
"980000",164500,"1",2914301,"1",
"980000",164500,"2",2914301,"1",
"980000",164500,"3",2914301,"1",
"980000",164500,"4",2914301,"1",
"980000",164500,"5",2914301,"1",
"980070",149891,"1",2914301,"1",
"980070",149891,"2",2914301,"1",
"980070",149891,"3",2914301,"1",
"980070",149891,"4",2914301,"1",
"980070",149891,"5",2914301,"1",
"900000",164500,"1",2914302,"1",
"900000",164500,"2",2914302,"1",
"900000",164500,"3",2914302,"1",
"900000",164500,"4",2914302,"1",
"900000",164500,"5",2914302,"1",
"950002",13609,"1",2914302,"1",
"950002",13609,"2",2914302,"1",
"950002",13609,"3",2914302,"1",
"950002",13609,"4",2914302,"1",
"950002",13609,"5",2914302,"1",
"980000",164500,"1",2914302,"1",
"980000",164500,"2",2914302,"1",
"980000",164500,"3",2914302,"1",
"980000",164500,"4",2914302,"1",
"980000",164500,"5",2914302,"1",
"980070",149891,"1",2914302,"1",
"980070",149891,"2",2914302,"1",
"980070",149891,"3",2914302,"1",
"980070",149891,"4",2914302,"1",
"980070",149891,"5",2914302,"1",
"900000",31504,"1",2914321,"1",
"900000",4566,"2",2914321,"1",
"900000",26036,"3",2914321,"1",
"900000",27512,"4",2914321,"1",
"900000",51826,"5",2914321,"1",
"980000",31504,"1",2914321,"1",
"980000",4566,"2",2914321,"1",
"980000",26036,"3",2914321,"1",
"980000",27512,"4",2914321,"1",
"980000",51826,"5",2914321,"1",
"980070",31504,"1",2914321,"1",
"980070",4566,"2",2914321,"1",
"980070",26036,"3",2914321,"1",
"980070",27512,"4",2914321,"1",
"980070",51826,"5",2914321,"1",
"900000",6109,"1",2914322,"1",
"900000",51605,"2",2914322,"1",
"900000",10534,"3",2914322,"1",
"900000",500,"4",2914322,"1",
"900000",35823,"5",2914322,"1",
"980000",6109,"1",2914322,"1",
"980000",51605,"2",2914322,"1",
"980000",10534,"3",2914322,"1",
"980000",500,"4",2914322,"1",
"980000",35823,"5",2914322,"1",
"980070",6109,"1",2914322,"1",
"980070",51605,"2",2914322,"1",
"980070",10534,"3",2914322,"1",
"980070",500,"4",2914322,"1",
"980070",35823,"5",2914322,"1",
"900000",65900,"1",2914331,"1",
"900000",65900,"2",2914331,"1",
"900000",65900,"3",2914331,"1",
"900000",65900,"4",2914331,"1",
"900000",65900,"5",2914331,"1",
"900150",1296,"1",2914331,"1",
"900150",1296,"2",2914331,"1",
"900150",1296,"3",2914331,"1",
"900150",1296,"4",2914331,"1",
"900150",1296,"5",2914331,"1",
"900170",71786,"1",2914331,"1","T"
"900170",71786,"2",2914331,"1","T"
"900170",71786,"3",2914331,"1","T"
"900170",71786,"4",2914331,"1","T"
"900170",71786,"5",2914331,"1","T"
"900210",22800,"1",2914331,"1",
"900210",22800,"2",2914331,"1",
"900210",22800,"3",2914331,"1",
"900210",22800,"4",2914331,"1",
"900210",22800,"5",2914331,"1",
"980000",161782,"1",2914331,"1","T"
"980000",161782,"2",2914331,"1","T"
"980000",161782,"3",2914331,"1","T"
"980000",161782,"4",2914331,"1","T"
"980000",161782,"5",2914331,"1","T"
"980070",163682,"1",2914331,"1","T"
"980070",163682,"2",2914331,"1","T"
"980070",163682,"3",2914331,"1","T"
"980070",163682,"4",2914331,"1","T"
"980070",163682,"5",2914331,"1","T"
"900000",65900,"1",2914332,"1",
"900000",65900,"2",2914332,"1",
"900000",65900,"3",2914332,"1",
"900000",65900,"4",2914332,"1",
"900000",65900,"5",2914332,"1",
"900150",1296,"1",2914332,"1",
"900150",1296,"2",2914332,"1",
"900150",1296,"3",2914332,"1",
"900150",1296,"4",2914332,"1",
"900150",1296,"5",2914332,"1",
"900170",71786,"1",2914332,"1","T"
"900170",71786,"2",2914332,"1","T"
"900170",71786,"3",2914332,"1","T"
"900170",71786,"4",2914332,"1","T"
"900170",71786,"5",2914332,"1","T"
"900210",22800,"1",2914332,"1",
"900210",22800,"2",2914332,"1",
"900210",22800,"3",2914332,"1",
"900210",22800,"4",2914332,"1",
"900210",22800,"5",2914332,"1",
"980000",161782,"1",2914332,"1","T"
"980000",161782,"2",2914332,"1","T"
"980000",161782,"3",2914332,"1","T"
"980000",161782,"4",2914332,"1","T"
"980000",161782,"5",2914332,"1","T"
"980070",163682,"1",2914332,"1","T"
"980070",163682,"2",2914332,"1","T"
"980070",163682,"3",2914332,"1","T"
"980070",163682,"4",2914332,"1","T"
"980070",163682,"5",2914332,"1","T"
"900000",128000,"1",2914341,"1",
"900000",128000,"2",2914341,"1",
"900000",128000,"3",2914341,"1",
"900000",128000,"4",2914341,"1",
"900000",128000,"5",2914341,"1",
"980000",128000,"1",2914341,"1",
"980000",128000,"2",2914341,"1",
"980000",128000,"3",2914341,"1",
"980000",128000,"4",2914341,"1",
"980000",128000,"5",2914341,"1",
"980070",134000,"1",2914341,"1",
"980070",134000,"2",2914341,"1",
"980070",134000,"3",2914341,"1",
"980070",134000,"4",2914341,"1",
"980070",134000,"5",2914341,"1",
"900000",128000,"1",2914342,"1",
"900000",128000,"2",2914342,"1",
"900000",128000,"3",2914342,"1",
"900000",128000,"4",2914342,"1",
"900000",128000,"5",2914342,"1",
"980000",128000,"1",2914342,"1",
"980000",128000,"2",2914342,"1",
"980000",128000,"3",2914342,"1",
"980000",128000,"4",2914342,"1",
"980000",128000,"5",2914342,"1",
"980070",134000,"1",2914342,"1",
"980070",134000,"2",2914342,"1",
"980070",134000,"3",2914342,"1",
"980070",134000,"4",2914342,"1",
"980070",134000,"5",2914342,"1",
"900030",17483,"1",2914361,"1",
"900030",17483,"2",2914361,"1",
"900030",17483,"3",2914361,"1",
"900030",17483,"4",2914361,"1",
"900030",17483,"5",2914361,"1",
"980000",17483,"1",2914361,"1",
"980000",17483,"2",2914361,"1",
"980000",17483,"3",2914361,"1",
"980000",17483,"4",2914361,"1",
"980000",17483,"5",2914361,"1",
"980070",17483,"1",2914361,"1",
"980070",17483,"2",2914361,"1",
"980070",17483,"3",2914361,"1",
"980070",17483,"4",2914361,"1",
"980070",17483,"5",2914361,"1",
"900030",17483,"1",2914362,"1",
"900030",17483,"2",2914362,"1",
"900030",17483,"3",2914362,"1",
"900030",17483,"4",2914362,"1",
"900030",17483,"5",2914362,"1",
"980000",17483,"1",2914362,"1",
"980000",17483,"2",2914362,"1",
"980000",17483,"3",2914362,"1",
"980000",17483,"4",2914362,"1",
"980000",17483,"5",2914362,"1",
"980070",17483,"1",2914362,"1",
"980070",17483,"2",2914362,"1",
"980070",17483,"3",2914362,"1",
"980070",17483,"4",2914362,"1",
"980070",17483,"5",2914362,"1",
"900030",19559,"1",2914381,"1",
"900030",19559,"2",2914381,"1",
"900030",19559,"3",2914381,"1",
"900030",19559,"4",2914381,"1",
"900030",19559,"5",2914381,"1",
"980000",19559,"1",2914381,"1",
"980000",19559,"2",2914381,"1",
"980000",19559,"3",2914381,"1",
"980000",19559,"4",2914381,"1",
"980000",19559,"5",2914381,"1",
"980070",19559,"1",2914381,"1",
"980070",19559,"2",2914381,"1",
"980070",19559,"3",2914381,"1",
"980070",19559,"4",2914381,"1",
"980070",19559,"5",2914381,"1",
"900030",19559,"1",2914382,"1",
"900030",19559,"2",2914382,"1",
"900030",19559,"3",2914382,"1",
"900030",19559,"4",2914382,"1",
"900030",19559,"5",2914382,"1",
"980000",19559,"1",2914382,"1",
"980000",19559,"2",2914382,"1",
"980000",19559,"3",2914382,"1",
"980000",19559,"4",2914382,"1",
"980000",19559,"5",2914382,"1",
"980070",19559,"1",2914382,"1",
"980070",19559,"2",2914382,"1",
"980070",19559,"3",2914382,"1",
"980070",19559,"4",2914382,"1",
"980070",19559,"5",2914382,"1",
"900030",16487,"1",2914401,"1",
"900030",14399,"2",2914401,"1",
"900030",13343,"3",2914401,"1",
"900030",16595,"4",2914401,"1",
"900030",14135,"5",2914401,"1",
"900090",7435,"1",2914401,"1",
"900090",5316,"2",2914401,"1",
"900090",7767,"3",2914401,"1",
"900090",16424,"4",2914401,"1",
"900090",853,"5",2914401,"1",
"980000",23922,"1",2914401,"1",
"980000",19715,"2",2914401,"1",
"980000",21110,"3",2914401,"1",
"980000",33019,"4",2914401,"1",
"980000",14988,"5",2914401,"1",
"980070",23934,"1",2914401,"1",
"980070",19727,"2",2914401,"1",
"980070",21122,"3",2914401,"1",
"980070",33031,"4",2914401,"1",
"980070",15000,"5",2914401,"1",
"900030",16475,"1",2914402,"1",
"900030",15947,"2",2914402,"1",
"900030",16583,"3",2914402,"1",
"900030",15491,"4",2914402,"1",
"900030",15911,"5",2914402,"1",
"900090",272,"1",2914402,"1",
"900090",5691,"2",2914402,"1",
"900090",928,"3",2914402,"1",
"900090",9185,"4",2914402,"1",
"900090",6002,"5",2914402,"1",
"980000",16747,"1",2914402,"1",
"980000",21638,"2",2914402,"1",
"980000",17511,"3",2914402,"1",
"980000",24676,"4",2914402,"1",
"980000",21913,"5",2914402,"1",
"980070",16759,"1",2914402,"1",
"980070",21650,"2",2914402,"1",
"980070",17523,"3",2914402,"1",
"980070",24688,"4",2914402,"1",
"980070",21925,"5",2914402,"1",
"900000",24500,"1",2914421,"1",
"900000",24500,"2",2914421,"1",
"900000",24500,"3",2914421,"1",
"900000",24500,"4",2914421,"1",
"900000",24500,"5",2914421,"1",
"900170",37502,"1",2914421,"1",
"900170",37502,"2",2914421,"1",
"900170",37502,"3",2914421,"1",
"900170",37502,"4",2914421,"1",
"900170",37502,"5",2914421,"1",
"980000",62002,"1",2914421,"1",
"980000",62002,"2",2914421,"1",
"980000",62002,"3",2914421,"1",
"980000",62002,"4",2914421,"1",
"980000",62002,"5",2914421,"1",
"980070",64833,"1",2914421,"1",
"980070",64833,"2",2914421,"1",
"980070",64833,"3",2914421,"1",
"980070",64833,"4",2914421,"1",
"980070",64833,"5",2914421,"1",
"900000",24500,"1",2914422,"1",
"900000",24500,"2",2914422,"1",
"900000",24500,"3",2914422,"1",
"900000",24500,"4",2914422,"1",
"900000",24500,"5",2914422,"1",
"900170",37502,"1",2914422,"1",
"900170",37502,"2",2914422,"1",
"900170",37502,"3",2914422,"1",
"900170",37502,"4",2914422,"1",
"900170",37502,"5",2914422,"1",
"980000",62002,"1",2914422,"1",
"980000",62002,"2",2914422,"1",
"980000",62002,"3",2914422,"1",
"980000",62002,"4",2914422,"1",
"980000",62002,"5",2914422,"1",
"980070",64833,"1",2914422,"1",
"980070",64833,"2",2914422,"1",
"980070",64833,"3",2914422,"1",
"980070",64833,"4",2914422,"1",
"980070",64833,"5",2914422,"1",
"900000",85149,"1",2914441,"1",
"900000",84995,"2",2914441,"1",
"900000",91757,"3",2914441,"1",
"900000",86246,"4",2914441,"1",
"900000",87669,"5",2914441,"1",
"980000",85149,"1",2914441,"1",
"980000",84995,"2",2914441,"1",
"980000",91757,"3",2914441,"1",
"980000",86246,"4",2914441,"1",
"980000",87669,"5",2914441,"1",
"980070",86249,"1",2914441,"1",
"980070",86095,"2",2914441,"1",
"980070",92857,"3",2914441,"1",
"980070",87346,"4",2914441,"1",
"980070",88769,"5",2914441,"1",
"900000",90168,"1",2914442,"1",
"900000",89227,"2",2914442,"1",
"900000",86459,"3",2914442,"1",
"900000",92891,"4",2914442,"1",
"900000",85595,"5",2914442,"1",
"980000",90168,"1",2914442,"1",
"980000",89227,"2",2914442,"1",
"980000",86459,"3",2914442,"1",
"980000",92891,"4",2914442,"1",
"980000",85595,"5",2914442,"1",
"980070",91268,"1",2914442,"1",
"980070",90327,"2",2914442,"1",
"980070",87559,"3",2914442,"1",
"980070",93991,"4",2914442,"1",
"980070",86695,"5",2914442,"1",
"900000",83682,"1",2914481,"1",
"900000",87981,"2",2914481,"1",
"900000",85878,"3",2914481,"1",
"900000",87410,"4",2914481,"1",
"900000",85021,"5",2914481,"1",
"980000",83682,"1",2914481,"1",
"980000",87981,"2",2914481,"1",
"980000",85878,"3",2914481,"1",
"980000",87410,"4",2914481,"1",
"980000",85021,"5",2914481,"1",
"980070",84682,"1",2914481,"1",
"980070",88981,"2",2914481,"1",
"980070",86878,"3",2914481,"1",
"980070",88410,"4",2914481,"1",
"980070",86021,"5",2914481,"1",
"900000",82825,"1",2914482,"1",
"900000",85500,"2",2914482,"1",
"900000",93946,"3",2914482,"1",
"900000",81824,"4",2914482,"1",
"900000",83871,"5",2914482,"1",
"980000",82825,"1",2914482,"1",
"980000",85500,"2",2914482,"1",
"980000",93946,"3",2914482,"1",
"980000",81824,"4",2914482,"1",
"980000",83871,"5",2914482,"1",
"980070",83825,"1",2914482,"1",
"980070",86500,"2",2914482,"1",
"980070",94946,"3",2914482,"1",
"980070",82824,"4",2914482,"1",
"980070",84871,"5",2914482,"1",
"900030",30118,"1",2914491,"1",
"900030",30118,"2",2914491,"1",
"900030",30118,"3",2914491,"1",
"900030",30118,"4",2914491,"1",
"900030",30118,"5",2914491,"1",
"900170",50000,"1",2914491,"1",
"900170",50000,"2",2914491,"1",
"900170",50000,"3",2914491,"1",
"900170",50000,"4",2914491,"1",
"900170",50000,"5",2914491,"1",
"900180",200,"1",2914491,"1",
"900180",200,"2",2914491,"1",
"900180",200,"3",2914491,"1",
"900180",200,"4",2914491,"1",
"900180",200,"5",2914491,"1",
"980000",80318,"1",2914491,"1",
"980000",80318,"2",2914491,"1",
"980000",80318,"3",2914491,"1",
"980000",80318,"4",2914491,"1",
"980000",80318,"5",2914491,"1",
"980070",82708,"1",2914491,"1",
"980070",82708,"2",2914491,"1",
"980070",82708,"3",2914491,"1",
"980070",82708,"4",2914491,"1",
"980070",82708,"5",2914491,"1",
"900030",30118,"1",2914492,"1",
"900030",30118,"2",2914492,"1",
"900030",30118,"3",2914492,"1",
"900030",30118,"4",2914492,"1",
"900030",30118,"5",2914492,"1",
"900170",50000,"1",2914492,"1",
"900170",50000,"2",2914492,"1",
"900170",50000,"3",2914492,"1",
"900170",50000,"4",2914492,"1",
"900170",50000,"5",2914492,"1",
"900180",200,"1",2914492,"1",
"900180",200,"2",2914492,"1",
"900180",200,"3",2914492,"1",
"900180",200,"4",2914492,"1",
"900180",200,"5",2914492,"1",
"980000",80318,"1",2914492,"1",
"980000",80318,"2",2914492,"1",
"980000",80318,"3",2914492,"1",
"980000",80318,"4",2914492,"1",
"980000",80318,"5",2914492,"1",
"980070",82708,"1",2914492,"1",
"980070",82708,"2",2914492,"1",
"980070",82708,"3",2914492,"1",
"980070",82708,"4",2914492,"1",
"980070",82708,"5",2914492,"1",
"900000",71513,"1",2914512,"1",
"900000",120004,"2",2914512,"1",
"900000",66174,"3",2914512,"1",
"900000",121542,"4",2914512,"1",
"900000",13385,"5",2914512,"1",
"980000",71513,"1",2914512,"1",
"980000",120004,"2",2914512,"1",
"980000",66174,"3",2914512,"1",
"980000",121542,"4",2914512,"1",
"980000",13385,"5",2914512,"1",
"980070",71513,"1",2914512,"1",
"980070",120004,"2",2914512,"1",
"980070",66174,"3",2914512,"1",
"980070",121542,"4",2914512,"1",
"980070",13385,"5",2914512,"1",
"900000",205487,"1",2914522,"1","T"
"900000",205487,"2",2914522,"1","T"
"900000",205487,"3",2914522,"1","T"
"900000",205487,"4",2914522,"1","T"
"900000",205487,"5",2914522,"1","T"
"900180",133,"1",2914522,"1",
"900180",145,"2",2914522,"1",
"900180",90,"3",2914522,"1",
"900180",21,"4",2914522,"1",
"900180",94,"5",2914522,"1",
"980000",205583,"1",2914522,"1","T"
"980000",205583,"2",2914522,"1","T"
"980000",205583,"3",2914522,"1","T"
"980000",205583,"4",2914522,"1","T"
"980000",205583,"5",2914522,"1","T"
"980070",205583,"1",2914522,"1","T"
"980070",205583,"2",2914522,"1","T"
"980070",205583,"3",2914522,"1","T"
"980070",205583,"4",2914522,"1","T"
"980070",205583,"5",2914522,"1","T"
"900000",15501,"1",2914541,"1",
"900000",12198,"2",2914541,"1",
"900000",20668,"3",2914541,"1",
"900000",62973,"4",2914541,"1",
"900000",47172,"5",2914541,"1",
"980000",15501,"1",2914541,"1",
"980000",12198,"2",2914541,"1",
"980000",20668,"3",2914541,"1",
"980000",62973,"4",2914541,"1",
"980000",47172,"5",2914541,"1",
"980070",15501,"1",2914541,"1",
"980070",12198,"2",2914541,"1",
"980070",20668,"3",2914541,"1",
"980070",62973,"4",2914541,"1",
"980070",47172,"5",2914541,"1",
"900000",74342,"1",2914542,"1",
"900000",42535,"2",2914542,"1",
"900000",38406,"3",2914542,"1",
"900000",91147,"4",2914542,"1",
"900000",47413,"5",2914542,"1",
"980000",74342,"1",2914542,"1",
"980000",42535,"2",2914542,"1",
"980000",38406,"3",2914542,"1",
"980000",91147,"4",2914542,"1",
"980000",47413,"5",2914542,"1",
"980070",74342,"1",2914542,"1",
"980070",42535,"2",2914542,"1",
"980070",38406,"3",2914542,"1",
"980070",91147,"4",2914542,"1",
"980070",47413,"5",2914542,"1",
"900000",38000,"1",2914571,"1",
"900000",38000,"2",2914571,"1",
"900000",38000,"3",2914571,"1",
"900000",38000,"4",2914571,"1",
"900000",38000,"5",2914571,"1",
"980000",38000,"1",2914571,"1",
"980000",38000,"2",2914571,"1",
"980000",38000,"3",2914571,"1",
"980000",38000,"4",2914571,"1",
"980000",38000,"5",2914571,"1",
"980070",38000,"1",2914571,"1",
"980070",38000,"2",2914571,"1",
"980070",38000,"3",2914571,"1",
"980070",38000,"4",2914571,"1",
"980070",38000,"5",2914571,"1",
"900000",38000,"1",2914572,"1",
"900000",38000,"2",2914572,"1",
"900000",38000,"3",2914572,"1",
"900000",38000,"4",2914572,"1",
"900000",38000,"5",2914572,"1",
"980000",38000,"1",2914572,"1",
"980000",38000,"2",2914572,"1",
"980000",38000,"3",2914572,"1",
"980000",38000,"4",2914572,"1",
"980000",38000,"5",2914572,"1",
"980070",38000,"1",2914572,"1",
"980070",38000,"2",2914572,"1",
"980070",38000,"3",2914572,"1",
"980070",38000,"4",2914572,"1",
"980070",38000,"5",2914572,"1",
"900000",66099,"1",2914591,"1",
"900000",18903,"2",2914591,"1",
"900000",45237,"3",2914591,"1",
"900000",100884,"4",2914591,"1",
"900000",43976,"5",2914591,"1",
"980000",66099,"1",2914591,"1",
"980000",18903,"2",2914591,"1",
"980000",45237,"3",2914591,"1",
"980000",100884,"4",2914591,"1",
"980000",43976,"5",2914591,"1",
"980070",66099,"1",2914591,"1",
"980070",18903,"2",2914591,"1",
"980070",45237,"3",2914591,"1",
"980070",100884,"4",2914591,"1",
"980070",43976,"5",2914591,"1",
"900000",52351,"1",2914592,"1",
"900000",55344,"2",2914592,"1",
"900000",41497,"3",2914592,"1",
"900000",49598,"4",2914592,"1",
"900000",20844,"5",2914592,"1",
"980000",52351,"1",2914592,"1",
"980000",55344,"2",2914592,"1",
"980000",41497,"3",2914592,"1",
"980000",49598,"4",2914592,"1",
"980000",20844,"5",2914592,"1",
"980070",52351,"1",2914592,"1",
"980070",55344,"2",2914592,"1",
"980070",41497,"3",2914592,"1",
"980070",49598,"4",2914592,"1",
"980070",20844,"5",2914592,"1",
"900090",15248,"1",2914601,"1",
"900090",11244,"2",2914601,"1",
"900090",2031,"3",2914601,"1",
"900090",941,"4",2914601,"1",
"900090",725,"5",2914601,"1",
"900140",2228,"1",2914601,"1",
"900140",1022,"2",2914601,"1",
"900140",2654,"3",2914601,"1",
"900140",1672,"4",2914601,"1",
"900140",2480,"5",2914601,"1",
"900210",27362,"1",2914601,"1",
"900210",18891,"2",2914601,"1",
"900210",12779,"3",2914601,"1",
"900210",10555,"4",2914601,"1",
"900210",1114,"5",2914601,"1",
"980000",44838,"1",2914601,"1",
"980000",31157,"2",2914601,"1",
"980000",17464,"3",2914601,"1",
"980000",13168,"4",2914601,"1",
"980000",4319,"5",2914601,"1",
"980070",37938,"1",2914601,"1",
"980070",24257,"2",2914601,"1",
"980070",10564,"3",2914601,"1",
"980070",6268,"4",2914601,"1",
"980070",-2581,"5",2914601,"1",
"900170",14177,"1",2914602,"1",
"900170",37202,"2",2914602,"1",
"900170",10798,"3",2914602,"1",
"900170",6520,"4",2914602,"1",
"900170",20280,"5",2914602,"1",
"980000",14177,"1",2914602,"1",
"980000",37202,"2",2914602,"1",
"980000",10798,"3",2914602,"1",
"980000",6520,"4",2914602,"1",
"980000",20280,"5",2914602,"1",
"980070",7277,"1",2914602,"1",
"980070",30302,"2",2914602,"1",
"980070",3898,"3",2914602,"1",
"980070",-380,"4",2914602,"1",
"980070",13380,"5",2914602,"1",
"800940",5279,"1",2914631,"1",
"800940",5279,"2",2914631,"1",
"800940",5279,"3",2914631,"1",
"800940",5279,"4",2914631,"1",
"800940",5279,"5",2914631,"1",
"900000",71626,"1",2914631,"1",
"900000",70593,"2",2914631,"1",
"900000",69927,"3",2914631,"1",
"900000",66230,"4",2914631,"1",
"900000",71416,"5",2914631,"1",
"900160",12000,"1",2914631,"1",
"900160",12000,"2",2914631,"1",
"900160",12000,"3",2914631,"1",
"900160",12000,"4",2914631,"1",
"900160",12000,"5",2914631,"1",
"900210",700,"1",2914631,"1",
"900210",700,"2",2914631,"1",
"900210",700,"3",2914631,"1",
"900210",700,"4",2914631,"1",
"900210",700,"5",2914631,"1",
"950002",6148,"1",2914631,"1",
"950002",6148,"2",2914631,"1",
"950002",6148,"3",2914631,"1",
"950002",6148,"4",2914631,"1",
"950002",6148,"5",2914631,"1",
"950012",1648,"1",2914631,"1",
"950012",1648,"2",2914631,"1",
"950012",1648,"3",2914631,"1",
"950012",1648,"4",2914631,"1",
"950012",1648,"5",2914631,"1",
"980000",84326,"1",2914631,"1",
"980000",83293,"2",2914631,"1",
"980000",82627,"3",2914631,"1",
"980000",78930,"4",2914631,"1",
"980000",84116,"5",2914631,"1",
"980070",78480,"1",2914631,"1",
"980070",77447,"2",2914631,"1",
"980070",76781,"3",2914631,"1",
"980070",73084,"4",2914631,"1",
"980070",78270,"5",2914631,"1",
"800940",5279,"1",2914632,"1",
"800940",5279,"2",2914632,"1",
"800940",5279,"3",2914632,"1",
"800940",5279,"4",2914632,"1",
"800940",5279,"5",2914632,"1",
"900000",67318,"1",2914632,"1",
"900000",69326,"2",2914632,"1",
"900000",72428,"3",2914632,"1",
"900000",67964,"4",2914632,"1",
"900000",70048,"5",2914632,"1",
"900160",12000,"1",2914632,"1",
"900160",12000,"2",2914632,"1",
"900160",12000,"3",2914632,"1",
"900160",12000,"4",2914632,"1",
"900160",12000,"5",2914632,"1",
"900210",700,"1",2914632,"1",
"900210",700,"2",2914632,"1",
"900210",700,"3",2914632,"1",
"900210",700,"4",2914632,"1",
"900210",700,"5",2914632,"1",
"950002",6148,"1",2914632,"1",
"950002",6148,"2",2914632,"1",
"950002",6148,"3",2914632,"1",
"950002",6148,"4",2914632,"1",
"950002",6148,"5",2914632,"1",
"950012",1648,"1",2914632,"1",
"950012",1648,"2",2914632,"1",
"950012",1648,"3",2914632,"1",
"950012",1648,"4",2914632,"1",
"950012",1648,"5",2914632,"1",
"980000",80018,"1",2914632,"1",
"980000",82026,"2",2914632,"1",
"980000",85128,"3",2914632,"1",
"980000",80664,"4",2914632,"1",
"980000",82748,"5",2914632,"1",
"980070",74172,"1",2914632,"1",
"980070",76180,"2",2914632,"1",
"980070",79282,"3",2914632,"1",
"980070",74818,"4",2914632,"1",
"980070",76902,"5",2914632,"1",
"900000",16000,"1",2914641,"1",
"900000",16000,"2",2914641,"1",
"900000",16000,"3",2914641,"1",
"900000",16000,"4",2914641,"1",
"900000",16000,"5",2914641,"1",
"900030",11531,"1",2914641,"1",
"900030",11531,"2",2914641,"1",
"900030",11531,"3",2914641,"1",
"900030",11531,"4",2914641,"1",
"900030",11531,"5",2914641,"1",
"980000",27531,"1",2914641,"1",
"980000",27531,"2",2914641,"1",
"980000",27531,"3",2914641,"1",
"980000",27531,"4",2914641,"1",
"980000",27531,"5",2914641,"1",
"980070",27831,"1",2914641,"1",
"980070",27831,"2",2914641,"1",
"980070",27831,"3",2914641,"1",
"980070",27831,"4",2914641,"1",
"980070",27831,"5",2914641,"1",
"900000",16000,"1",2914642,"1",
"900000",16000,"2",2914642,"1",
"900000",16000,"3",2914642,"1",
"900000",16000,"4",2914642,"1",
"900000",16000,"5",2914642,"1",
"900030",11531,"1",2914642,"1",
"900030",11531,"2",2914642,"1",
"900030",11531,"3",2914642,"1",
"900030",11531,"4",2914642,"1",
"900030",11531,"5",2914642,"1",
"980000",27531,"1",2914642,"1",
"980000",27531,"2",2914642,"1",
"980000",27531,"3",2914642,"1",
"980000",27531,"4",2914642,"1",
"980000",27531,"5",2914642,"1",
"980070",27831,"1",2914642,"1",
"980070",27831,"2",2914642,"1",
"980070",27831,"3",2914642,"1",
"980070",27831,"4",2914642,"1",
"980070",27831,"5",2914642,"1",
"900000",130000,"1",2914651,"1",
"900000",130000,"2",2914651,"1",
"900000",130000,"3",2914651,"1",
"900000",130000,"4",2914651,"1",
"900000",130000,"5",2914651,"1",
"900180",3498,"1",2914651,"1",
"900180",3172,"2",2914651,"1",
"900180",3546,"3",2914651,"1",
"900180",3060,"4",2914651,"1",
"900180",3260,"5",2914651,"1",
"980000",133498,"1",2914651,"1",
"980000",133172,"2",2914651,"1",
"980000",133546,"3",2914651,"1",
"980000",133060,"4",2914651,"1",
"980000",133260,"5",2914651,"1",
"980070",137998,"1",2914651,"1",
"980070",137672,"2",2914651,"1",
"980070",138046,"3",2914651,"1",
"980070",137560,"4",2914651,"1",
"980070",137760,"5",2914651,"1",
"900000",130000,"1",2914652,"1",
"900000",130000,"2",2914652,"1",
"900000",130000,"3",2914652,"1",
"900000",130000,"4",2914652,"1",
"900000",130000,"5",2914652,"1",
"900180",3021,"1",2914652,"1",
"900180",3209,"2",2914652,"1",
"900180",3169,"3",2914652,"1",
"900180",3211,"4",2914652,"1",
"900180",3891,"5",2914652,"1",
"980000",133021,"1",2914652,"1",
"980000",133209,"2",2914652,"1",
"980000",133169,"3",2914652,"1",
"980000",133211,"4",2914652,"1",
"980000",133891,"5",2914652,"1",
"980070",137521,"1",2914652,"1",
"980070",137709,"2",2914652,"1",
"980070",137669,"3",2914652,"1",
"980070",137711,"4",2914652,"1",
"980070",138391,"5",2914652,"1",
"900000",34000,"1",2914661,"1",
"900000",34000,"2",2914661,"1",
"900000",34000,"3",2914661,"1",
"900000",34000,"4",2914661,"1",
"900000",34000,"5",2914661,"1",
"980000",34000,"1",2914661,"1",
"980000",34000,"2",2914661,"1",
"980000",34000,"3",2914661,"1",
"980000",34000,"4",2914661,"1",
"980000",34000,"5",2914661,"1",
"980070",34000,"1",2914661,"1",
"980070",34000,"2",2914661,"1",
"980070",34000,"3",2914661,"1",
"980070",34000,"4",2914661,"1",
"980070",34000,"5",2914661,"1",
"900000",34000,"1",2914662,"1",
"900000",34000,"2",2914662,"1",
"900000",34000,"3",2914662,"1",
"900000",34000,"4",2914662,"1",
"900000",34000,"5",2914662,"1",
"980000",34000,"1",2914662,"1",
"980000",34000,"2",2914662,"1",
"980000",34000,"3",2914662,"1",
"980000",34000,"4",2914662,"1",
"980000",34000,"5",2914662,"1",
"980070",34000,"1",2914662,"1",
"980070",34000,"2",2914662,"1",
"980070",34000,"3",2914662,"1",
"980070",34000,"4",2914662,"1",
"980070",34000,"5",2914662,"1",
"900000",27939,"1",2914691,"1",
"900000",25162,"2",2914691,"1",
"900000",28278,"3",2914691,"1",
"900000",26752,"4",2914691,"1",
"900000",24512,"5",2914691,"1",
"900030",13775,"1",2914691,"1",
"900030",13775,"2",2914691,"1",
"900030",13775,"3",2914691,"1",
"900030",13775,"4",2914691,"1",
"900030",13775,"5",2914691,"1",
"900170",700,"1",2914691,"1",
"900170",700,"2",2914691,"1",
"900170",700,"3",2914691,"1",
"900170",700,"4",2914691,"1",
"900170",700,"5",2914691,"1",
"900180",1200,"1",2914691,"1",
"900180",1200,"2",2914691,"1",
"900180",1200,"3",2914691,"1",
"900180",1200,"4",2914691,"1",
"900180",1200,"5",2914691,"1",
"980000",43614,"1",2914691,"1",
"980000",40837,"2",2914691,"1",
"980000",43953,"3",2914691,"1",
"980000",42427,"4",2914691,"1",
"980000",40187,"5",2914691,"1",
"980070",43614,"1",2914691,"1",
"980070",40837,"2",2914691,"1",
"980070",43953,"3",2914691,"1",
"980070",42427,"4",2914691,"1",
"980070",40187,"5",2914691,"1",
"900000",20678,"1",2914692,"1",
"900000",22080,"2",2914692,"1",
"900000",29029,"3",2914692,"1",
"900000",26446,"4",2914692,"1",
"900000",23943,"5",2914692,"1",
"900030",13775,"1",2914692,"1",
"900030",13775,"2",2914692,"1",
"900030",13775,"3",2914692,"1",
"900030",13775,"4",2914692,"1",
"900030",13775,"5",2914692,"1",
"900170",700,"1",2914692,"1",
"900170",700,"2",2914692,"1",
"900170",700,"3",2914692,"1",
"900170",700,"4",2914692,"1",
"900170",700,"5",2914692,"1",
"900180",1200,"1",2914692,"1",
"900180",1200,"2",2914692,"1",
"900180",1200,"3",2914692,"1",
"900180",1200,"4",2914692,"1",
"900180",1200,"5",2914692,"1",
"980000",36353,"1",2914692,"1",
"980000",37755,"2",2914692,"1",
"980000",44704,"3",2914692,"1",
"980000",42121,"4",2914692,"1",
"980000",39618,"5",2914692,"1",
"980070",36353,"1",2914692,"1",
"980070",37755,"2",2914692,"1",
"980070",44704,"3",2914692,"1",
"980070",42121,"4",2914692,"1",
"980070",39618,"5",2914692,"1",
"900000",58811,"1",2914721,"1",
"900000",42102,"2",2914721,"1",
"900000",36928,"3",2914721,"1",
"900000",73318,"4",2914721,"1",
"900000",53831,"5",2914721,"1",
"980000",58811,"1",2914721,"1",
"980000",42102,"2",2914721,"1",
"980000",36928,"3",2914721,"1",
"980000",73318,"4",2914721,"1",
"980000",53831,"5",2914721,"1",
"980070",58811,"1",2914721,"1",
"980070",42102,"2",2914721,"1",
"980070",36928,"3",2914721,"1",
"980070",73318,"4",2914721,"1",
"980070",53831,"5",2914721,"1",
"900000",163263,"1",2914722,"1",
"900000",78373,"2",2914722,"1",
"900000",78960,"3",2914722,"1",
"900000",35185,"4",2914722,"1",
"900000",50081,"5",2914722,"1",
"980000",163263,"1",2914722,"1",
"980000",78373,"2",2914722,"1",
"980000",78960,"3",2914722,"1",
"980000",35185,"4",2914722,"1",
"980000",50081,"5",2914722,"1",
"980070",163263,"1",2914722,"1",
"980070",78373,"2",2914722,"1",
"980070",78960,"3",2914722,"1",
"980070",35185,"4",2914722,"1",
"980070",50081,"5",2914722,"1",
"900000",23111,"1",2914761,"1",
"900000",25487,"2",2914761,"1",
"900000",24436,"3",2914761,"1",
"900000",20135,"4",2914761,"1",
"900000",21474,"5",2914761,"1",
"900170",10513,"1",2914761,"1",
"900170",1496,"2",2914761,"1",
"900170",1300,"3",2914761,"1",
"900170",6166,"4",2914761,"1",
"900170",8278,"5",2914761,"1",
"980000",33624,"1",2914761,"1",
"980000",26983,"2",2914761,"1",
"980000",25736,"3",2914761,"1",
"980000",26301,"4",2914761,"1",
"980000",29752,"5",2914761,"1",
"980070",34124,"1",2914761,"1",
"980070",27483,"2",2914761,"1",
"980070",26236,"3",2914761,"1",
"980070",26801,"4",2914761,"1",
"980070",30252,"5",2914761,"1",
"900000",20180,"1",2914762,"1",
"900000",23206,"2",2914762,"1",
"900000",22194,"3",2914762,"1",
"900000",20992,"4",2914762,"1",
"900000",22667,"5",2914762,"1",
"900170",1035,"1",2914762,"1",
"900170",3097,"2",2914762,"1",
"900170",1322,"3",2914762,"1",
"900170",1125,"4",2914762,"1",
"900170",21955,"5",2914762,"1",
"980000",21215,"1",2914762,"1",
"980000",26303,"2",2914762,"1",
"980000",23516,"3",2914762,"1",
"980000",22117,"4",2914762,"1",
"980000",44622,"5",2914762,"1",
"980070",21715,"1",2914762,"1",
"980070",26803,"2",2914762,"1",
"980070",24016,"3",2914762,"1",
"980070",22617,"4",2914762,"1",
"980070",45122,"5",2914762,"1",
"900030",42118,"1",2914771,"1",
"900030",42118,"2",2914771,"1",
"900030",42118,"3",2914771,"1",
"900030",42118,"4",2914771,"1",
"900030",42118,"5",2914771,"1",
"900170",1300,"1",2914771,"1",
"900170",1300,"2",2914771,"1",
"900170",1300,"3",2914771,"1",
"900170",1300,"4",2914771,"1",
"900170",1300,"5",2914771,"1",
"980000",43418,"1",2914771,"1",
"980000",43418,"2",2914771,"1",
"980000",43418,"3",2914771,"1",
"980000",43418,"4",2914771,"1",
"980000",43418,"5",2914771,"1",
"980070",45418,"1",2914771,"1",
"980070",45418,"2",2914771,"1",
"980070",45418,"3",2914771,"1",
"980070",45418,"4",2914771,"1",
"980070",45418,"5",2914771,"1",
"900030",42118,"1",2914772,"1",
"900030",42118,"2",2914772,"1",
"900030",42118,"3",2914772,"1",
"900030",42118,"4",2914772,"1",
"900030",42118,"5",2914772,"1",
"900170",1300,"1",2914772,"1",
"900170",1300,"2",2914772,"1",
"900170",1300,"3",2914772,"1",
"900170",1300,"4",2914772,"1",
"900170",1300,"5",2914772,"1",
"980000",43418,"1",2914772,"1",
"980000",43418,"2",2914772,"1",
"980000",43418,"3",2914772,"1",
"980000",43418,"4",2914772,"1",
"980000",43418,"5",2914772,"1",
"980070",45418,"1",2914772,"1",
"980070",45418,"2",2914772,"1",
"980070",45418,"3",2914772,"1",
"980070",45418,"4",2914772,"1",
"980070",45418,"5",2914772,"1",
"800940",10967,"1",2914791,"1","T"
"800940",10967,"2",2914791,"1","T"
"800940",10967,"3",2914791,"1","T"
"800940",10967,"4",2914791,"1","T"
"800940",10967,"5",2914791,"1","T"
"900000",110095,"1",2914791,"1",
"900000",32694,"2",2914791,"1",
"900000",42090,"3",2914791,"1",
"900000",38239,"4",2914791,"1",
"900000",48628,"5",2914791,"1",
"900150",7200,"1",2914791,"1",
"900150",7200,"2",2914791,"1",
"900150",7200,"3",2914791,"1",
"900150",7200,"4",2914791,"1",
"900150",7200,"5",2914791,"1",
"900160",30000,"1",2914791,"1",
"900160",30000,"2",2914791,"1",
"900160",30000,"3",2914791,"1",
"900160",30000,"4",2914791,"1",
"900160",30000,"5",2914791,"1",
"980000",147295,"1",2914791,"1",
"980000",69894,"2",2914791,"1",
"980000",79290,"3",2914791,"1",
"980000",75439,"4",2914791,"1",
"980000",85828,"5",2914791,"1",
"980070",152995,"1",2914791,"1",
"980070",75594,"2",2914791,"1",
"980070",84990,"3",2914791,"1",
"980070",81139,"4",2914791,"1",
"980070",91528,"5",2914791,"1",
"800940",10967,"1",2914792,"1","T"
"800940",10967,"2",2914792,"1","T"
"800940",10967,"3",2914792,"1","T"
"800940",10967,"4",2914792,"1","T"
"800940",10967,"5",2914792,"1","T"
"900000",15392,"1",2914792,"1",
"900000",46269,"2",2914792,"1",
"900000",65214,"3",2914792,"1",
"900000",71443,"4",2914792,"1",
"900000",22019,"5",2914792,"1",
"900150",7200,"1",2914792,"1",
"900150",7200,"2",2914792,"1",
"900150",7200,"3",2914792,"1",
"900150",7200,"4",2914792,"1",
"900150",7200,"5",2914792,"1",
"900160",30000,"1",2914792,"1",
"900160",30000,"2",2914792,"1",
"900160",30000,"3",2914792,"1",
"900160",30000,"4",2914792,"1",
"900160",30000,"5",2914792,"1",
"980000",52592,"1",2914792,"1",
"980000",83469,"2",2914792,"1",
"980000",102414,"3",2914792,"1",
"980000",108643,"4",2914792,"1",
"980000",59219,"5",2914792,"1",
"980070",58292,"1",2914792,"1",
"980070",89169,"2",2914792,"1",
"980070",108114,"3",2914792,"1",
"980070",114343,"4",2914792,"1",
"980070",64919,"5",2914792,"1",
"900000",29698,"1",2914801,"1",
"900000",27574,"2",2914801,"1",
"900000",20262,"3",2914801,"1",
"900000",27487,"4",2914801,"1",
"900000",23668,"5",2914801,"1",
"980000",29698,"1",2914801,"1",
"980000",27574,"2",2914801,"1",
"980000",20262,"3",2914801,"1",
"980000",27487,"4",2914801,"1",
"980000",23668,"5",2914801,"1",
"980070",30723,"1",2914801,"1",
"980070",28599,"2",2914801,"1",
"980070",21287,"3",2914801,"1",
"980070",28512,"4",2914801,"1",
"980070",24693,"5",2914801,"1",
"900000",20434,"1",2914802,"1",
"900000",20573,"2",2914802,"1",
"900000",21986,"3",2914802,"1",
"900000",24647,"4",2914802,"1",
"900000",28774,"5",2914802,"1",
"980000",20434,"1",2914802,"1",
"980000",20573,"2",2914802,"1",
"980000",21986,"3",2914802,"1",
"980000",24647,"4",2914802,"1",
"980000",28774,"5",2914802,"1",
"980070",21459,"1",2914802,"1",
"980070",21598,"2",2914802,"1",
"980070",23011,"3",2914802,"1",
"980070",25672,"4",2914802,"1",
"980070",29799,"5",2914802,"1",
"900000",30000,"1",2914811,"1",
"900000",30000,"2",2914811,"1",
"900000",30000,"3",2914811,"1",
"900000",30000,"4",2914811,"1",
"900000",30000,"5",2914811,"1",
"900030",14459,"1",2914811,"1",
"900030",14459,"2",2914811,"1",
"900030",14459,"3",2914811,"1",
"900030",14459,"4",2914811,"1",
"900030",14459,"5",2914811,"1",
"980000",44459,"1",2914811,"1",
"980000",44459,"2",2914811,"1",
"980000",44459,"3",2914811,"1",
"980000",44459,"4",2914811,"1",
"980000",44459,"5",2914811,"1",
"980070",44459,"1",2914811,"1",
"980070",44459,"2",2914811,"1",
"980070",44459,"3",2914811,"1",
"980070",44459,"4",2914811,"1",
"980070",44459,"5",2914811,"1",
"900000",30000,"1",2914812,"1",
"900000",30000,"2",2914812,"1",
"900000",30000,"3",2914812,"1",
"900000",30000,"4",2914812,"1",
"900000",30000,"5",2914812,"1",
"900030",14459,"1",2914812,"1",
"900030",14459,"2",2914812,"1",
"900030",14459,"3",2914812,"1",
"900030",14459,"4",2914812,"1",
"900030",14459,"5",2914812,"1",
"980000",44459,"1",2914812,"1",
"980000",44459,"2",2914812,"1",
"980000",44459,"3",2914812,"1",
"980000",44459,"4",2914812,"1",
"980000",44459,"5",2914812,"1",
"980070",44459,"1",2914812,"1",
"980070",44459,"2",2914812,"1",
"980070",44459,"3",2914812,"1",
"980070",44459,"4",2914812,"1",
"980070",44459,"5",2914812,"1",
"900000",45000,"1",2914841,"1",
"900000",45000,"2",2914841,"1",
"900000",45000,"3",2914841,"1",
"900000",45000,"4",2914841,"1",
"900000",45000,"5",2914841,"1",
"900090",7200,"1",2914841,"1",
"900090",7200,"2",2914841,"1",
"900090",7200,"3",2914841,"1",
"900090",7200,"4",2914841,"1",
"900090",7200,"5",2914841,"1",
"980000",52200,"1",2914841,"1",
"980000",52200,"2",2914841,"1",
"980000",52200,"3",2914841,"1",
"980000",52200,"4",2914841,"1",
"980000",52200,"5",2914841,"1",
"980070",56900,"1",2914841,"1",
"980070",56900,"2",2914841,"1",
"980070",56900,"3",2914841,"1",
"980070",56900,"4",2914841,"1",
"980070",56900,"5",2914841,"1",
"900000",74000,"1",2914881,"1",
"900000",74000,"2",2914881,"1",
"900000",74000,"3",2914881,"1",
"900000",74000,"4",2914881,"1",
"900000",74000,"5",2914881,"1",
"900180",12,"1",2914881,"1",
"900180",12,"2",2914881,"1",
"900180",12,"3",2914881,"1",
"900180",12,"4",2914881,"1",
"900180",12,"5",2914881,"1",
"980000",74012,"1",2914881,"1",
"980000",74012,"2",2914881,"1",
"980000",74012,"3",2914881,"1",
"980000",74012,"4",2914881,"1",
"980000",74012,"5",2914881,"1",
"980070",74012,"1",2914881,"1",
"980070",74012,"2",2914881,"1",
"980070",74012,"3",2914881,"1",
"980070",74012,"4",2914881,"1",
"980070",74012,"5",2914881,"1",
"900000",74000,"1",2914882,"1",
"900000",74000,"2",2914882,"1",
"900000",74000,"3",2914882,"1",
"900000",74000,"4",2914882,"1",
"900000",74000,"5",2914882,"1",
"900180",12,"1",2914882,"1",
"900180",12,"2",2914882,"1",
"900180",12,"3",2914882,"1",
"900180",12,"4",2914882,"1",
"900180",12,"5",2914882,"1",
"980000",74012,"1",2914882,"1",
"980000",74012,"2",2914882,"1",
"980000",74012,"3",2914882,"1",
"980000",74012,"4",2914882,"1",
"980000",74012,"5",2914882,"1",
"980070",74012,"1",2914882,"1",
"980070",74012,"2",2914882,"1",
"980070",74012,"3",2914882,"1",
"980070",74012,"4",2914882,"1",
"980070",74012,"5",2914882,"1",
"900030",3743,"1",2914891,"1",
"900030",3743,"2",2914891,"1",
"900030",3743,"3",2914891,"1",
"900030",3743,"4",2914891,"1",
"900030",3743,"5",2914891,"1",
"900090",500,"1",2914891,"1",
"900090",500,"2",2914891,"1",
"900090",500,"3",2914891,"1",
"900090",500,"4",2914891,"1",
"900090",500,"5",2914891,"1",
"900150",180,"1",2914891,"1",
"900150",180,"2",2914891,"1",
"900150",180,"3",2914891,"1",
"900150",180,"4",2914891,"1",
"900150",180,"5",2914891,"1",
"980000",4423,"1",2914891,"1",
"980000",4423,"2",2914891,"1",
"980000",4423,"3",2914891,"1",
"980000",4423,"4",2914891,"1",
"980000",4423,"5",2914891,"1",
"980070",4423,"1",2914891,"1",
"980070",4423,"2",2914891,"1",
"980070",4423,"3",2914891,"1",
"980070",4423,"4",2914891,"1",
"980070",4423,"5",2914891,"1",
"900030",3743,"1",2914892,"1",
"900030",3743,"2",2914892,"1",
"900030",3743,"3",2914892,"1",
"900030",3743,"4",2914892,"1",
"900030",3743,"5",2914892,"1",
"900090",500,"1",2914892,"1",
"900090",500,"2",2914892,"1",
"900090",500,"3",2914892,"1",
"900090",500,"4",2914892,"1",
"900090",500,"5",2914892,"1",
"900150",180,"1",2914892,"1",
"900150",180,"2",2914892,"1",
"900150",180,"3",2914892,"1",
"900150",180,"4",2914892,"1",
"900150",180,"5",2914892,"1",
"980000",4423,"1",2914892,"1",
"980000",4423,"2",2914892,"1",
"980000",4423,"3",2914892,"1",
"980000",4423,"4",2914892,"1",
"980000",4423,"5",2914892,"1",
"980070",4423,"1",2914892,"1",
"980070",4423,"2",2914892,"1",
"980070",4423,"3",2914892,"1",
"980070",4423,"4",2914892,"1",
"980070",4423,"5",2914892,"1",
"900000",30543,"1",2914931,"1",
"900000",14173,"2",2914931,"1",
"900000",30439,"3",2914931,"1",
"900000",11774,"4",2914931,"1",
"900000",25189,"5",2914931,"1",
"980000",30543,"1",2914931,"1",
"980000",14173,"2",2914931,"1",
"980000",30439,"3",2914931,"1",
"980000",11774,"4",2914931,"1",
"980000",25189,"5",2914931,"1",
"980070",30543,"1",2914931,"1",
"980070",14173,"2",2914931,"1",
"980070",30439,"3",2914931,"1",
"980070",11774,"4",2914931,"1",
"980070",25189,"5",2914931,"1",
"900000",25912,"1",2914932,"1",
"900000",10523,"2",2914932,"1",
"900000",2611,"3",2914932,"1",
"900000",3292,"4",2914932,"1",
"900000",20642,"5",2914932,"1",
"980000",25912,"1",2914932,"1",
"980000",10523,"2",2914932,"1",
"980000",2611,"3",2914932,"1",
"980000",3292,"4",2914932,"1",
"980000",20642,"5",2914932,"1",
"980070",25912,"1",2914932,"1",
"980070",10523,"2",2914932,"1",
"980070",2611,"3",2914932,"1",
"980070",3292,"4",2914932,"1",
"980070",20642,"5",2914932,"1",
"900000",75058,"1",2914941,"1",
"900000",71239,"2",2914941,"1",
"900000",88870,"3",2914941,"1",
"900000",76795,"4",2914941,"1",
"900000",78307,"5",2914941,"1",
"900030",6000,"1",2914941,"1",
"900030",6000,"2",2914941,"1",
"900030",6000,"3",2914941,"1",
"900030",6000,"4",2914941,"1",
"900030",6000,"5",2914941,"1",
"900090",89,"1",2914941,"1",
"900090",89,"2",2914941,"1",
"900090",89,"3",2914941,"1",
"900090",89,"4",2914941,"1",
"900090",89,"5",2914941,"1",
"900170",800,"1",2914941,"1",
"900170",800,"2",2914941,"1",
"900170",800,"3",2914941,"1",
"900170",800,"4",2914941,"1",
"900170",800,"5",2914941,"1",
"980000",81947,"1",2914941,"1",
"980000",78128,"2",2914941,"1",
"980000",95759,"3",2914941,"1",
"980000",83684,"4",2914941,"1",
"980000",85196,"5",2914941,"1",
"980070",81947,"1",2914941,"1",
"980070",78128,"2",2914941,"1",
"980070",95759,"3",2914941,"1",
"980070",83684,"4",2914941,"1",
"980070",85196,"5",2914941,"1",
"900000",89569,"1",2914942,"1",
"900000",84647,"2",2914942,"1",
"900000",78976,"3",2914942,"1",
"900000",87635,"4",2914942,"1",
"900000",83891,"5",2914942,"1",
"900030",6000,"1",2914942,"1",
"900030",6000,"2",2914942,"1",
"900030",6000,"3",2914942,"1",
"900030",6000,"4",2914942,"1",
"900030",6000,"5",2914942,"1",
"900090",89,"1",2914942,"1",
"900090",89,"2",2914942,"1",
"900090",89,"3",2914942,"1",
"900090",89,"4",2914942,"1",
"900090",89,"5",2914942,"1",
"900170",800,"1",2914942,"1",
"900170",800,"2",2914942,"1",
"900170",800,"3",2914942,"1",
"900170",800,"4",2914942,"1",
"900170",800,"5",2914942,"1",
"980000",96458,"1",2914942,"1",
"980000",91536,"2",2914942,"1",
"980000",85865,"3",2914942,"1",
"980000",94524,"4",2914942,"1",
"980000",90780,"5",2914942,"1",
"980070",96458,"1",2914942,"1",
"980070",91536,"2",2914942,"1",
"980070",85865,"3",2914942,"1",
"980070",94524,"4",2914942,"1",
"980070",90780,"5",2914942,"1",
"900000",104655,"1",2914951,"1",
"900000",124292,"2",2914951,"1",
"900000",111225,"3",2914951,"1",
"900000",103536,"4",2914951,"1",
"900000",103340,"5",2914951,"1",
"980000",104655,"1",2914951,"1",
"980000",124292,"2",2914951,"1",
"980000",111225,"3",2914951,"1",
"980000",103536,"4",2914951,"1",
"980000",103340,"5",2914951,"1",
"980070",104955,"1",2914951,"1",
"980070",124592,"2",2914951,"1",
"980070",111525,"3",2914951,"1",
"980070",103836,"4",2914951,"1",
"980070",103640,"5",2914951,"1",
"900000",103036,"1",2914952,"1",
"900000",105229,"2",2914952,"1",
"900000",114776,"3",2914952,"1",
"900000",104568,"4",2914952,"1",
"900000",103236,"5",2914952,"1",
"980000",103036,"1",2914952,"1",
"980000",105229,"2",2914952,"1",
"980000",114776,"3",2914952,"1",
"980000",104568,"4",2914952,"1",
"980000",103236,"5",2914952,"1",
"980070",103336,"1",2914952,"1",
"980070",105529,"2",2914952,"1",
"980070",115076,"3",2914952,"1",
"980070",104868,"4",2914952,"1",
"980070",103536,"5",2914952,"1",
"800940",10967,"1",2914981,"1","T"
"800940",10967,"2",2914981,"1","T"
"800940",10967,"3",2914981,"1","T"
"800940",10967,"4",2914981,"1","T"
"800940",10967,"5",2914981,"1","T"
"900000",240149,"1",2914981,"1","T"
"900000",240149,"2",2914981,"1","T"
"900000",240149,"3",2914981,"1","T"
"900000",240149,"4",2914981,"1","T"
"900000",240149,"5",2914981,"1","T"
"900160",257112,"1",2914981,"1",
"900160",474458,"2",2914981,"1",
"900160",245811,"3",2914981,"1",
"900160",264305,"4",2914981,"1",
"900160",449679,"5",2914981,"1",
"900180",1500,"1",2914981,"1",
"900180",1500,"2",2914981,"1",
"900180",1500,"3",2914981,"1",
"900180",1500,"4",2914981,"1",
"900180",1500,"5",2914981,"1",
"980000",579922,"1",2914981,"1","T"
"980000",579922,"2",2914981,"1","T"
"980000",579922,"3",2914981,"1","T"
"980000",579922,"4",2914981,"1","T"
"980000",579922,"5",2914981,"1","T"
"980070",579723,"1",2914981,"1","T"
"980070",579723,"2",2914981,"1","T"
"980070",579723,"3",2914981,"1","T"
"980070",579723,"4",2914981,"1","T"
"980070",579723,"5",2914981,"1","T"
"800940",10967,"1",2914982,"1","T"
"800940",10967,"2",2914982,"1","T"
"800940",10967,"3",2914982,"1","T"
"800940",10967,"4",2914982,"1","T"
"800940",10967,"5",2914982,"1","T"
"900000",238605,"1",2914982,"1","T"
"900000",238605,"2",2914982,"1","T"
"900000",238605,"3",2914982,"1","T"
"900000",238605,"4",2914982,"1","T"
"900000",238605,"5",2914982,"1","T"
"900160",133760,"1",2914982,"1",
"900160",253848,"2",2914982,"1",
"900160",458836,"3",2914982,"1",
"900160",265739,"4",2914982,"1",
"900160",385083,"5",2914982,"1",
"900180",1500,"1",2914982,"1",
"900180",1500,"2",2914982,"1",
"900180",1500,"3",2914982,"1",
"900180",1500,"4",2914982,"1",
"900180",1500,"5",2914982,"1",
"980000",539558,"1",2914982,"1","T"
"980000",539558,"2",2914982,"1","T"
"980000",539558,"3",2914982,"1","T"
"980000",539558,"4",2914982,"1","T"
"980000",539558,"5",2914982,"1","T"
"980070",539359,"1",2914982,"1","T"
"980070",539359,"2",2914982,"1","T"
"980070",539359,"3",2914982,"1","T"
"980070",539359,"4",2914982,"1","T"
"980070",539359,"5",2914982,"1","T"
"900030",10691,"1",2914992,"1",
"900030",10127,"2",2914992,"1",
"900030",11831,"3",2914992,"1",
"900030",7919,"4",2914992,"1",
"900030",17147,"5",2914992,"1",
"900160",5176,"1",2914992,"1",
"900160",21003,"2",2914992,"1",
"900160",-9316,"3",2914992,"1",
"900160",6606,"4",2914992,"1",
"900160",70891,"5",2914992,"1",
"980000",15867,"1",2914992,"1",
"980000",31130,"2",2914992,"1",
"980000",2515,"3",2914992,"1",
"980000",14525,"4",2914992,"1",
"980000",88038,"5",2914992,"1",
"980070",15867,"1",2914992,"1",
"980070",31130,"2",2914992,"1",
"980070",2515,"3",2914992,"1",
"980070",14525,"4",2914992,"1",
"980070",88038,"5",2914992,"1",
"900000",7287,"1",2915001,"1",
"900000",28524,"2",2915001,"1",
"900000",51207,"3",2915001,"1",
"900000",51036,"4",2915001,"1",
"900000",88216,"5",2915001,"1",
"980000",7287,"1",2915001,"1",
"980000",28524,"2",2915001,"1",
"980000",51207,"3",2915001,"1",
"980000",51036,"4",2915001,"1",
"980000",88216,"5",2915001,"1",
"980070",7287,"1",2915001,"1",
"980070",28524,"2",2915001,"1",
"980070",51207,"3",2915001,"1",
"980070",51036,"4",2915001,"1",
"980070",88216,"5",2915001,"1",
"900000",69161,"1",2915002,"1",
"900000",39634,"2",2915002,"1",
"900000",20451,"3",2915002,"1",
"900000",52623,"4",2915002,"1",
"900000",74307,"5",2915002,"1",
"980000",69161,"1",2915002,"1",
"980000",39634,"2",2915002,"1",
"980000",20451,"3",2915002,"1",
"980000",52623,"4",2915002,"1",
"980000",74307,"5",2915002,"1",
"980070",69161,"1",2915002,"1",
"980070",39634,"2",2915002,"1",
"980070",20451,"3",2915002,"1",
"980070",52623,"4",2915002,"1",
"980070",74307,"5",2915002,"1",
"900000",12000,"1",2915031,"1",
"900000",12000,"2",2915031,"1",
"900000",12000,"3",2915031,"1",
"900000",12000,"4",2915031,"1",
"900000",12000,"5",2915031,"1",
"900150",2400,"1",2915031,"1",
"900150",2400,"2",2915031,"1",
"900150",2400,"3",2915031,"1",
"900150",2400,"4",2915031,"1",
"900150",2400,"5",2915031,"1",
"980000",14400,"1",2915031,"1",
"980000",14400,"2",2915031,"1",
"980000",14400,"3",2915031,"1",
"980000",14400,"4",2915031,"1",
"980000",14400,"5",2915031,"1",
"980070",15185,"1",2915031,"1",
"980070",15185,"2",2915031,"1",
"980070",15185,"3",2915031,"1",
"980070",15185,"4",2915031,"1",
"980070",15185,"5",2915031,"1",
"900000",12000,"1",2915032,"1",
"900000",12000,"2",2915032,"1",
"900000",12000,"3",2915032,"1",
"900000",12000,"4",2915032,"1",
"900000",12000,"5",2915032,"1",
"900150",2400,"1",2915032,"1",
"900150",2400,"2",2915032,"1",
"900150",2400,"3",2915032,"1",
"900150",2400,"4",2915032,"1",
"900150",2400,"5",2915032,"1",
"980000",14400,"1",2915032,"1",
"980000",14400,"2",2915032,"1",
"980000",14400,"3",2915032,"1",
"980000",14400,"4",2915032,"1",
"980000",14400,"5",2915032,"1",
"980070",15185,"1",2915032,"1",
"980070",15185,"2",2915032,"1",
"980070",15185,"3",2915032,"1",
"980070",15185,"4",2915032,"1",
"980070",15185,"5",2915032,"1",
"900000",3800,"1",2915041,"1",
"900000",3800,"2",2915041,"1",
"900000",3800,"3",2915041,"1",
"900000",3800,"4",2915041,"1",
"900000",3800,"5",2915041,"1",
"980000",3800,"1",2915041,"1",
"980000",3800,"2",2915041,"1",
"980000",3800,"3",2915041,"1",
"980000",3800,"4",2915041,"1",
"980000",3800,"5",2915041,"1",
"980070",6100,"1",2915041,"1",
"980070",6100,"2",2915041,"1",
"980070",6100,"3",2915041,"1",
"980070",6100,"4",2915041,"1",
"980070",6100,"5",2915041,"1",
"900000",3800,"1",2915042,"1",
"900000",3800,"2",2915042,"1",
"900000",3800,"3",2915042,"1",
"900000",3800,"4",2915042,"1",
"900000",3800,"5",2915042,"1",
"980000",3800,"1",2915042,"1",
"980000",3800,"2",2915042,"1",
"980000",3800,"3",2915042,"1",
"980000",3800,"4",2915042,"1",
"980000",3800,"5",2915042,"1",
"980070",6100,"1",2915042,"1",
"980070",6100,"2",2915042,"1",
"980070",6100,"3",2915042,"1",
"980070",6100,"4",2915042,"1",
"980070",6100,"5",2915042,"1",
"900000",63000,"1",2915061,"1",
"900000",63000,"2",2915061,"1",
"900000",63000,"3",2915061,"1",
"900000",63000,"4",2915061,"1",
"900000",63000,"5",2915061,"1",
"980000",63000,"1",2915061,"1",
"980000",63000,"2",2915061,"1",
"980000",63000,"3",2915061,"1",
"980000",63000,"4",2915061,"1",
"980000",63000,"5",2915061,"1",
"980070",59500,"1",2915061,"1",
"980070",59500,"2",2915061,"1",
"980070",59500,"3",2915061,"1",
"980070",59500,"4",2915061,"1",
"980070",59500,"5",2915061,"1",
"900000",63000,"1",2915062,"1",
"900000",63000,"2",2915062,"1",
"900000",63000,"3",2915062,"1",
"900000",63000,"4",2915062,"1",
"900000",63000,"5",2915062,"1",
"980000",63000,"1",2915062,"1",
"980000",63000,"2",2915062,"1",
"980000",63000,"3",2915062,"1",
"980000",63000,"4",2915062,"1",
"980000",63000,"5",2915062,"1",
"980070",59500,"1",2915062,"1",
"980070",59500,"2",2915062,"1",
"980070",59500,"3",2915062,"1",
"980070",59500,"4",2915062,"1",
"980070",59500,"5",2915062,"1",
"900000",36720,"1",2915091,"1",
"900000",36720,"2",2915091,"1",
"900000",36720,"3",2915091,"1",
"900000",36720,"4",2915091,"1",
"900000",36720,"5",2915091,"1",
"980000",36720,"1",2915091,"1",
"980000",36720,"2",2915091,"1",
"980000",36720,"3",2915091,"1",
"980000",36720,"4",2915091,"1",
"980000",36720,"5",2915091,"1",
"980070",36720,"1",2915091,"1",
"980070",36720,"2",2915091,"1",
"980070",36720,"3",2915091,"1",
"980070",36720,"4",2915091,"1",
"980070",36720,"5",2915091,"1",
"900000",36720,"1",2915092,"1",
"900000",36720,"2",2915092,"1",
"900000",36720,"3",2915092,"1",
"900000",36720,"4",2915092,"1",
"900000",36720,"5",2915092,"1",
"980000",36720,"1",2915092,"1",
"980000",36720,"2",2915092,"1",
"980000",36720,"3",2915092,"1",
"980000",36720,"4",2915092,"1",
"980000",36720,"5",2915092,"1",
"980070",36720,"1",2915092,"1",
"980070",36720,"2",2915092,"1",
"980070",36720,"3",2915092,"1",
"980070",36720,"4",2915092,"1",
"980070",36720,"5",2915092,"1",
"900030",8711,"1",2915111,"1",
"900030",8711,"2",2915111,"1",
"900030",8711,"3",2915111,"1",
"900030",8711,"4",2915111,"1",
"900030",8711,"5",2915111,"1",
"900180",1224,"1",2915111,"1",
"900180",1116,"2",2915111,"1",
"900180",1269,"3",2915111,"1",
"900180",1065,"4",2915111,"1",
"900180",1013,"5",2915111,"1",
"980000",9935,"1",2915111,"1",
"980000",9827,"2",2915111,"1",
"980000",9980,"3",2915111,"1",
"980000",9776,"4",2915111,"1",
"980000",9724,"5",2915111,"1",
"980070",9935,"1",2915111,"1",
"980070",9827,"2",2915111,"1",
"980070",9980,"3",2915111,"1",
"980070",9776,"4",2915111,"1",
"980070",9724,"5",2915111,"1",
"900030",8711,"1",2915112,"1",
"900030",8711,"2",2915112,"1",
"900030",8711,"3",2915112,"1",
"900030",8711,"4",2915112,"1",
"900030",8711,"5",2915112,"1",
"900180",1289,"1",2915112,"1",
"900180",1151,"2",2915112,"1",
"900180",1912,"3",2915112,"1",
"900180",1048,"4",2915112,"1",
"900180",1257,"5",2915112,"1",
"980000",10000,"1",2915112,"1",
"980000",9862,"2",2915112,"1",
"980000",10623,"3",2915112,"1",
"980000",9759,"4",2915112,"1",
"980000",9968,"5",2915112,"1",
"980070",10000,"1",2915112,"1",
"980070",9862,"2",2915112,"1",
"980070",10623,"3",2915112,"1",
"980070",9759,"4",2915112,"1",
"980070",9968,"5",2915112,"1",
"900000",205487,"1",2915121,"1","T"
"900000",205487,"2",2915121,"1","T"
"900000",205487,"3",2915121,"1","T"
"900000",205487,"4",2915121,"1","T"
"900000",205487,"5",2915121,"1","T"
"980000",205487,"1",2915121,"1","T"
"980000",205487,"2",2915121,"1","T"
"980000",205487,"3",2915121,"1","T"
"980000",205487,"4",2915121,"1","T"
"980000",205487,"5",2915121,"1","T"
"980070",205487,"1",2915121,"1","T"
"980070",205487,"2",2915121,"1","T"
"980070",205487,"3",2915121,"1","T"
"980070",205487,"4",2915121,"1","T"
"980070",205487,"5",2915121,"1","T"
"900000",205487,"1",2915122,"1","T"
"900000",205487,"2",2915122,"1","T"
"900000",205487,"3",2915122,"1","T"
"900000",205487,"4",2915122,"1","T"
"900000",205487,"5",2915122,"1","T"
"980000",205487,"1",2915122,"1","T"
"980000",205487,"2",2915122,"1","T"
"980000",205487,"3",2915122,"1","T"
"980000",205487,"4",2915122,"1","T"
"980000",205487,"5",2915122,"1","T"
"980070",205487,"1",2915122,"1","T"
"980070",205487,"2",2915122,"1","T"
"980070",205487,"3",2915122,"1","T"
"980070",205487,"4",2915122,"1","T"
"980070",205487,"5",2915122,"1","T"
"900000",14000,"1",2915151,"1",
"900000",14000,"2",2915151,"1",
"900000",14000,"3",2915151,"1",
"900000",14000,"4",2915151,"1",
"900000",14000,"5",2915151,"1",
"980000",14000,"1",2915151,"1",
"980000",14000,"2",2915151,"1",
"980000",14000,"3",2915151,"1",
"980000",14000,"4",2915151,"1",
"980000",14000,"5",2915151,"1",
"980070",17960,"1",2915151,"1",
"980070",17960,"2",2915151,"1",
"980070",17960,"3",2915151,"1",
"980070",17960,"4",2915151,"1",
"980070",17960,"5",2915151,"1",
"900000",14000,"1",2915152,"1",
"900000",14000,"2",2915152,"1",
"900000",14000,"3",2915152,"1",
"900000",14000,"4",2915152,"1",
"900000",14000,"5",2915152,"1",
"980000",14000,"1",2915152,"1",
"980000",14000,"2",2915152,"1",
"980000",14000,"3",2915152,"1",
"980000",14000,"4",2915152,"1",
"980000",14000,"5",2915152,"1",
"980070",17960,"1",2915152,"1",
"980070",17960,"2",2915152,"1",
"980070",17960,"3",2915152,"1",
"980070",17960,"4",2915152,"1",
"980070",17960,"5",2915152,"1",
"900000",23644,"1",2915181,"1",
"900000",27819,"2",2915181,"1",
"900000",29356,"3",2915181,"1",
"900000",20766,"4",2915181,"1",
"900000",26231,"5",2915181,"1",
"900030",32508,"1",2915181,"1",
"900030",32508,"2",2915181,"1",
"900030",32508,"3",2915181,"1",
"900030",32508,"4",2915181,"1",
"900030",32508,"5",2915181,"1",
"900180",20,"1",2915181,"1",
"900180",20,"2",2915181,"1",
"900180",20,"3",2915181,"1",
"900180",20,"4",2915181,"1",
"900180",20,"5",2915181,"1",
"980000",56172,"1",2915181,"1",
"980000",60347,"2",2915181,"1",
"980000",61884,"3",2915181,"1",
"980000",53294,"4",2915181,"1",
"980000",58759,"5",2915181,"1",
"980070",55058,"1",2915181,"1",
"980070",59233,"2",2915181,"1",
"980070",60770,"3",2915181,"1",
"980070",52180,"4",2915181,"1",
"980070",57645,"5",2915181,"1",
"900000",21063,"1",2915182,"1",
"900000",25429,"2",2915182,"1",
"900000",21404,"3",2915182,"1",
"900000",22879,"4",2915182,"1",
"900000",21613,"5",2915182,"1",
"900030",32508,"1",2915182,"1",
"900030",32508,"2",2915182,"1",
"900030",32508,"3",2915182,"1",
"900030",32508,"4",2915182,"1",
"900030",32508,"5",2915182,"1",
"900180",20,"1",2915182,"1",
"900180",20,"2",2915182,"1",
"900180",20,"3",2915182,"1",
"900180",20,"4",2915182,"1",
"900180",20,"5",2915182,"1",
"980000",53591,"1",2915182,"1",
"980000",57957,"2",2915182,"1",
"980000",53932,"3",2915182,"1",
"980000",55407,"4",2915182,"1",
"980000",54141,"5",2915182,"1",
"980070",52477,"1",2915182,"1",
"980070",56843,"2",2915182,"1",
"980070",52818,"3",2915182,"1",
"980070",54293,"4",2915182,"1",
"980070",53027,"5",2915182,"1",
"900030",4055,"1",2915191,"1",
"900030",4055,"2",2915191,"1",
"900030",4055,"3",2915191,"1",
"900030",4055,"4",2915191,"1",
"900030",4055,"5",2915191,"1",
"900180",22000,"1",2915191,"1",
"900180",22000,"2",2915191,"1",
"900180",22000,"3",2915191,"1",
"900180",22000,"4",2915191,"1",
"900180",22000,"5",2915191,"1",
"980000",26055,"1",2915191,"1",
"980000",26055,"2",2915191,"1",
"980000",26055,"3",2915191,"1",
"980000",26055,"4",2915191,"1",
"980000",26055,"5",2915191,"1",
"980070",29555,"1",2915191,"1",
"980070",29555,"2",2915191,"1",
"980070",29555,"3",2915191,"1",
"980070",29555,"4",2915191,"1",
"980070",29555,"5",2915191,"1",
"900030",4055,"1",2915192,"1",
"900030",4055,"2",2915192,"1",
"900030",4055,"3",2915192,"1",
"900030",4055,"4",2915192,"1",
"900030",4055,"5",2915192,"1",
"900180",22000,"1",2915192,"1",
"900180",22000,"2",2915192,"1",
"900180",22000,"3",2915192,"1",
"900180",22000,"4",2915192,"1",
"900180",22000,"5",2915192,"1",
"980000",26055,"1",2915192,"1",
"980000",26055,"2",2915192,"1",
"980000",26055,"3",2915192,"1",
"980000",26055,"4",2915192,"1",
"980000",26055,"5",2915192,"1",
"980070",29555,"1",2915192,"1",
"980070",29555,"2",2915192,"1",
"980070",29555,"3",2915192,"1",
"980070",29555,"4",2915192,"1",
"980070",29555,"5",2915192,"1",
"900000",27150,"1",2915201,"1",
"900000",36811,"2",2915201,"1",
"900000",54577,"3",2915201,"1",
"900000",24665,"4",2915201,"1",
"900000",37155,"5",2915201,"1",
"900160",32770,"1",2915201,"1",
"900160",55080,"2",2915201,"1",
"900160",15949,"3",2915201,"1",
"900160",10225,"4",2915201,"1",
"900160",5105,"5",2915201,"1",
"980000",59920,"1",2915201,"1",
"980000",91891,"2",2915201,"1",
"980000",70526,"3",2915201,"1",
"980000",34890,"4",2915201,"1",
"980000",42260,"5",2915201,"1",
"980070",59920,"1",2915201,"1",
"980070",91891,"2",2915201,"1",
"980070",70526,"3",2915201,"1",
"980070",34890,"4",2915201,"1",
"980070",42260,"5",2915201,"1",
"900000",46832,"1",2915202,"1",
"900000",74378,"2",2915202,"1",
"900000",101547,"3",2915202,"1",
"900000",98179,"4",2915202,"1",
"900000",48280,"5",2915202,"1",
"900160",106629,"1",2915202,"1",
"900160",14473,"2",2915202,"1",
"900160",8257,"3",2915202,"1",
"900160",72520,"4",2915202,"1",
"900160",5173,"5",2915202,"1",
"980000",153461,"1",2915202,"1",
"980000",88851,"2",2915202,"1",
"980000",109804,"3",2915202,"1",
"980000",170699,"4",2915202,"1",
"980000",53453,"5",2915202,"1",
"980070",153461,"1",2915202,"1",
"980070",88851,"2",2915202,"1",
"980070",109804,"3",2915202,"1",
"980070",170699,"4",2915202,"1",
"980070",53453,"5",2915202,"1",
"900000",68400,"1",2915231,"1",
"900000",68400,"2",2915231,"1",
"900000",68400,"3",2915231,"1",
"900000",68400,"4",2915231,"1",
"900000",68400,"5",2915231,"1",
"900210",3402,"1",2915231,"1",
"900210",3402,"2",2915231,"1",
"900210",3402,"3",2915231,"1",
"900210",3402,"4",2915231,"1",
"900210",3402,"5",2915231,"1",
"980000",71802,"1",2915231,"1",
"980000",71802,"2",2915231,"1",
"980000",71802,"3",2915231,"1",
"980000",71802,"4",2915231,"1",
"980000",71802,"5",2915231,"1",
"980070",73932,"1",2915231,"1",
"980070",73932,"2",2915231,"1",
"980070",73932,"3",2915231,"1",
"980070",73932,"4",2915231,"1",
"980070",73932,"5",2915231,"1",
"900000",68400,"1",2915232,"1",
"900000",68400,"2",2915232,"1",
"900000",68400,"3",2915232,"1",
"900000",68400,"4",2915232,"1",
"900000",68400,"5",2915232,"1",
"900210",3402,"1",2915232,"1",
"900210",3402,"2",2915232,"1",
"900210",3402,"3",2915232,"1",
"900210",3402,"4",2915232,"1",
"900210",3402,"5",2915232,"1",
"980000",71802,"1",2915232,"1",
"980000",71802,"2",2915232,"1",
"980000",71802,"3",2915232,"1",
"980000",71802,"4",2915232,"1",
"980000",71802,"5",2915232,"1",
"980070",73932,"1",2915232,"1",
"980070",73932,"2",2915232,"1",
"980070",73932,"3",2915232,"1",
"980070",73932,"4",2915232,"1",
"980070",73932,"5",2915232,"1",
"900000",15800,"1",2915241,"1",
"900000",15800,"2",2915241,"1",
"900000",15800,"3",2915241,"1",
"900000",15800,"4",2915241,"1",
"900000",15800,"5",2915241,"1",
"900030",16064,"1",2915241,"1",
"900030",16064,"2",2915241,"1",
"900030",16064,"3",2915241,"1",
"900030",16064,"4",2915241,"1",
"900030",16064,"5",2915241,"1",
"900170",9360,"1",2915241,"1",
"900170",9360,"2",2915241,"1",
"900170",9360,"3",2915241,"1",
"900170",9360,"4",2915241,"1",
"900170",9360,"5",2915241,"1",
"980000",41224,"1",2915241,"1",
"980000",41224,"2",2915241,"1",
"980000",41224,"3",2915241,"1",
"980000",41224,"4",2915241,"1",
"980000",41224,"5",2915241,"1",
"980070",42024,"1",2915241,"1",
"980070",42024,"2",2915241,"1",
"980070",42024,"3",2915241,"1",
"980070",42024,"4",2915241,"1",
"980070",42024,"5",2915241,"1",
"900000",15800,"1",2915242,"1",
"900000",15800,"2",2915242,"1",
"900000",15800,"3",2915242,"1",
"900000",15800,"4",2915242,"1",
"900000",15800,"5",2915242,"1",
"900030",16064,"1",2915242,"1",
"900030",16064,"2",2915242,"1",
"900030",16064,"3",2915242,"1",
"900030",16064,"4",2915242,"1",
"900030",16064,"5",2915242,"1",
"900170",9360,"1",2915242,"1",
"900170",9360,"2",2915242,"1",
"900170",9360,"3",2915242,"1",
"900170",9360,"4",2915242,"1",
"900170",9360,"5",2915242,"1",
"980000",41224,"1",2915242,"1",
"980000",41224,"2",2915242,"1",
"980000",41224,"3",2915242,"1",
"980000",41224,"4",2915242,"1",
"980000",41224,"5",2915242,"1",
"980070",42024,"1",2915242,"1",
"980070",42024,"2",2915242,"1",
"980070",42024,"3",2915242,"1",
"980070",42024,"4",2915242,"1",
"980070",42024,"5",2915242,"1",
"900000",135000,"1",2915261,"1",
"900000",135000,"2",2915261,"1",
"900000",135000,"3",2915261,"1",
"900000",135000,"4",2915261,"1",
"900000",135000,"5",2915261,"1",
"900140",900,"1",2915261,"1",
"900140",900,"2",2915261,"1",
"900140",900,"3",2915261,"1",
"900140",900,"4",2915261,"1",
"900140",900,"5",2915261,"1",
"980000",135900,"1",2915261,"1",
"980000",135900,"2",2915261,"1",
"980000",135900,"3",2915261,"1",
"980000",135900,"4",2915261,"1",
"980000",135900,"5",2915261,"1",
"980070",141400,"1",2915261,"1",
"980070",141400,"2",2915261,"1",
"980070",141400,"3",2915261,"1",
"980070",141400,"4",2915261,"1",
"980070",141400,"5",2915261,"1",
"900000",135000,"1",2915262,"1",
"900000",135000,"2",2915262,"1",
"900000",135000,"3",2915262,"1",
"900000",135000,"4",2915262,"1",
"900000",135000,"5",2915262,"1",
"900140",900,"1",2915262,"1",
"900140",900,"2",2915262,"1",
"900140",900,"3",2915262,"1",
"900140",900,"4",2915262,"1",
"900140",900,"5",2915262,"1",
"980000",135900,"1",2915262,"1",
"980000",135900,"2",2915262,"1",
"980000",135900,"3",2915262,"1",
"980000",135900,"4",2915262,"1",
"980000",135900,"5",2915262,"1",
"980070",141400,"1",2915262,"1",
"980070",141400,"2",2915262,"1",
"980070",141400,"3",2915262,"1",
"980070",141400,"4",2915262,"1",
"980070",141400,"5",2915262,"1",
"900030",21659,"1",2915271,"1",
"900030",21659,"2",2915271,"1",
"900030",21659,"3",2915271,"1",
"900030",21659,"4",2915271,"1",
"900030",21659,"5",2915271,"1",
"980000",21659,"1",2915271,"1",
"980000",21659,"2",2915271,"1",
"980000",21659,"3",2915271,"1",
"980000",21659,"4",2915271,"1",
"980000",21659,"5",2915271,"1",
"980070",21659,"1",2915271,"1",
"980070",21659,"2",2915271,"1",
"980070",21659,"3",2915271,"1",
"980070",21659,"4",2915271,"1",
"980070",21659,"5",2915271,"1",
"900030",21659,"1",2915272,"1",
"900030",21659,"2",2915272,"1",
"900030",21659,"3",2915272,"1",
"900030",21659,"4",2915272,"1",
"900030",21659,"5",2915272,"1",
"980000",21659,"1",2915272,"1",
"980000",21659,"2",2915272,"1",
"980000",21659,"3",2915272,"1",
"980000",21659,"4",2915272,"1",
"980000",21659,"5",2915272,"1",
"980070",21659,"1",2915272,"1",
"980070",21659,"2",2915272,"1",
"980070",21659,"3",2915272,"1",
"980070",21659,"4",2915272,"1",
"980070",21659,"5",2915272,"1",
"900000",49000,"1",2915291,"1",
"900000",49000,"2",2915291,"1",
"900000",49000,"3",2915291,"1",
"900000",49000,"4",2915291,"1",
"900000",49000,"5",2915291,"1",
"980000",49000,"1",2915291,"1",
"980000",49000,"2",2915291,"1",
"980000",49000,"3",2915291,"1",
"980000",49000,"4",2915291,"1",
"980000",49000,"5",2915291,"1",
"980070",50200,"1",2915291,"1",
"980070",50200,"2",2915291,"1",
"980070",50200,"3",2915291,"1",
"980070",50200,"4",2915291,"1",
"980070",50200,"5",2915291,"1",
"900000",49000,"1",2915292,"1",
"900000",49000,"2",2915292,"1",
"900000",49000,"3",2915292,"1",
"900000",49000,"4",2915292,"1",
"900000",49000,"5",2915292,"1",
"980000",49000,"1",2915292,"1",
"980000",49000,"2",2915292,"1",
"980000",49000,"3",2915292,"1",
"980000",49000,"4",2915292,"1",
"980000",49000,"5",2915292,"1",
"980070",50200,"1",2915292,"1",
"980070",50200,"2",2915292,"1",
"980070",50200,"3",2915292,"1",
"980070",50200,"4",2915292,"1",
"980070",50200,"5",2915292,"1",
"900000",79290,"1",2915311,"1",
"900000",70770,"2",2915311,"1",
"900000",49735,"3",2915311,"1",
"900000",77506,"4",2915311,"1",
"900000",100626,"5",2915311,"1",
"980000",79290,"1",2915311,"1",
"980000",70770,"2",2915311,"1",
"980000",49735,"3",2915311,"1",
"980000",77506,"4",2915311,"1",
"980000",100626,"5",2915311,"1",
"980070",79290,"1",2915311,"1",
"980070",70770,"2",2915311,"1",
"980070",49735,"3",2915311,"1",
"980070",77506,"4",2915311,"1",
"980070",100626,"5",2915311,"1",
"900000",205487,"1",2915312,"1","T"
"900000",205487,"2",2915312,"1","T"
"900000",205487,"3",2915312,"1","T"
"900000",205487,"4",2915312,"1","T"
"900000",205487,"5",2915312,"1","T"
"980000",205487,"1",2915312,"1","T"
"980000",205487,"2",2915312,"1","T"
"980000",205487,"3",2915312,"1","T"
"980000",205487,"4",2915312,"1","T"
"980000",205487,"5",2915312,"1","T"
"980070",205487,"1",2915312,"1","T"
"980070",205487,"2",2915312,"1","T"
"980070",205487,"3",2915312,"1","T"
"980070",205487,"4",2915312,"1","T"
"980070",205487,"5",2915312,"1","T"
"900000",30000,"1",2915321,"1",
"900000",30000,"2",2915321,"1",
"900000",30000,"3",2915321,"1",
"900000",30000,"4",2915321,"1",
"900000",30000,"5",2915321,"1",
"950002",948,"1",2915321,"1",
"950002",948,"2",2915321,"1",
"950002",948,"3",2915321,"1",
"950002",948,"4",2915321,"1",
"950002",948,"5",2915321,"1",
"950012",396,"1",2915321,"1",
"950012",396,"2",2915321,"1",
"950012",396,"3",2915321,"1",
"950012",396,"4",2915321,"1",
"950012",396,"5",2915321,"1",
"980000",30000,"1",2915321,"1",
"980000",30000,"2",2915321,"1",
"980000",30000,"3",2915321,"1",
"980000",30000,"4",2915321,"1",
"980000",30000,"5",2915321,"1",
"980070",32856,"1",2915321,"1",
"980070",32856,"2",2915321,"1",
"980070",32856,"3",2915321,"1",
"980070",32856,"4",2915321,"1",
"980070",32856,"5",2915321,"1",
"900000",30000,"1",2915322,"1",
"900000",30000,"2",2915322,"1",
"900000",30000,"3",2915322,"1",
"900000",30000,"4",2915322,"1",
"900000",30000,"5",2915322,"1",
"950002",948,"1",2915322,"1",
"950002",948,"2",2915322,"1",
"950002",948,"3",2915322,"1",
"950002",948,"4",2915322,"1",
"950002",948,"5",2915322,"1",
"950012",396,"1",2915322,"1",
"950012",396,"2",2915322,"1",
"950012",396,"3",2915322,"1",
"950012",396,"4",2915322,"1",
"950012",396,"5",2915322,"1",
"980000",30000,"1",2915322,"1",
"980000",30000,"2",2915322,"1",
"980000",30000,"3",2915322,"1",
"980000",30000,"4",2915322,"1",
"980000",30000,"5",2915322,"1",
"980070",32856,"1",2915322,"1",
"980070",32856,"2",2915322,"1",
"980070",32856,"3",2915322,"1",
"980070",32856,"4",2915322,"1",
"980070",32856,"5",2915322,"1",
"900000",6227,"1",2915341,"1",
"900000",1049,"2",2915341,"1",
"900000",1,"3",2915341,"1",
"900000",10888,"4",2915341,"1",
"900000",1862,"5",2915341,"1",
"900030",12360,"1",2915341,"1",
"900030",9408,"2",2915341,"1",
"900030",9492,"3",2915341,"1",
"900030",9756,"4",2915341,"1",
"900030",300,"5",2915341,"1",
"980000",18587,"1",2915341,"1",
"980000",10457,"2",2915341,"1",
"980000",9493,"3",2915341,"1",
"980000",20644,"4",2915341,"1",
"980000",2162,"5",2915341,"1",
"980070",18587,"1",2915341,"1",
"980070",10457,"2",2915341,"1",
"980070",9493,"3",2915341,"1",
"980070",20644,"4",2915341,"1",
"980070",2162,"5",2915341,"1",
"900000",1,"1",2915342,"1",
"900000",1836,"2",2915342,"1",
"900000",634,"3",2915342,"1",
"900000",332,"4",2915342,"1",
"900000",1033,"5",2915342,"1",
"900030",636,"1",2915342,"1",
"900030",8556,"2",2915342,"1",
"900030",10428,"3",2915342,"1",
"900030",10932,"4",2915342,"1",
"900030",5088,"5",2915342,"1",
"980000",637,"1",2915342,"1",
"980000",10392,"2",2915342,"1",
"980000",11062,"3",2915342,"1",
"980000",11264,"4",2915342,"1",
"980000",6121,"5",2915342,"1",
"980070",637,"1",2915342,"1",
"980070",10392,"2",2915342,"1",
"980070",11062,"3",2915342,"1",
"980070",11264,"4",2915342,"1",
"980070",6121,"5",2915342,"1",
"900000",67885,"1",2915361,"1",
"900000",33303,"2",2915361,"1",
"900000",24299,"3",2915361,"1",
"900000",22536,"4",2915361,"1",
"900000",55774,"5",2915361,"1",
"980000",67885,"1",2915361,"1",
"980000",33303,"2",2915361,"1",
"980000",24299,"3",2915361,"1",
"980000",22536,"4",2915361,"1",
"980000",55774,"5",2915361,"1",
"980070",67885,"1",2915361,"1",
"980070",33303,"2",2915361,"1",
"980070",24299,"3",2915361,"1",
"980070",22536,"4",2915361,"1",
"980070",55774,"5",2915361,"1",
"900000",41664,"1",2915362,"1",
"900000",41801,"2",2915362,"1",
"900000",25041,"3",2915362,"1",
"900000",22427,"4",2915362,"1",
"900000",14276,"5",2915362,"1",
"980000",41664,"1",2915362,"1",
"980000",41801,"2",2915362,"1",
"980000",25041,"3",2915362,"1",
"980000",22427,"4",2915362,"1",
"980000",14276,"5",2915362,"1",
"980070",41664,"1",2915362,"1",
"980070",41801,"2",2915362,"1",
"980070",25041,"3",2915362,"1",
"980070",22427,"4",2915362,"1",
"980070",14276,"5",2915362,"1",
"900000",110106,"1",2915371,"1",
"900000",48472,"2",2915371,"1",
"900000",82298,"3",2915371,"1",
"900000",73430,"4",2915371,"1",
"900000",86538,"5",2915371,"1",
"900180",40,"1",2915371,"1",
"900180",40,"2",2915371,"1",
"900180",40,"3",2915371,"1",
"900180",40,"4",2915371,"1",
"900180",40,"5",2915371,"1",
"980000",110146,"1",2915371,"1",
"980000",48512,"2",2915371,"1",
"980000",82338,"3",2915371,"1",
"980000",73470,"4",2915371,"1",
"980000",86578,"5",2915371,"1",
"980070",113546,"1",2915371,"1",
"980070",51912,"2",2915371,"1",
"980070",85738,"3",2915371,"1",
"980070",76870,"4",2915371,"1",
"980070",89978,"5",2915371,"1",
"900000",36868,"1",2915372,"1",
"900000",26586,"2",2915372,"1",
"900000",46243,"3",2915372,"1",
"900000",104956,"4",2915372,"1",
"900000",61216,"5",2915372,"1",
"900180",40,"1",2915372,"1",
"900180",40,"2",2915372,"1",
"900180",40,"3",2915372,"1",
"900180",40,"4",2915372,"1",
"900180",40,"5",2915372,"1",
"980000",36908,"1",2915372,"1",
"980000",26626,"2",2915372,"1",
"980000",46283,"3",2915372,"1",
"980000",104996,"4",2915372,"1",
"980000",61256,"5",2915372,"1",
"980070",40308,"1",2915372,"1",
"980070",30026,"2",2915372,"1",
"980070",49683,"3",2915372,"1",
"980070",108396,"4",2915372,"1",
"980070",64656,"5",2915372,"1",
"900030",10811,"1",2915381,"1",
"900030",11963,"2",2915381,"1",
"900030",9647,"3",2915381,"1",
"900030",17735,"4",2915381,"1",
"900030",12467,"5",2915381,"1",
"900170",8827,"1",2915381,"1",
"900170",3198,"2",2915381,"1",
"900170",11972,"3",2915381,"1",
"900170",17628,"4",2915381,"1",
"900170",17338,"5",2915381,"1",
"980000",19638,"1",2915381,"1",
"980000",15161,"2",2915381,"1",
"980000",21619,"3",2915381,"1",
"980000",35363,"4",2915381,"1",
"980000",29805,"5",2915381,"1",
"980070",19638,"1",2915381,"1",
"980070",15161,"2",2915381,"1",
"980070",21619,"3",2915381,"1",
"980070",35363,"4",2915381,"1",
"980070",29805,"5",2915381,"1",
"900030",1307,"1",2915382,"1",
"900030",19823,"2",2915382,"1",
"900030",14231,"3",2915382,"1",
"900030",4403,"4",2915382,"1",
"900030",3239,"5",2915382,"1",
"900170",926,"1",2915382,"1",
"900170",798,"2",2915382,"1",
"900170",8960,"3",2915382,"1",
"900170",22010,"4",2915382,"1",
"900170",13785,"5",2915382,"1",
"980000",2233,"1",2915382,"1",
"980000",20621,"2",2915382,"1",
"980000",23191,"3",2915382,"1",
"980000",26413,"4",2915382,"1",
"980000",17024,"5",2915382,"1",
"980070",2233,"1",2915382,"1",
"980070",20621,"2",2915382,"1",
"980070",23191,"3",2915382,"1",
"980070",26413,"4",2915382,"1",
"980070",17024,"5",2915382,"1",
"800940",2621,"1",2915391,"1",
"800940",2521,"2",2915391,"1",
"800940",2841,"3",2915391,"1",
"800940",1457,"4",2915391,"1",
"800940",914,"5",2915391,"1",
"900000",12500,"1",2915391,"1",
"900000",12500,"2",2915391,"1",
"900000",12500,"3",2915391,"1",
"900000",12500,"4",2915391,"1",
"900000",12500,"5",2915391,"1",
"900160",10883,"1",2915391,"1",
"900160",10229,"2",2915391,"1",
"900160",12320,"3",2915391,"1",
"900160",3272,"4",2915391,"1",
"900160",-279,"5",2915391,"1",
"980000",23383,"1",2915391,"1",
"980000",22729,"2",2915391,"1",
"980000",24820,"3",2915391,"1",
"980000",15772,"4",2915391,"1",
"980000",12221,"5",2915391,"1",
"980070",23383,"1",2915391,"1",
"980070",22729,"2",2915391,"1",
"980070",24820,"3",2915391,"1",
"980070",15772,"4",2915391,"1",
"980070",12221,"5",2915391,"1",
"800940",1741,"1",2915392,"1",
"800940",3954,"2",2915392,"1",
"800940",1207,"3",2915392,"1",
"800940",2561,"4",2915392,"1",
"800940",1707,"5",2915392,"1",
"900000",12500,"1",2915392,"1",
"900000",12500,"2",2915392,"1",
"900000",12500,"3",2915392,"1",
"900000",12500,"4",2915392,"1",
"900000",12500,"5",2915392,"1",
"900160",5126,"1",2915392,"1",
"900160",19590,"2",2915392,"1",
"900160",1640,"3",2915392,"1",
"900160",10491,"4",2915392,"1",
"900160",4909,"5",2915392,"1",
"980000",17626,"1",2915392,"1",
"980000",32090,"2",2915392,"1",
"980000",14140,"3",2915392,"1",
"980000",22991,"4",2915392,"1",
"980000",17409,"5",2915392,"1",
"980070",17626,"1",2915392,"1",
"980070",32090,"2",2915392,"1",
"980070",14140,"3",2915392,"1",
"980070",22991,"4",2915392,"1",
"980070",17409,"5",2915392,"1",
"900030",32710,"1",2915421,"1",
"900030",32710,"2",2915421,"1",
"900030",32710,"3",2915421,"1",
"900030",32710,"4",2915421,"1",
"900030",32710,"5",2915421,"1",
"980000",32710,"1",2915421,"1",
"980000",32710,"2",2915421,"1",
"980000",32710,"3",2915421,"1",
"980000",32710,"4",2915421,"1",
"980000",32710,"5",2915421,"1",
"980070",32710,"1",2915421,"1",
"980070",32710,"2",2915421,"1",
"980070",32710,"3",2915421,"1",
"980070",32710,"4",2915421,"1",
"980070",32710,"5",2915421,"1",
"900030",32710,"1",2915422,"1",
"900030",32710,"2",2915422,"1",
"900030",32710,"3",2915422,"1",
"900030",32710,"4",2915422,"1",
"900030",32710,"5",2915422,"1",
"980000",32710,"1",2915422,"1",
"980000",32710,"2",2915422,"1",
"980000",32710,"3",2915422,"1",
"980000",32710,"4",2915422,"1",
"980000",32710,"5",2915422,"1",
"980070",32710,"1",2915422,"1",
"980070",32710,"2",2915422,"1",
"980070",32710,"3",2915422,"1",
"980070",32710,"4",2915422,"1",
"980070",32710,"5",2915422,"1",
"900000",50000,"1",2915431,"1",
"900000",50000,"2",2915431,"1",
"900000",50000,"3",2915431,"1",
"900000",50000,"4",2915431,"1",
"900000",50000,"5",2915431,"1",
"900180",74,"1",2915431,"1",
"900180",15,"2",2915431,"1",
"900180",16,"3",2915431,"1",
"900180",28,"4",2915431,"1",
"900180",100,"5",2915431,"1",
"980000",50074,"1",2915431,"1",
"980000",50015,"2",2915431,"1",
"980000",50016,"3",2915431,"1",
"980000",50028,"4",2915431,"1",
"980000",50100,"5",2915431,"1",
"980070",51374,"1",2915431,"1",
"980070",51315,"2",2915431,"1",
"980070",51316,"3",2915431,"1",
"980070",51328,"4",2915431,"1",
"980070",51400,"5",2915431,"1",
"900000",50000,"1",2915432,"1",
"900000",50000,"2",2915432,"1",
"900000",50000,"3",2915432,"1",
"900000",50000,"4",2915432,"1",
"900000",50000,"5",2915432,"1",
"900180",46,"1",2915432,"1",
"900180",628,"2",2915432,"1",
"900180",98,"3",2915432,"1",
"900180",143,"4",2915432,"1",
"900180",5,"5",2915432,"1",
"980000",50046,"1",2915432,"1",
"980000",50628,"2",2915432,"1",
"980000",50098,"3",2915432,"1",
"980000",50143,"4",2915432,"1",
"980000",50005,"5",2915432,"1",
"980070",51346,"1",2915432,"1",
"980070",51928,"2",2915432,"1",
"980070",51398,"3",2915432,"1",
"980070",51443,"4",2915432,"1",
"980070",51305,"5",2915432,"1",
"900000",72800,"1",2915441,"1",
"900000",72800,"2",2915441,"1",
"900000",72800,"3",2915441,"1",
"900000",72800,"4",2915441,"1",
"900000",72800,"5",2915441,"1",
"900030",6500,"1",2915441,"1",
"900030",6500,"2",2915441,"1",
"900030",6500,"3",2915441,"1",
"900030",6500,"4",2915441,"1",
"900030",6500,"5",2915441,"1",
"900170",16800,"1",2915441,"1",
"900170",16800,"2",2915441,"1",
"900170",16800,"3",2915441,"1",
"900170",16800,"4",2915441,"1",
"900170",16800,"5",2915441,"1",
"980000",96100,"1",2915441,"1",
"980000",96100,"2",2915441,"1",
"980000",96100,"3",2915441,"1",
"980000",96100,"4",2915441,"1",
"980000",96100,"5",2915441,"1",
"980070",102400,"1",2915441,"1",
"980070",102400,"2",2915441,"1",
"980070",102400,"3",2915441,"1",
"980070",102400,"4",2915441,"1",
"980070",102400,"5",2915441,"1",
"900000",72800,"1",2915442,"1",
"900000",72800,"2",2915442,"1",
"900000",72800,"3",2915442,"1",
"900000",72800,"4",2915442,"1",
"900000",72800,"5",2915442,"1",
"900030",6500,"1",2915442,"1",
"900030",6500,"2",2915442,"1",
"900030",6500,"3",2915442,"1",
"900030",6500,"4",2915442,"1",
"900030",6500,"5",2915442,"1",
"900170",16800,"1",2915442,"1",
"900170",16800,"2",2915442,"1",
"900170",16800,"3",2915442,"1",
"900170",16800,"4",2915442,"1",
"900170",16800,"5",2915442,"1",
"980000",96100,"1",2915442,"1",
"980000",96100,"2",2915442,"1",
"980000",96100,"3",2915442,"1",
"980000",96100,"4",2915442,"1",
"980000",96100,"5",2915442,"1",
"980070",102400,"1",2915442,"1",
"980070",102400,"2",2915442,"1",
"980070",102400,"3",2915442,"1",
"980070",102400,"4",2915442,"1",
"980070",102400,"5",2915442,"1",
"900160",3000,"1",2915451,"1",
"900160",3000,"2",2915451,"1",
"900160",3000,"3",2915451,"1",
"900160",3000,"4",2915451,"1",
"900160",3000,"5",2915451,"1",
"980000",3000,"1",2915451,"1",
"980000",3000,"2",2915451,"1",
"980000",3000,"3",2915451,"1",
"980000",3000,"4",2915451,"1",
"980000",3000,"5",2915451,"1",
"980070",3000,"1",2915451,"1",
"980070",3000,"2",2915451,"1",
"980070",3000,"3",2915451,"1",
"980070",3000,"4",2915451,"1",
"980070",3000,"5",2915451,"1",
"900160",3000,"1",2915452,"1",
"900160",3000,"2",2915452,"1",
"900160",3000,"3",2915452,"1",
"900160",3000,"4",2915452,"1",
"900160",3000,"5",2915452,"1",
"980000",3000,"1",2915452,"1",
"980000",3000,"2",2915452,"1",
"980000",3000,"3",2915452,"1",
"980000",3000,"4",2915452,"1",
"980000",3000,"5",2915452,"1",
"980070",3000,"1",2915452,"1",
"980070",3000,"2",2915452,"1",
"980070",3000,"3",2915452,"1",
"980070",3000,"4",2915452,"1",
"980070",3000,"5",2915452,"1",
"900000",85000,"1",2915461,"1",
"900000",85000,"2",2915461,"1",
"900000",85000,"3",2915461,"1",
"900000",85000,"4",2915461,"1",
"900000",85000,"5",2915461,"1",
"980000",85000,"1",2915461,"1",
"980000",85000,"2",2915461,"1",
"980000",85000,"3",2915461,"1",
"980000",85000,"4",2915461,"1",
"980000",85000,"5",2915461,"1",
"980070",85000,"1",2915461,"1",
"980070",85000,"2",2915461,"1",
"980070",85000,"3",2915461,"1",
"980070",85000,"4",2915461,"1",
"980070",85000,"5",2915461,"1",
"900000",85000,"1",2915462,"1",
"900000",85000,"2",2915462,"1",
"900000",85000,"3",2915462,"1",
"900000",85000,"4",2915462,"1",
"900000",85000,"5",2915462,"1",
"980000",85000,"1",2915462,"1",
"980000",85000,"2",2915462,"1",
"980000",85000,"3",2915462,"1",
"980000",85000,"4",2915462,"1",
"980000",85000,"5",2915462,"1",
"980070",85000,"1",2915462,"1",
"980070",85000,"2",2915462,"1",
"980070",85000,"3",2915462,"1",
"980070",85000,"4",2915462,"1",
"980070",85000,"5",2915462,"1",
"900000",32511,"1",2915471,"1",
"900000",32112,"2",2915471,"1",
"900000",36406,"3",2915471,"1",
"900000",39550,"4",2915471,"1",
"900000",32444,"5",2915471,"1",
"900150",384,"1",2915471,"1",
"900150",384,"2",2915471,"1",
"900150",384,"3",2915471,"1",
"900150",384,"4",2915471,"1",
"900150",384,"5",2915471,"1",
"980000",32895,"1",2915471,"1",
"980000",32496,"2",2915471,"1",
"980000",36790,"3",2915471,"1",
"980000",39934,"4",2915471,"1",
"980000",32828,"5",2915471,"1",
"980070",32932,"1",2915471,"1",
"980070",32533,"2",2915471,"1",
"980070",36827,"3",2915471,"1",
"980070",39971,"4",2915471,"1",
"980070",32865,"5",2915471,"1",
"900000",31857,"1",2915472,"1",
"900000",33825,"2",2915472,"1",
"900000",39184,"3",2915472,"1",
"900000",32353,"4",2915472,"1",
"900000",33567,"5",2915472,"1",
"900150",384,"1",2915472,"1",
"900150",384,"2",2915472,"1",
"900150",384,"3",2915472,"1",
"900150",384,"4",2915472,"1",
"900150",384,"5",2915472,"1",
"980000",32241,"1",2915472,"1",
"980000",34209,"2",2915472,"1",
"980000",39568,"3",2915472,"1",
"980000",32737,"4",2915472,"1",
"980000",33951,"5",2915472,"1",
"980070",32278,"1",2915472,"1",
"980070",34246,"2",2915472,"1",
"980070",39605,"3",2915472,"1",
"980070",32774,"4",2915472,"1",
"980070",33988,"5",2915472,"1",
"900030",5928,"1",2915501,"1",
"900030",13092,"2",2915501,"1",
"900030",10608,"3",2915501,"1",
"900030",12456,"4",2915501,"1",
"900030",20796,"5",2915501,"1",
"900170",8825,"1",2915501,"1",
"900170",5623,"2",2915501,"1",
"900170",31050,"3",2915501,"1",
"900170",1266,"4",2915501,"1",
"900170",7831,"5",2915501,"1",
"980000",14753,"1",2915501,"1",
"980000",18715,"2",2915501,"1",
"980000",41658,"3",2915501,"1",
"980000",13722,"4",2915501,"1",
"980000",28627,"5",2915501,"1",
"980070",14753,"1",2915501,"1",
"980070",18715,"2",2915501,"1",
"980070",41658,"3",2915501,"1",
"980070",13722,"4",2915501,"1",
"980070",28627,"5",2915501,"1",
"900030",10536,"1",2915502,"1",
"900030",11916,"2",2915502,"1",
"900030",25284,"3",2915502,"1",
"900030",10848,"4",2915502,"1",
"900030",7320,"5",2915502,"1",
"980000",10536,"1",2915502,"1",
"980000",11916,"2",2915502,"1",
"980000",25284,"3",2915502,"1",
"980000",10848,"4",2915502,"1",
"980000",7320,"5",2915502,"1",
"980070",10536,"1",2915502,"1",
"980070",11916,"2",2915502,"1",
"980070",25284,"3",2915502,"1",
"980070",10848,"4",2915502,"1",
"980070",7320,"5",2915502,"1",
"900000",85000,"1",2915511,"1",
"900000",85000,"2",2915511,"1",
"900000",85000,"3",2915511,"1",
"900000",85000,"4",2915511,"1",
"900000",85000,"5",2915511,"1",
"900180",38,"1",2915511,"1",
"900180",59,"2",2915511,"1",
"900180",24,"3",2915511,"1",
"900180",71,"4",2915511,"1",
"900180",21,"5",2915511,"1",
"980000",85038,"1",2915511,"1",
"980000",85059,"2",2915511,"1",
"980000",85024,"3",2915511,"1",
"980000",85071,"4",2915511,"1",
"980000",85021,"5",2915511,"1",
"980070",85038,"1",2915511,"1",
"980070",85059,"2",2915511,"1",
"980070",85024,"3",2915511,"1",
"980070",85071,"4",2915511,"1",
"980070",85021,"5",2915511,"1",
"900000",85000,"1",2915512,"1",
"900000",85000,"2",2915512,"1",
"900000",85000,"3",2915512,"1",
"900000",85000,"4",2915512,"1",
"900000",85000,"5",2915512,"1",
"900180",6,"1",2915512,"1",
"900180",23,"2",2915512,"1",
"900180",74,"3",2915512,"1",
"900180",21,"4",2915512,"1",
"900180",41,"5",2915512,"1",
"980000",85006,"1",2915512,"1",
"980000",85023,"2",2915512,"1",
"980000",85074,"3",2915512,"1",
"980000",85021,"4",2915512,"1",
"980000",85041,"5",2915512,"1",
"980070",85006,"1",2915512,"1",
"980070",85023,"2",2915512,"1",
"980070",85074,"3",2915512,"1",
"980070",85021,"4",2915512,"1",
"980070",85041,"5",2915512,"1",
"900000",46399,"1",2915532,"1",
"900000",33610,"2",2915532,"1",
"900000",31492,"3",2915532,"1",
"900000",69658,"4",2915532,"1",
"900000",88608,"5",2915532,"1",
"980000",46399,"1",2915532,"1",
"980000",33610,"2",2915532,"1",
"980000",31492,"3",2915532,"1",
"980000",69658,"4",2915532,"1",
"980000",88608,"5",2915532,"1",
"980070",46399,"1",2915532,"1",
"980070",33610,"2",2915532,"1",
"980070",31492,"3",2915532,"1",
"980070",69658,"4",2915532,"1",
"980070",88608,"5",2915532,"1",
"800940",14899,"1",2915541,"1","T"
"800940",14899,"2",2915541,"1","T"
"800940",14899,"3",2915541,"1","T"
"800940",14899,"4",2915541,"1","T"
"800940",14899,"5",2915541,"1","T"
"900000",68964,"1",2915541,"1",
"900000",69514,"2",2915541,"1",
"900000",57722,"3",2915541,"1",
"900000",53411,"4",2915541,"1",
"900000",82506,"5",2915541,"1",
"900160",18295,"1",2915541,"1",
"900160",17569,"2",2915541,"1",
"900160",85162,"3",2915541,"1",
"900160",24934,"4",2915541,"1",
"900160",74986,"5",2915541,"1",
"980000",87259,"1",2915541,"1",
"980000",87083,"2",2915541,"1",
"980000",142884,"3",2915541,"1",
"980000",78345,"4",2915541,"1",
"980000",157492,"5",2915541,"1",
"980070",87259,"1",2915541,"1",
"980070",87083,"2",2915541,"1",
"980070",142884,"3",2915541,"1",
"980070",78345,"4",2915541,"1",
"980070",157492,"5",2915541,"1",
"800940",10187,"1",2915542,"1",
"800940",10122,"2",2915542,"1",
"800940",12083,"3",2915542,"1",
"800940",15968,"4",2915542,"1",
"800940",9235,"5",2915542,"1",
"900000",80611,"1",2915542,"1",
"900000",114404,"2",2915542,"1",
"900000",71085,"3",2915542,"1",
"900000",105422,"4",2915542,"1",
"900000",86048,"5",2915542,"1",
"900160",26272,"1",2915542,"1",
"900160",8959,"2",2915542,"1",
"900160",43433,"3",2915542,"1",
"900160",51660,"4",2915542,"1",
"900160",17340,"5",2915542,"1",
"980000",106883,"1",2915542,"1",
"980000",123363,"2",2915542,"1",
"980000",114518,"3",2915542,"1",
"980000",157082,"4",2915542,"1",
"980000",103388,"5",2915542,"1",
"980070",106883,"1",2915542,"1",
"980070",123363,"2",2915542,"1",
"980070",114518,"3",2915542,"1",
"980070",157082,"4",2915542,"1",
"980070",103388,"5",2915542,"1",
"900000",60000,"1",2915551,"1",
"900000",60000,"2",2915551,"1",
"900000",60000,"3",2915551,"1",
"900000",60000,"4",2915551,"1",
"900000",60000,"5",2915551,"1",
"980000",60000,"1",2915551,"1",
"980000",60000,"2",2915551,"1",
"980000",60000,"3",2915551,"1",
"980000",60000,"4",2915551,"1",
"980000",60000,"5",2915551,"1",
"980070",60979,"1",2915551,"1",
"980070",60979,"2",2915551,"1",
"980070",60979,"3",2915551,"1",
"980070",60979,"4",2915551,"1",
"980070",60979,"5",2915551,"1",
"900000",60000,"1",2915552,"1",
"900000",60000,"2",2915552,"1",
"900000",60000,"3",2915552,"1",
"900000",60000,"4",2915552,"1",
"900000",60000,"5",2915552,"1",
"980000",60000,"1",2915552,"1",
"980000",60000,"2",2915552,"1",
"980000",60000,"3",2915552,"1",
"980000",60000,"4",2915552,"1",
"980000",60000,"5",2915552,"1",
"980070",60979,"1",2915552,"1",
"980070",60979,"2",2915552,"1",
"980070",60979,"3",2915552,"1",
"980070",60979,"4",2915552,"1",
"980070",60979,"5",2915552,"1",
"900000",44600,"1",2915561,"1",
"900000",44600,"2",2915561,"1",
"900000",44600,"3",2915561,"1",
"900000",44600,"4",2915561,"1",
"900000",44600,"5",2915561,"1",
"900150",6288,"1",2915561,"1",
"900150",6288,"2",2915561,"1",
"900150",6288,"3",2915561,"1",
"900150",6288,"4",2915561,"1",
"900150",6288,"5",2915561,"1",
"980000",50888,"1",2915561,"1",
"980000",50888,"2",2915561,"1",
"980000",50888,"3",2915561,"1",
"980000",50888,"4",2915561,"1",
"980000",50888,"5",2915561,"1",
"980070",50888,"1",2915561,"1",
"980070",50888,"2",2915561,"1",
"980070",50888,"3",2915561,"1",
"980070",50888,"4",2915561,"1",
"980070",50888,"5",2915561,"1",
"900000",44600,"1",2915562,"1",
"900000",44600,"2",2915562,"1",
"900000",44600,"3",2915562,"1",
"900000",44600,"4",2915562,"1",
"900000",44600,"5",2915562,"1",
"900150",6288,"1",2915562,"1",
"900150",6288,"2",2915562,"1",
"900150",6288,"3",2915562,"1",
"900150",6288,"4",2915562,"1",
"900150",6288,"5",2915562,"1",
"980000",50888,"1",2915562,"1",
"980000",50888,"2",2915562,"1",
"980000",50888,"3",2915562,"1",
"980000",50888,"4",2915562,"1",
"980000",50888,"5",2915562,"1",
"980070",50888,"1",2915562,"1",
"980070",50888,"2",2915562,"1",
"980070",50888,"3",2915562,"1",
"980070",50888,"4",2915562,"1",
"980070",50888,"5",2915562,"1",
"900030",17194,"1",2915571,"1",
"900030",17194,"2",2915571,"1",
"900030",17194,"3",2915571,"1",
"900030",17194,"4",2915571,"1",
"900030",17194,"5",2915571,"1",
"900090",380,"1",2915571,"1",
"900090",380,"2",2915571,"1",
"900090",380,"3",2915571,"1",
"900090",380,"4",2915571,"1",
"900090",380,"5",2915571,"1",
"900150",1284,"1",2915571,"1",
"900150",1284,"2",2915571,"1",
"900150",1284,"3",2915571,"1",
"900150",1284,"4",2915571,"1",
"900150",1284,"5",2915571,"1",
"980000",18858,"1",2915571,"1",
"980000",18858,"2",2915571,"1",
"980000",18858,"3",2915571,"1",
"980000",18858,"4",2915571,"1",
"980000",18858,"5",2915571,"1",
"980070",18858,"1",2915571,"1",
"980070",18858,"2",2915571,"1",
"980070",18858,"3",2915571,"1",
"980070",18858,"4",2915571,"1",
"980070",18858,"5",2915571,"1",
"900030",17194,"1",2915572,"1",
"900030",17194,"2",2915572,"1",
"900030",17194,"3",2915572,"1",
"900030",17194,"4",2915572,"1",
"900030",17194,"5",2915572,"1",
"900090",380,"1",2915572,"1",
"900090",380,"2",2915572,"1",
"900090",380,"3",2915572,"1",
"900090",380,"4",2915572,"1",
"900090",380,"5",2915572,"1",
"900150",1284,"1",2915572,"1",
"900150",1284,"2",2915572,"1",
"900150",1284,"3",2915572,"1",
"900150",1284,"4",2915572,"1",
"900150",1284,"5",2915572,"1",
"980000",18858,"1",2915572,"1",
"980000",18858,"2",2915572,"1",
"980000",18858,"3",2915572,"1",
"980000",18858,"4",2915572,"1",
"980000",18858,"5",2915572,"1",
"980070",18858,"1",2915572,"1",
"980070",18858,"2",2915572,"1",
"980070",18858,"3",2915572,"1",
"980070",18858,"4",2915572,"1",
"980070",18858,"5",2915572,"1",
"900030",27480,"1",2915611,"1",
"900030",28164,"2",2915611,"1",
"900030",21516,"3",2915611,"1",
"900030",32880,"4",2915611,"1",
"900030",17916,"5",2915611,"1",
"900170",23662,"1",2915611,"1",
"900170",23402,"2",2915611,"1",
"900170",6567,"3",2915611,"1",
"900170",49070,"4",2915611,"1",
"900170",13199,"5",2915611,"1",
"980000",51142,"1",2915611,"1",
"980000",51566,"2",2915611,"1",
"980000",28083,"3",2915611,"1",
"980000",81950,"4",2915611,"1",
"980000",31115,"5",2915611,"1",
"980070",51142,"1",2915611,"1",
"980070",51566,"2",2915611,"1",
"980070",28083,"3",2915611,"1",
"980070",81950,"4",2915611,"1",
"980070",31115,"5",2915611,"1",
"900030",9648,"1",2915612,"1",
"900030",31512,"2",2915612,"1",
"900030",18972,"3",2915612,"1",
"900030",10164,"4",2915612,"1",
"900030",19032,"5",2915612,"1",
"900170",19530,"1",2915612,"1",
"900170",24485,"2",2915612,"1",
"900170",64151,"3",2915612,"1",
"900170",27432,"4",2915612,"1",
"900170",2033,"5",2915612,"1",
"980000",29178,"1",2915612,"1",
"980000",55997,"2",2915612,"1",
"980000",83123,"3",2915612,"1",
"980000",37596,"4",2915612,"1",
"980000",21065,"5",2915612,"1",
"980070",29178,"1",2915612,"1",
"980070",55997,"2",2915612,"1",
"980070",83123,"3",2915612,"1",
"980070",37596,"4",2915612,"1",
"980070",21065,"5",2915612,"1",
"900090",8800,"1",2915631,"1",
"900090",8800,"2",2915631,"1",
"900090",8800,"3",2915631,"1",
"900090",8800,"4",2915631,"1",
"900090",8800,"5",2915631,"1",
"900150",4080,"1",2915631,"1",
"900150",4080,"2",2915631,"1",
"900150",4080,"3",2915631,"1",
"900150",4080,"4",2915631,"1",
"900150",4080,"5",2915631,"1",
"980000",12880,"1",2915631,"1",
"980000",12880,"2",2915631,"1",
"980000",12880,"3",2915631,"1",
"980000",12880,"4",2915631,"1",
"980000",12880,"5",2915631,"1",
"980070",12880,"1",2915631,"1",
"980070",12880,"2",2915631,"1",
"980070",12880,"3",2915631,"1",
"980070",12880,"4",2915631,"1",
"980070",12880,"5",2915631,"1",
"900090",8800,"1",2915632,"1",
"900090",8800,"2",2915632,"1",
"900090",8800,"3",2915632,"1",
"900090",8800,"4",2915632,"1",
"900090",8800,"5",2915632,"1",
"900150",4080,"1",2915632,"1",
"900150",4080,"2",2915632,"1",
"900150",4080,"3",2915632,"1",
"900150",4080,"4",2915632,"1",
"900150",4080,"5",2915632,"1",
"980000",12880,"1",2915632,"1",
"980000",12880,"2",2915632,"1",
"980000",12880,"3",2915632,"1",
"980000",12880,"4",2915632,"1",
"980000",12880,"5",2915632,"1",
"980070",12880,"1",2915632,"1",
"980070",12880,"2",2915632,"1",
"980070",12880,"3",2915632,"1",
"980070",12880,"4",2915632,"1",
"980070",12880,"5",2915632,"1",
"900000",45000,"1",2915642,"1",
"900000",45000,"2",2915642,"1",
"900000",45000,"3",2915642,"1",
"900000",45000,"4",2915642,"1",
"900000",45000,"5",2915642,"1",
"900170",376,"1",2915642,"1",
"900170",320,"2",2915642,"1",
"900170",370,"3",2915642,"1",
"900170",864,"4",2915642,"1",
"900170",591,"5",2915642,"1",
"980000",45376,"1",2915642,"1",
"980000",45320,"2",2915642,"1",
"980000",45370,"3",2915642,"1",
"980000",45864,"4",2915642,"1",
"980000",45591,"5",2915642,"1",
"980070",45376,"1",2915642,"1",
"980070",45320,"2",2915642,"1",
"980070",45370,"3",2915642,"1",
"980070",45864,"4",2915642,"1",
"980070",45591,"5",2915642,"1",
"900000",6200,"1",2915651,"1",
"900000",6200,"2",2915651,"1",
"900000",6200,"3",2915651,"1",
"900000",6200,"4",2915651,"1",
"900000",6200,"5",2915651,"1",
"900150",663,"1",2915651,"1",
"900150",663,"2",2915651,"1",
"900150",663,"3",2915651,"1",
"900150",663,"4",2915651,"1",
"900150",663,"5",2915651,"1",
"980000",6863,"1",2915651,"1",
"980000",6863,"2",2915651,"1",
"980000",6863,"3",2915651,"1",
"980000",6863,"4",2915651,"1",
"980000",6863,"5",2915651,"1",
"980070",9863,"1",2915651,"1",
"980070",9863,"2",2915651,"1",
"980070",9863,"3",2915651,"1",
"980070",9863,"4",2915651,"1",
"980070",9863,"5",2915651,"1",
"900000",6200,"1",2915652,"1",
"900000",6200,"2",2915652,"1",
"900000",6200,"3",2915652,"1",
"900000",6200,"4",2915652,"1",
"900000",6200,"5",2915652,"1",
"900150",663,"1",2915652,"1",
"900150",663,"2",2915652,"1",
"900150",663,"3",2915652,"1",
"900150",663,"4",2915652,"1",
"900150",663,"5",2915652,"1",
"980000",6863,"1",2915652,"1",
"980000",6863,"2",2915652,"1",
"980000",6863,"3",2915652,"1",
"980000",6863,"4",2915652,"1",
"980000",6863,"5",2915652,"1",
"980070",9863,"1",2915652,"1",
"980070",9863,"2",2915652,"1",
"980070",9863,"3",2915652,"1",
"980070",9863,"4",2915652,"1",
"980070",9863,"5",2915652,"1",
"900030",20784,"1",2915681,"1",
"900030",20784,"2",2915681,"1",
"900030",20784,"3",2915681,"1",
"900030",20784,"4",2915681,"1",
"900030",20784,"5",2915681,"1",
"900170",10800,"1",2915681,"1",
"900170",10800,"2",2915681,"1",
"900170",10800,"3",2915681,"1",
"900170",10800,"4",2915681,"1",
"900170",10800,"5",2915681,"1",
"900180",2,"1",2915681,"1",
"900180",2,"2",2915681,"1",
"900180",2,"3",2915681,"1",
"900180",2,"4",2915681,"1",
"900180",2,"5",2915681,"1",
"980000",31586,"1",2915681,"1",
"980000",31586,"2",2915681,"1",
"980000",31586,"3",2915681,"1",
"980000",31586,"4",2915681,"1",
"980000",31586,"5",2915681,"1",
"980070",33686,"1",2915681,"1",
"980070",33686,"2",2915681,"1",
"980070",33686,"3",2915681,"1",
"980070",33686,"4",2915681,"1",
"980070",33686,"5",2915681,"1",
"900030",20784,"1",2915682,"1",
"900030",20784,"2",2915682,"1",
"900030",20784,"3",2915682,"1",
"900030",20784,"4",2915682,"1",
"900030",20784,"5",2915682,"1",
"900170",10800,"1",2915682,"1",
"900170",10800,"2",2915682,"1",
"900170",10800,"3",2915682,"1",
"900170",10800,"4",2915682,"1",
"900170",10800,"5",2915682,"1",
"900180",2,"1",2915682,"1",
"900180",2,"2",2915682,"1",
"900180",2,"3",2915682,"1",
"900180",2,"4",2915682,"1",
"900180",2,"5",2915682,"1",
"980000",31586,"1",2915682,"1",
"980000",31586,"2",2915682,"1",
"980000",31586,"3",2915682,"1",
"980000",31586,"4",2915682,"1",
"980000",31586,"5",2915682,"1",
"980070",33686,"1",2915682,"1",
"980070",33686,"2",2915682,"1",
"980070",33686,"3",2915682,"1",
"980070",33686,"4",2915682,"1",
"980070",33686,"5",2915682,"1",
"900000",59000,"1",2915711,"1",
"900000",59000,"2",2915711,"1",
"900000",59000,"3",2915711,"1",
"900000",59000,"4",2915711,"1",
"900000",59000,"5",2915711,"1",
"980000",59000,"1",2915711,"1",
"980000",59000,"2",2915711,"1",
"980000",59000,"3",2915711,"1",
"980000",59000,"4",2915711,"1",
"980000",59000,"5",2915711,"1",
"980070",62300,"1",2915711,"1",
"980070",62300,"2",2915711,"1",
"980070",62300,"3",2915711,"1",
"980070",62300,"4",2915711,"1",
"980070",62300,"5",2915711,"1",
"900000",59000,"1",2915712,"1",
"900000",59000,"2",2915712,"1",
"900000",59000,"3",2915712,"1",
"900000",59000,"4",2915712,"1",
"900000",59000,"5",2915712,"1",
"980000",59000,"1",2915712,"1",
"980000",59000,"2",2915712,"1",
"980000",59000,"3",2915712,"1",
"980000",59000,"4",2915712,"1",
"980000",59000,"5",2915712,"1",
"980070",62300,"1",2915712,"1",
"980070",62300,"2",2915712,"1",
"980070",62300,"3",2915712,"1",
"980070",62300,"4",2915712,"1",
"980070",62300,"5",2915712,"1",
"900000",107527,"1",2915721,"1",
"900000",103455,"2",2915721,"1",
"900000",104076,"3",2915721,"1",
"900000",103725,"4",2915721,"1",
"900000",105904,"5",2915721,"1",
"980000",107527,"1",2915721,"1",
"980000",103455,"2",2915721,"1",
"980000",104076,"3",2915721,"1",
"980000",103725,"4",2915721,"1",
"980000",105904,"5",2915721,"1",
"980070",107307,"1",2915721,"1",
"980070",103235,"2",2915721,"1",
"980070",103856,"3",2915721,"1",
"980070",103505,"4",2915721,"1",
"980070",105684,"5",2915721,"1",
"900000",106483,"1",2915722,"1",
"900000",105750,"2",2915722,"1",
"900000",103865,"3",2915722,"1",
"900000",105991,"4",2915722,"1",
"900000",107536,"5",2915722,"1",
"980000",106483,"1",2915722,"1",
"980000",105750,"2",2915722,"1",
"980000",103865,"3",2915722,"1",
"980000",105991,"4",2915722,"1",
"980000",107536,"5",2915722,"1",
"980070",106263,"1",2915722,"1",
"980070",105530,"2",2915722,"1",
"980070",103645,"3",2915722,"1",
"980070",105771,"4",2915722,"1",
"980070",107316,"5",2915722,"1",
"900000",74000,"1",2915741,"1",
"900000",74000,"2",2915741,"1",
"900000",74000,"3",2915741,"1",
"900000",74000,"4",2915741,"1",
"900000",74000,"5",2915741,"1",
"900180",250,"1",2915741,"1",
"900180",250,"2",2915741,"1",
"900180",250,"3",2915741,"1",
"900180",250,"4",2915741,"1",
"900180",250,"5",2915741,"1",
"980000",74250,"1",2915741,"1",
"980000",74250,"2",2915741,"1",
"980000",74250,"3",2915741,"1",
"980000",74250,"4",2915741,"1",
"980000",74250,"5",2915741,"1",
"980070",74850,"1",2915741,"1",
"980070",74850,"2",2915741,"1",
"980070",74850,"3",2915741,"1",
"980070",74850,"4",2915741,"1",
"980070",74850,"5",2915741,"1",
"900000",74000,"1",2915742,"1",
"900000",74000,"2",2915742,"1",
"900000",74000,"3",2915742,"1",
"900000",74000,"4",2915742,"1",
"900000",74000,"5",2915742,"1",
"900180",250,"1",2915742,"1",
"900180",250,"2",2915742,"1",
"900180",250,"3",2915742,"1",
"900180",250,"4",2915742,"1",
"900180",250,"5",2915742,"1",
"980000",74250,"1",2915742,"1",
"980000",74250,"2",2915742,"1",
"980000",74250,"3",2915742,"1",
"980000",74250,"4",2915742,"1",
"980000",74250,"5",2915742,"1",
"980070",74850,"1",2915742,"1",
"980070",74850,"2",2915742,"1",
"980070",74850,"3",2915742,"1",
"980070",74850,"4",2915742,"1",
"980070",74850,"5",2915742,"1",
"900000",250000,"1",2915751,"1",
"900000",250000,"2",2915751,"1",
"900000",250000,"3",2915751,"1",
"900000",250000,"4",2915751,"1",
"900000",250000,"5",2915751,"1",
"980000",250000,"1",2915751,"1",
"980000",250000,"2",2915751,"1",
"980000",250000,"3",2915751,"1",
"980000",250000,"4",2915751,"1",
"980000",250000,"5",2915751,"1",
"980070",250000,"1",2915751,"1",
"980070",250000,"2",2915751,"1",
"980070",250000,"3",2915751,"1",
"980070",250000,"4",2915751,"1",
"980070",250000,"5",2915751,"1",
"900000",250000,"1",2915752,"1",
"900000",250000,"2",2915752,"1",
"900000",250000,"3",2915752,"1",
"900000",250000,"4",2915752,"1",
"900000",250000,"5",2915752,"1",
"980000",250000,"1",2915752,"1",
"980000",250000,"2",2915752,"1",
"980000",250000,"3",2915752,"1",
"980000",250000,"4",2915752,"1",
"980000",250000,"5",2915752,"1",
"980070",250000,"1",2915752,"1",
"980070",250000,"2",2915752,"1",
"980070",250000,"3",2915752,"1",
"980070",250000,"4",2915752,"1",
"980070",250000,"5",2915752,"1",
"900000",20000,"1",2915761,"1",
"900000",20000,"2",2915761,"1",
"900000",20000,"3",2915761,"1",
"900000",20000,"4",2915761,"1",
"900000",20000,"5",2915761,"1",
"980000",20000,"1",2915761,"1",
"980000",20000,"2",2915761,"1",
"980000",20000,"3",2915761,"1",
"980000",20000,"4",2915761,"1",
"980000",20000,"5",2915761,"1",
"980070",23600,"1",2915761,"1",
"980070",23600,"2",2915761,"1",
"980070",23600,"3",2915761,"1",
"980070",23600,"4",2915761,"1",
"980070",23600,"5",2915761,"1",
"900000",20000,"1",2915762,"1",
"900000",20000,"2",2915762,"1",
"900000",20000,"3",2915762,"1",
"900000",20000,"4",2915762,"1",
"900000",20000,"5",2915762,"1",
"980000",20000,"1",2915762,"1",
"980000",20000,"2",2915762,"1",
"980000",20000,"3",2915762,"1",
"980000",20000,"4",2915762,"1",
"980000",20000,"5",2915762,"1",
"980070",23600,"1",2915762,"1",
"980070",23600,"2",2915762,"1",
"980070",23600,"3",2915762,"1",
"980070",23600,"4",2915762,"1",
"980070",23600,"5",2915762,"1",
"900030",26566,"1",2915831,"1",
"900030",26566,"2",2915831,"1",
"900030",26566,"3",2915831,"1",
"900030",26566,"4",2915831,"1",
"900030",26566,"5",2915831,"1",
"900170",14316,"1",2915831,"1",
"900170",14316,"2",2915831,"1",
"900170",14316,"3",2915831,"1",
"900170",14316,"4",2915831,"1",
"900170",14316,"5",2915831,"1",
"900180",113,"1",2915831,"1",
"900180",68,"2",2915831,"1",
"900180",56,"3",2915831,"1",
"900180",73,"4",2915831,"1",
"900180",145,"5",2915831,"1",
"900190",60000,"1",2915831,"1",
"900190",60000,"2",2915831,"1",
"900190",60000,"3",2915831,"1",
"900190",60000,"4",2915831,"1",
"900190",60000,"5",2915831,"1",
"980000",100995,"1",2915831,"1",
"980000",100950,"2",2915831,"1",
"980000",100938,"3",2915831,"1",
"980000",100955,"4",2915831,"1",
"980000",101027,"5",2915831,"1",
"980070",100995,"1",2915831,"1",
"980070",100950,"2",2915831,"1",
"980070",100938,"3",2915831,"1",
"980070",100955,"4",2915831,"1",
"980070",101027,"5",2915831,"1",
"900030",26566,"1",2915832,"1",
"900030",26566,"2",2915832,"1",
"900030",26566,"3",2915832,"1",
"900030",26566,"4",2915832,"1",
"900030",26566,"5",2915832,"1",
"900170",14316,"1",2915832,"1",
"900170",14316,"2",2915832,"1",
"900170",14316,"3",2915832,"1",
"900170",14316,"4",2915832,"1",
"900170",14316,"5",2915832,"1",
"900180",130,"1",2915832,"1",
"900180",144,"2",2915832,"1",
"900180",143,"3",2915832,"1",
"900180",44,"4",2915832,"1",
"900180",585,"5",2915832,"1",
"900190",60000,"1",2915832,"1",
"900190",60000,"2",2915832,"1",
"900190",60000,"3",2915832,"1",
"900190",60000,"4",2915832,"1",
"900190",60000,"5",2915832,"1",
"980000",101012,"1",2915832,"1",
"980000",101026,"2",2915832,"1",
"980000",101025,"3",2915832,"1",
"980000",100926,"4",2915832,"1",
"980000",101467,"5",2915832,"1",
"980070",101012,"1",2915832,"1",
"980070",101026,"2",2915832,"1",
"980070",101025,"3",2915832,"1",
"980070",100926,"4",2915832,"1",
"980070",101467,"5",2915832,"1",
"900030",30934,"1",2915841,"1",
"900030",30934,"2",2915841,"1",
"900030",30934,"3",2915841,"1",
"900030",30934,"4",2915841,"1",
"900030",30934,"5",2915841,"1",
"900170",23200,"1",2915841,"1",
"900170",23200,"2",2915841,"1",
"900170",23200,"3",2915841,"1",
"900170",23200,"4",2915841,"1",
"900170",23200,"5",2915841,"1",
"900180",45,"1",2915841,"1",
"900180",45,"2",2915841,"1",
"900180",45,"3",2915841,"1",
"900180",45,"4",2915841,"1",
"900180",45,"5",2915841,"1",
"980000",54179,"1",2915841,"1",
"980000",54179,"2",2915841,"1",
"980000",54179,"3",2915841,"1",
"980000",54179,"4",2915841,"1",
"980000",54179,"5",2915841,"1",
"980070",57251,"1",2915841,"1",
"980070",57251,"2",2915841,"1",
"980070",57251,"3",2915841,"1",
"980070",57251,"4",2915841,"1",
"980070",57251,"5",2915841,"1",
"900030",30934,"1",2915842,"1",
"900030",30934,"2",2915842,"1",
"900030",30934,"3",2915842,"1",
"900030",30934,"4",2915842,"1",
"900030",30934,"5",2915842,"1",
"900170",23200,"1",2915842,"1",
"900170",23200,"2",2915842,"1",
"900170",23200,"3",2915842,"1",
"900170",23200,"4",2915842,"1",
"900170",23200,"5",2915842,"1",
"900180",45,"1",2915842,"1",
"900180",45,"2",2915842,"1",
"900180",45,"3",2915842,"1",
"900180",45,"4",2915842,"1",
"900180",45,"5",2915842,"1",
"980000",54179,"1",2915842,"1",
"980000",54179,"2",2915842,"1",
"980000",54179,"3",2915842,"1",
"980000",54179,"4",2915842,"1",
"980000",54179,"5",2915842,"1",
"980070",57251,"1",2915842,"1",
"980070",57251,"2",2915842,"1",
"980070",57251,"3",2915842,"1",
"980070",57251,"4",2915842,"1",
"980070",57251,"5",2915842,"1",
"900000",235487,"1",2915871,"1","T"
"900000",235487,"2",2915871,"1","T"
"900000",235487,"3",2915871,"1","T"
"900000",235487,"4",2915871,"1","T"
"900000",235487,"5",2915871,"1","T"
"900180",24,"1",2915871,"1",
"900180",93,"2",2915871,"1",
"900180",141,"3",2915871,"1",
"900180",123,"4",2915871,"1",
"900180",44,"5",2915871,"1",
"980000",235572,"1",2915871,"1","T"
"980000",235572,"2",2915871,"1","T"
"980000",235572,"3",2915871,"1","T"
"980000",235572,"4",2915871,"1","T"
"980000",235572,"5",2915871,"1","T"
"980070",235572,"1",2915871,"1","T"
"980070",235572,"2",2915871,"1","T"
"980070",235572,"3",2915871,"1","T"
"980070",235572,"4",2915871,"1","T"
"980070",235572,"5",2915871,"1","T"
"900000",235487,"1",2915872,"1","T"
"900000",235487,"2",2915872,"1","T"
"900000",235487,"3",2915872,"1","T"
"900000",235487,"4",2915872,"1","T"
"900000",235487,"5",2915872,"1","T"
"900180",238,"1",2915872,"1",
"900180",100,"2",2915872,"1",
"900180",130,"3",2915872,"1",
"900180",2,"4",2915872,"1",
"900180",61,"5",2915872,"1",
"980000",235593,"1",2915872,"1","T"
"980000",235593,"2",2915872,"1","T"
"980000",235593,"3",2915872,"1","T"
"980000",235593,"4",2915872,"1","T"
"980000",235593,"5",2915872,"1","T"
"980070",235593,"1",2915872,"1","T"
"980070",235593,"2",2915872,"1","T"
"980070",235593,"3",2915872,"1","T"
"980070",235593,"4",2915872,"1","T"
"980070",235593,"5",2915872,"1","T"
"900000",13305,"1",2915911,"1",
"900000",12497,"2",2915911,"1",
"900000",12355,"3",2915911,"1",
"900000",13708,"4",2915911,"1",
"900000",10783,"5",2915911,"1",
"950002",3178,"1",2915911,"1",
"950002",2985,"2",2915911,"1",
"950002",2951,"3",2915911,"1",
"950002",3275,"4",2915911,"1",
"950002",2576,"5",2915911,"1",
"950012",1996,"1",2915911,"1",
"950012",1875,"2",2915911,"1",
"950012",1853,"3",2915911,"1",
"950012",2056,"4",2915911,"1",
"950012",1617,"5",2915911,"1",
"980000",13305,"1",2915911,"1",
"980000",12497,"2",2915911,"1",
"980000",12355,"3",2915911,"1",
"980000",13708,"4",2915911,"1",
"980000",10783,"5",2915911,"1",
"980070",8131,"1",2915911,"1",
"980070",7637,"2",2915911,"1",
"980070",7551,"3",2915911,"1",
"980070",8377,"4",2915911,"1",
"980070",6590,"5",2915911,"1",
"900000",11448,"1",2915912,"1",
"900000",10224,"2",2915912,"1",
"900000",14291,"3",2915912,"1",
"900000",13944,"4",2915912,"1",
"900000",14499,"5",2915912,"1",
"950002",2735,"1",2915912,"1",
"950002",2442,"2",2915912,"1",
"950002",3414,"3",2915912,"1",
"950002",3331,"4",2915912,"1",
"950002",3464,"5",2915912,"1",
"950012",1717,"1",2915912,"1",
"950012",1534,"2",2915912,"1",
"950012",2144,"3",2915912,"1",
"950012",2092,"4",2915912,"1",
"950012",2175,"5",2915912,"1",
"980000",11448,"1",2915912,"1",
"980000",10224,"2",2915912,"1",
"980000",14291,"3",2915912,"1",
"980000",13944,"4",2915912,"1",
"980000",14499,"5",2915912,"1",
"980070",6996,"1",2915912,"1",
"980070",6248,"2",2915912,"1",
"980070",8733,"3",2915912,"1",
"980070",8521,"4",2915912,"1",
"980070",8860,"5",2915912,"1",
"900000",70245,"1",2915931,"1",
"900000",73421,"2",2915931,"1",
"900000",68524,"3",2915931,"1",
"900000",68755,"4",2915931,"1",
"900000",76930,"5",2915931,"1",
"980000",70245,"1",2915931,"1",
"980000",73421,"2",2915931,"1",
"980000",68524,"3",2915931,"1",
"980000",68755,"4",2915931,"1",
"980000",76930,"5",2915931,"1",
"980070",70245,"1",2915931,"1",
"980070",73421,"2",2915931,"1",
"980070",68524,"3",2915931,"1",
"980070",68755,"4",2915931,"1",
"980070",76930,"5",2915931,"1",
"900000",74496,"1",2915932,"1",
"900000",71095,"2",2915932,"1",
"900000",76957,"3",2915932,"1",
"900000",69733,"4",2915932,"1",
"900000",71522,"5",2915932,"1",
"980000",74496,"1",2915932,"1",
"980000",71095,"2",2915932,"1",
"980000",76957,"3",2915932,"1",
"980000",69733,"4",2915932,"1",
"980000",71522,"5",2915932,"1",
"980070",74496,"1",2915932,"1",
"980070",71095,"2",2915932,"1",
"980070",76957,"3",2915932,"1",
"980070",69733,"4",2915932,"1",
"980070",71522,"5",2915932,"1",
"900000",62500,"1",2915941,"1",
"900000",62500,"2",2915941,"1",
"900000",62500,"3",2915941,"1",
"900000",62500,"4",2915941,"1",
"900000",62500,"5",2915941,"1",
"900180",100,"1",2915941,"1",
"900180",100,"2",2915941,"1",
"900180",100,"3",2915941,"1",
"900180",100,"4",2915941,"1",
"900180",100,"5",2915941,"1",
"980000",62600,"1",2915941,"1",
"980000",62600,"2",2915941,"1",
"980000",62600,"3",2915941,"1",
"980000",62600,"4",2915941,"1",
"980000",62600,"5",2915941,"1",
"980070",66000,"1",2915941,"1",
"980070",66000,"2",2915941,"1",
"980070",66000,"3",2915941,"1",
"980070",66000,"4",2915941,"1",
"980070",66000,"5",2915941,"1",
"900000",62500,"1",2915942,"1",
"900000",62500,"2",2915942,"1",
"900000",62500,"3",2915942,"1",
"900000",62500,"4",2915942,"1",
"900000",62500,"5",2915942,"1",
"900180",100,"1",2915942,"1",
"900180",100,"2",2915942,"1",
"900180",100,"3",2915942,"1",
"900180",100,"4",2915942,"1",
"900180",100,"5",2915942,"1",
"980000",62600,"1",2915942,"1",
"980000",62600,"2",2915942,"1",
"980000",62600,"3",2915942,"1",
"980000",62600,"4",2915942,"1",
"980000",62600,"5",2915942,"1",
"980070",66000,"1",2915942,"1",
"980070",66000,"2",2915942,"1",
"980070",66000,"3",2915942,"1",
"980070",66000,"4",2915942,"1",
"980070",66000,"5",2915942,"1",
"900000",168000,"1",2915962,"1",
"900000",168000,"2",2915962,"1",
"900000",168000,"3",2915962,"1",
"900000",168000,"4",2915962,"1",
"900000",168000,"5",2915962,"1",
"980000",168000,"1",2915962,"1",
"980000",168000,"2",2915962,"1",
"980000",168000,"3",2915962,"1",
"980000",168000,"4",2915962,"1",
"980000",168000,"5",2915962,"1",
"980070",173500,"1",2915962,"1",
"980070",173500,"2",2915962,"1",
"980070",173500,"3",2915962,"1",
"980070",173500,"4",2915962,"1",
"980070",173500,"5",2915962,"1",
"800940",10967,"1",2915971,"1","T"
"800940",10967,"2",2915971,"1","T"
"800940",10967,"3",2915971,"1","T"
"800940",10967,"4",2915971,"1","T"
"800940",10967,"5",2915971,"1","T"
"900000",60000,"1",2915971,"1",
"900000",60000,"2",2915971,"1",
"900000",60000,"3",2915971,"1",
"900000",60000,"4",2915971,"1",
"900000",60000,"5",2915971,"1",
"900160",3269,"1",2915971,"1",
"900160",62207,"2",2915971,"1",
"900160",22380,"3",2915971,"1",
"900160",103,"4",2915971,"1",
"900160",24047,"5",2915971,"1",
"980000",63269,"1",2915971,"1",
"980000",122207,"2",2915971,"1",
"980000",82380,"3",2915971,"1",
"980000",60103,"4",2915971,"1",
"980000",84047,"5",2915971,"1",
"980070",63269,"1",2915971,"1",
"980070",122207,"2",2915971,"1",
"980070",82380,"3",2915971,"1",
"980070",60103,"4",2915971,"1",
"980070",84047,"5",2915971,"1",
"800940",1863,"1",2915972,"1",
"800940",3526,"2",2915972,"1",
"800940",1661,"3",2915972,"1",
"800940",3903,"4",2915972,"1",
"800940",5604,"5",2915972,"1",
"900000",60000,"1",2915972,"1",
"900000",60000,"2",2915972,"1",
"900000",60000,"3",2915972,"1",
"900000",60000,"4",2915972,"1",
"900000",60000,"5",2915972,"1",
"900160",2174,"1",2915972,"1",
"900160",13046,"2",2915972,"1",
"900160",858,"3",2915972,"1",
"900160",15511,"4",2915972,"1",
"900160",26626,"5",2915972,"1",
"980000",62174,"1",2915972,"1",
"980000",73046,"2",2915972,"1",
"980000",60858,"3",2915972,"1",
"980000",75511,"4",2915972,"1",
"980000",86626,"5",2915972,"1",
"980070",62174,"1",2915972,"1",
"980070",73046,"2",2915972,"1",
"980070",60858,"3",2915972,"1",
"980070",75511,"4",2915972,"1",
"980070",86626,"5",2915972,"1",
"900000",2990,"1",2916021,"1",
"900000",2990,"2",2916021,"1",
"900000",2990,"3",2916021,"1",
"900000",2990,"4",2916021,"1",
"900000",2990,"5",2916021,"1",
"900150",3472,"1",2916021,"1",
"900150",3472,"2",2916021,"1",
"900150",3472,"3",2916021,"1",
"900150",3472,"4",2916021,"1",
"900150",3472,"5",2916021,"1",
"980000",6462,"1",2916021,"1",
"980000",6462,"2",2916021,"1",
"980000",6462,"3",2916021,"1",
"980000",6462,"4",2916021,"1",
"980000",6462,"5",2916021,"1",
"980070",6462,"1",2916021,"1",
"980070",6462,"2",2916021,"1",
"980070",6462,"3",2916021,"1",
"980070",6462,"4",2916021,"1",
"980070",6462,"5",2916021,"1",
"900000",2990,"1",2916022,"1",
"900000",2990,"2",2916022,"1",
"900000",2990,"3",2916022,"1",
"900000",2990,"4",2916022,"1",
"900000",2990,"5",2916022,"1",
"900150",3472,"1",2916022,"1",
"900150",3472,"2",2916022,"1",
"900150",3472,"3",2916022,"1",
"900150",3472,"4",2916022,"1",
"900150",3472,"5",2916022,"1",
"980000",6462,"1",2916022,"1",
"980000",6462,"2",2916022,"1",
"980000",6462,"3",2916022,"1",
"980000",6462,"4",2916022,"1",
"980000",6462,"5",2916022,"1",
"980070",6462,"1",2916022,"1",
"980070",6462,"2",2916022,"1",
"980070",6462,"3",2916022,"1",
"980070",6462,"4",2916022,"1",
"980070",6462,"5",2916022,"1",
"900030",10283,"1",2916031,"1",
"900030",17879,"2",2916031,"1",
"900030",17003,"3",2916031,"1",
"900030",16259,"4",2916031,"1",
"900030",22163,"5",2916031,"1",
"980000",10283,"1",2916031,"1",
"980000",17879,"2",2916031,"1",
"980000",17003,"3",2916031,"1",
"980000",16259,"4",2916031,"1",
"980000",22163,"5",2916031,"1",
"980070",10283,"1",2916031,"1",
"980070",17879,"2",2916031,"1",
"980070",17003,"3",2916031,"1",
"980070",16259,"4",2916031,"1",
"980070",22163,"5",2916031,"1",
"900030",9203,"1",2916032,"1",
"900030",12899,"2",2916032,"1",
"900030",17951,"3",2916032,"1",
"900030",17051,"4",2916032,"1",
"900030",17567,"5",2916032,"1",
"980000",9203,"1",2916032,"1",
"980000",12899,"2",2916032,"1",
"980000",17951,"3",2916032,"1",
"980000",17051,"4",2916032,"1",
"980000",17567,"5",2916032,"1",
"980070",9203,"1",2916032,"1",
"980070",12899,"2",2916032,"1",
"980070",17951,"3",2916032,"1",
"980070",17051,"4",2916032,"1",
"980070",17567,"5",2916032,"1",
"900000",86000,"1",2916061,"1",
"900000",86000,"2",2916061,"1",
"900000",86000,"3",2916061,"1",
"900000",86000,"4",2916061,"1",
"900000",86000,"5",2916061,"1",
"980000",86000,"1",2916061,"1",
"980000",86000,"2",2916061,"1",
"980000",86000,"3",2916061,"1",
"980000",86000,"4",2916061,"1",
"980000",86000,"5",2916061,"1",
"980070",84000,"1",2916061,"1",
"980070",84000,"2",2916061,"1",
"980070",84000,"3",2916061,"1",
"980070",84000,"4",2916061,"1",
"980070",84000,"5",2916061,"1",
"900000",86000,"1",2916062,"1",
"900000",86000,"2",2916062,"1",
"900000",86000,"3",2916062,"1",
"900000",86000,"4",2916062,"1",
"900000",86000,"5",2916062,"1",
"980000",86000,"1",2916062,"1",
"980000",86000,"2",2916062,"1",
"980000",86000,"3",2916062,"1",
"980000",86000,"4",2916062,"1",
"980000",86000,"5",2916062,"1",
"980070",84000,"1",2916062,"1",
"980070",84000,"2",2916062,"1",
"980070",84000,"3",2916062,"1",
"980070",84000,"4",2916062,"1",
"980070",84000,"5",2916062,"1",
"900000",77000,"1",2916071,"1",
"900000",77000,"2",2916071,"1",
"900000",77000,"3",2916071,"1",
"900000",77000,"4",2916071,"1",
"900000",77000,"5",2916071,"1",
"900180",9,"1",2916071,"1",
"900180",9,"2",2916071,"1",
"900180",9,"3",2916071,"1",
"900180",9,"4",2916071,"1",
"900180",9,"5",2916071,"1",
"980000",77009,"1",2916071,"1",
"980000",77009,"2",2916071,"1",
"980000",77009,"3",2916071,"1",
"980000",77009,"4",2916071,"1",
"980000",77009,"5",2916071,"1",
"980070",79309,"1",2916071,"1",
"980070",79309,"2",2916071,"1",
"980070",79309,"3",2916071,"1",
"980070",79309,"4",2916071,"1",
"980070",79309,"5",2916071,"1",
"900000",77000,"1",2916072,"1",
"900000",77000,"2",2916072,"1",
"900000",77000,"3",2916072,"1",
"900000",77000,"4",2916072,"1",
"900000",77000,"5",2916072,"1",
"900180",9,"1",2916072,"1",
"900180",9,"2",2916072,"1",
"900180",9,"3",2916072,"1",
"900180",9,"4",2916072,"1",
"900180",9,"5",2916072,"1",
"980000",77009,"1",2916072,"1",
"980000",77009,"2",2916072,"1",
"980000",77009,"3",2916072,"1",
"980000",77009,"4",2916072,"1",
"980000",77009,"5",2916072,"1",
"980070",79309,"1",2916072,"1",
"980070",79309,"2",2916072,"1",
"980070",79309,"3",2916072,"1",
"980070",79309,"4",2916072,"1",
"980070",79309,"5",2916072,"1",
"900000",11834,"1",2916081,"1",
"900000",11834,"2",2916081,"1",
"900000",11834,"3",2916081,"1",
"900000",11834,"4",2916081,"1",
"900000",11834,"5",2916081,"1",
"900150",3839,"1",2916081,"1",
"900150",3839,"2",2916081,"1",
"900150",3839,"3",2916081,"1",
"900150",3839,"4",2916081,"1",
"900150",3839,"5",2916081,"1",
"980000",15673,"1",2916081,"1",
"980000",15673,"2",2916081,"1",
"980000",15673,"3",2916081,"1",
"980000",15673,"4",2916081,"1",
"980000",15673,"5",2916081,"1",
"980070",23373,"1",2916081,"1",
"980070",23373,"2",2916081,"1",
"980070",23373,"3",2916081,"1",
"980070",23373,"4",2916081,"1",
"980070",23373,"5",2916081,"1",
"900000",11834,"1",2916082,"1",
"900000",11834,"2",2916082,"1",
"900000",11834,"3",2916082,"1",
"900000",11834,"4",2916082,"1",
"900000",11834,"5",2916082,"1",
"900150",3839,"1",2916082,"1",
"900150",3839,"2",2916082,"1",
"900150",3839,"3",2916082,"1",
"900150",3839,"4",2916082,"1",
"900150",3839,"5",2916082,"1",
"980000",15673,"1",2916082,"1",
"980000",15673,"2",2916082,"1",
"980000",15673,"3",2916082,"1",
"980000",15673,"4",2916082,"1",
"980000",15673,"5",2916082,"1",
"980070",23373,"1",2916082,"1",
"980070",23373,"2",2916082,"1",
"980070",23373,"3",2916082,"1",
"980070",23373,"4",2916082,"1",
"980070",23373,"5",2916082,"1",
"900000",15000,"1",2916111,"1",
"900000",15000,"2",2916111,"1",
"900000",15000,"3",2916111,"1",
"900000",15000,"4",2916111,"1",
"900000",15000,"5",2916111,"1",
"900030",13920,"1",2916111,"1",
"900030",13920,"2",2916111,"1",
"900030",13920,"3",2916111,"1",
"900030",13920,"4",2916111,"1",
"900030",13920,"5",2916111,"1",
"980000",28920,"1",2916111,"1",
"980000",28920,"2",2916111,"1",
"980000",28920,"3",2916111,"1",
"980000",28920,"4",2916111,"1",
"980000",28920,"5",2916111,"1",
"980070",33120,"1",2916111,"1",
"980070",33120,"2",2916111,"1",
"980070",33120,"3",2916111,"1",
"980070",33120,"4",2916111,"1",
"980070",33120,"5",2916111,"1",
"900000",15000,"1",2916112,"1",
"900000",15000,"2",2916112,"1",
"900000",15000,"3",2916112,"1",
"900000",15000,"4",2916112,"1",
"900000",15000,"5",2916112,"1",
"900030",13920,"1",2916112,"1",
"900030",13920,"2",2916112,"1",
"900030",13920,"3",2916112,"1",
"900030",13920,"4",2916112,"1",
"900030",13920,"5",2916112,"1",
"980000",28920,"1",2916112,"1",
"980000",28920,"2",2916112,"1",
"980000",28920,"3",2916112,"1",
"980000",28920,"4",2916112,"1",
"980000",28920,"5",2916112,"1",
"980070",33120,"1",2916112,"1",
"980070",33120,"2",2916112,"1",
"980070",33120,"3",2916112,"1",
"980070",33120,"4",2916112,"1",
"980070",33120,"5",2916112,"1",
"900000",116000,"1",2916121,"1",
"900000",116000,"2",2916121,"1",
"900000",116000,"3",2916121,"1",
"900000",116000,"4",2916121,"1",
"900000",116000,"5",2916121,"1",
"980000",116000,"1",2916121,"1",
"980000",116000,"2",2916121,"1",
"980000",116000,"3",2916121,"1",
"980000",116000,"4",2916121,"1",
"980000",116000,"5",2916121,"1",
"980070",116000,"1",2916121,"1",
"980070",116000,"2",2916121,"1",
"980070",116000,"3",2916121,"1",
"980070",116000,"4",2916121,"1",
"980070",116000,"5",2916121,"1",
"900000",116000,"1",2916122,"1",
"900000",116000,"2",2916122,"1",
"900000",116000,"3",2916122,"1",
"900000",116000,"4",2916122,"1",
"900000",116000,"5",2916122,"1",
"980000",116000,"1",2916122,"1",
"980000",116000,"2",2916122,"1",
"980000",116000,"3",2916122,"1",
"980000",116000,"4",2916122,"1",
"980000",116000,"5",2916122,"1",
"980070",116000,"1",2916122,"1",
"980070",116000,"2",2916122,"1",
"980070",116000,"3",2916122,"1",
"980070",116000,"4",2916122,"1",
"980070",116000,"5",2916122,"1",
"900000",63066,"1",2916131,"1",
"900000",50150,"2",2916131,"1",
"900000",56520,"3",2916131,"1",
"900000",66771,"4",2916131,"1",
"900000",50789,"5",2916131,"1",
"900180",2,"1",2916131,"1",
"900180",2,"2",2916131,"1",
"900180",2,"3",2916131,"1",
"900180",2,"4",2916131,"1",
"900180",2,"5",2916131,"1",
"980000",63068,"1",2916131,"1",
"980000",50152,"2",2916131,"1",
"980000",56522,"3",2916131,"1",
"980000",66773,"4",2916131,"1",
"980000",50791,"5",2916131,"1",
"980070",61968,"1",2916131,"1",
"980070",49052,"2",2916131,"1",
"980070",55422,"3",2916131,"1",
"980070",65673,"4",2916131,"1",
"980070",49691,"5",2916131,"1",
"900000",59277,"1",2916132,"1",
"900000",57440,"2",2916132,"1",
"900000",58932,"3",2916132,"1",
"900000",66529,"4",2916132,"1",
"900000",55697,"5",2916132,"1",
"900180",2,"1",2916132,"1",
"900180",2,"2",2916132,"1",
"900180",2,"3",2916132,"1",
"900180",2,"4",2916132,"1",
"900180",2,"5",2916132,"1",
"980000",59279,"1",2916132,"1",
"980000",57442,"2",2916132,"1",
"980000",58934,"3",2916132,"1",
"980000",66531,"4",2916132,"1",
"980000",55699,"5",2916132,"1",
"980070",58179,"1",2916132,"1",
"980070",56342,"2",2916132,"1",
"980070",57834,"3",2916132,"1",
"980070",65431,"4",2916132,"1",
"980070",54599,"5",2916132,"1",
"900000",75000,"1",2916211,"1",
"900000",75000,"2",2916211,"1",
"900000",75000,"3",2916211,"1",
"900000",75000,"4",2916211,"1",
"900000",75000,"5",2916211,"1",
"980000",75000,"1",2916211,"1",
"980000",75000,"2",2916211,"1",
"980000",75000,"3",2916211,"1",
"980000",75000,"4",2916211,"1",
"980000",75000,"5",2916211,"1",
"980070",75000,"1",2916211,"1",
"980070",75000,"2",2916211,"1",
"980070",75000,"3",2916211,"1",
"980070",75000,"4",2916211,"1",
"980070",75000,"5",2916211,"1",
"900000",75000,"1",2916212,"1",
"900000",75000,"2",2916212,"1",
"900000",75000,"3",2916212,"1",
"900000",75000,"4",2916212,"1",
"900000",75000,"5",2916212,"1",
"980000",75000,"1",2916212,"1",
"980000",75000,"2",2916212,"1",
"980000",75000,"3",2916212,"1",
"980000",75000,"4",2916212,"1",
"980000",75000,"5",2916212,"1",
"980070",75000,"1",2916212,"1",
"980070",75000,"2",2916212,"1",
"980070",75000,"3",2916212,"1",
"980070",75000,"4",2916212,"1",
"980070",75000,"5",2916212,"1",
"900000",100000,"1",2916221,"1",
"900000",100000,"2",2916221,"1",
"900000",100000,"3",2916221,"1",
"900000",100000,"4",2916221,"1",
"900000",100000,"5",2916221,"1",
"980000",100000,"1",2916221,"1",
"980000",100000,"2",2916221,"1",
"980000",100000,"3",2916221,"1",
"980000",100000,"4",2916221,"1",
"980000",100000,"5",2916221,"1",
"980070",101200,"1",2916221,"1",
"980070",101200,"2",2916221,"1",
"980070",101200,"3",2916221,"1",
"980070",101200,"4",2916221,"1",
"980070",101200,"5",2916221,"1",
"900000",100000,"1",2916222,"1",
"900000",100000,"2",2916222,"1",
"900000",100000,"3",2916222,"1",
"900000",100000,"4",2916222,"1",
"900000",100000,"5",2916222,"1",
"980000",100000,"1",2916222,"1",
"980000",100000,"2",2916222,"1",
"980000",100000,"3",2916222,"1",
"980000",100000,"4",2916222,"1",
"980000",100000,"5",2916222,"1",
"980070",101200,"1",2916222,"1",
"980070",101200,"2",2916222,"1",
"980070",101200,"3",2916222,"1",
"980070",101200,"4",2916222,"1",
"980070",101200,"5",2916222,"1",
"900030",49702,"1",2916251,"1",
"900030",48022,"2",2916251,"1",
"900030",48250,"3",2916251,"1",
"900030",48814,"4",2916251,"1",
"900030",49882,"5",2916251,"1",
"980000",49702,"1",2916251,"1",
"980000",48022,"2",2916251,"1",
"980000",48250,"3",2916251,"1",
"980000",48814,"4",2916251,"1",
"980000",49882,"5",2916251,"1",
"980070",49702,"1",2916251,"1",
"980070",48022,"2",2916251,"1",
"980070",48250,"3",2916251,"1",
"980070",48814,"4",2916251,"1",
"980070",49882,"5",2916251,"1",
"900030",51442,"1",2916252,"1",
"900030",49978,"2",2916252,"1",
"900030",47614,"3",2916252,"1",
"900030",45178,"4",2916252,"1",
"900030",50098,"5",2916252,"1",
"980000",51442,"1",2916252,"1",
"980000",49978,"2",2916252,"1",
"980000",47614,"3",2916252,"1",
"980000",45178,"4",2916252,"1",
"980000",50098,"5",2916252,"1",
"980070",51442,"1",2916252,"1",
"980070",49978,"2",2916252,"1",
"980070",47614,"3",2916252,"1",
"980070",45178,"4",2916252,"1",
"980070",50098,"5",2916252,"1",
"900000",15600,"1",2916261,"1",
"900000",15600,"2",2916261,"1",
"900000",15600,"3",2916261,"1",
"900000",15600,"4",2916261,"1",
"900000",15600,"5",2916261,"1",
"900030",10859,"1",2916261,"1",
"900030",10859,"2",2916261,"1",
"900030",10859,"3",2916261,"1",
"900030",10859,"4",2916261,"1",
"900030",10859,"5",2916261,"1",
"980000",26459,"1",2916261,"1",
"980000",26459,"2",2916261,"1",
"980000",26459,"3",2916261,"1",
"980000",26459,"4",2916261,"1",
"980000",26459,"5",2916261,"1",
"980070",29659,"1",2916261,"1",
"980070",29659,"2",2916261,"1",
"980070",29659,"3",2916261,"1",
"980070",29659,"4",2916261,"1",
"980070",29659,"5",2916261,"1",
"900000",15600,"1",2916262,"1",
"900000",15600,"2",2916262,"1",
"900000",15600,"3",2916262,"1",
"900000",15600,"4",2916262,"1",
"900000",15600,"5",2916262,"1",
"900030",10859,"1",2916262,"1",
"900030",10859,"2",2916262,"1",
"900030",10859,"3",2916262,"1",
"900030",10859,"4",2916262,"1",
"900030",10859,"5",2916262,"1",
"980000",26459,"1",2916262,"1",
"980000",26459,"2",2916262,"1",
"980000",26459,"3",2916262,"1",
"980000",26459,"4",2916262,"1",
"980000",26459,"5",2916262,"1",
"980070",29659,"1",2916262,"1",
"980070",29659,"2",2916262,"1",
"980070",29659,"3",2916262,"1",
"980070",29659,"4",2916262,"1",
"980070",29659,"5",2916262,"1",
"900030",15324,"1",2916271,"1",
"900030",12720,"2",2916271,"1",
"900030",13116,"3",2916271,"1",
"900030",15324,"4",2916271,"1",
"900030",13680,"5",2916271,"1",
"980000",15324,"1",2916271,"1",
"980000",12720,"2",2916271,"1",
"980000",13116,"3",2916271,"1",
"980000",15324,"4",2916271,"1",
"980000",13680,"5",2916271,"1",
"980070",15324,"1",2916271,"1",
"980070",12720,"2",2916271,"1",
"980070",13116,"3",2916271,"1",
"980070",15324,"4",2916271,"1",
"980070",13680,"5",2916271,"1",
"800940",10967,"1",2916281,"1","T"
"800940",10967,"2",2916281,"1","T"
"800940",10967,"3",2916281,"1","T"
"800940",10967,"4",2916281,"1","T"
"800940",10967,"5",2916281,"1","T"
"900000",62362,"1",2916281,"1",
"900000",57937,"2",2916281,"1",
"900000",66884,"3",2916281,"1",
"900000",68200,"4",2916281,"1",
"900000",72058,"5",2916281,"1",
"900160",4210,"1",2916281,"1",
"900160",12385,"2",2916281,"1",
"900160",6528,"3",2916281,"1",
"900160",525,"4",2916281,"1",
"900160",71419,"5",2916281,"1",
"980000",66572,"1",2916281,"1",
"980000",70322,"2",2916281,"1",
"980000",73412,"3",2916281,"1",
"980000",68725,"4",2916281,"1",
"980000",143477,"5",2916281,"1",
"980070",66572,"1",2916281,"1",
"980070",70322,"2",2916281,"1",
"980070",73412,"3",2916281,"1",
"980070",68725,"4",2916281,"1",
"980070",143477,"5",2916281,"1",
"800940",10967,"1",2916282,"1","T"
"800940",10967,"2",2916282,"1","T"
"800940",10967,"3",2916282,"1","T"
"800940",10967,"4",2916282,"1","T"
"800940",10967,"5",2916282,"1","T"
"900000",74198,"1",2916282,"1",
"900000",56752,"2",2916282,"1",
"900000",64902,"3",2916282,"1",
"900000",68772,"4",2916282,"1",
"900000",57498,"5",2916282,"1",
"900160",3261,"1",2916282,"1",
"900160",10353,"2",2916282,"1",
"900160",8779,"3",2916282,"1",
"900160",45493,"4",2916282,"1",
"900160",9275,"5",2916282,"1",
"980000",77459,"1",2916282,"1",
"980000",67105,"2",2916282,"1",
"980000",73681,"3",2916282,"1",
"980000",114265,"4",2916282,"1",
"980000",66773,"5",2916282,"1",
"980070",77459,"1",2916282,"1",
"980070",67105,"2",2916282,"1",
"980070",73681,"3",2916282,"1",
"980070",114265,"4",2916282,"1",
"980070",66773,"5",2916282,"1",
"900000",193937,"1",2916301,"1",
"900000",163917,"2",2916301,"1",
"900000",177278,"3",2916301,"1",
"900000",206646,"4",2916301,"1",
"900000",188391,"5",2916301,"1",
"900180",1320,"1",2916301,"1",
"900180",1073,"2",2916301,"1",
"900180",1109,"3",2916301,"1",
"900180",1043,"4",2916301,"1",
"900180",1874,"5",2916301,"1",
"980000",195257,"1",2916301,"1",
"980000",164990,"2",2916301,"1",
"980000",178387,"3",2916301,"1",
"980000",207689,"4",2916301,"1",
"980000",190265,"5",2916301,"1",
"980070",195157,"1",2916301,"1",
"980070",164890,"2",2916301,"1",
"980070",178287,"3",2916301,"1",
"980070",207589,"4",2916301,"1",
"980070",190165,"5",2916301,"1",
"900000",196990,"1",2916302,"1",
"900000",180780,"2",2916302,"1",
"900000",170473,"3",2916302,"1",
"900000",185842,"4",2916302,"1",
"900000",192971,"5",2916302,"1",
"900180",1110,"1",2916302,"1",
"900180",1684,"2",2916302,"1",
"900180",1200,"3",2916302,"1",
"900180",1276,"4",2916302,"1",
"900180",1014,"5",2916302,"1",
"980000",198100,"1",2916302,"1",
"980000",182464,"2",2916302,"1",
"980000",171673,"3",2916302,"1",
"980000",187118,"4",2916302,"1",
"980000",193985,"5",2916302,"1",
"980070",198000,"1",2916302,"1",
"980070",182364,"2",2916302,"1",
"980070",171573,"3",2916302,"1",
"980070",187018,"4",2916302,"1",
"980070",193885,"5",2916302,"1",
"900150",218,"1",2916321,"1",
"900150",207,"2",2916321,"1",
"900150",356,"3",2916321,"1",
"900150",9,"4",2916321,"1",
"900150",292,"5",2916321,"1",
"900160",4376,"1",2916321,"1",
"900160",28242,"2",2916321,"1",
"900160",20698,"3",2916321,"1",
"900160",20716,"4",2916321,"1",
"900160",21985,"5",2916321,"1",
"900190",11963,"1",2916321,"1",
"900190",3487,"2",2916321,"1",
"900190",2100,"3",2916321,"1",
"900190",3018,"4",2916321,"1",
"900190",11860,"5",2916321,"1",
"980000",16557,"1",2916321,"1",
"980000",31936,"2",2916321,"1",
"980000",23154,"3",2916321,"1",
"980000",23743,"4",2916321,"1",
"980000",34137,"5",2916321,"1",
"980070",16557,"1",2916321,"1",
"980070",31936,"2",2916321,"1",
"980070",23154,"3",2916321,"1",
"980070",23743,"4",2916321,"1",
"980070",34137,"5",2916321,"1",
"900150",127,"1",2916322,"1",
"900150",217,"2",2916322,"1",
"900150",546,"3",2916322,"1",
"900150",441,"4",2916322,"1",
"900150",44,"5",2916322,"1",
"900160",2501,"1",2916322,"1",
"900160",2930,"2",2916322,"1",
"900160",30355,"3",2916322,"1",
"900160",12352,"4",2916322,"1",
"900160",-2525,"5",2916322,"1",
"900190",4790,"1",2916322,"1",
"900190",7468,"2",2916322,"1",
"900190",2597,"3",2916322,"1",
"900190",-2316,"4",2916322,"1",
"900190",5088,"5",2916322,"1",
"980000",7418,"1",2916322,"1",
"980000",10615,"2",2916322,"1",
"980000",33498,"3",2916322,"1",
"980000",10477,"4",2916322,"1",
"980000",2607,"5",2916322,"1",
"980070",7418,"1",2916322,"1",
"980070",10615,"2",2916322,"1",
"980070",33498,"3",2916322,"1",
"980070",10477,"4",2916322,"1",
"980070",2607,"5",2916322,"1",
"900000",25000,"1",2916331,"1",
"900000",25000,"2",2916331,"1",
"900000",25000,"3",2916331,"1",
"900000",25000,"4",2916331,"1",
"900000",25000,"5",2916331,"1",
"900030",22200,"1",2916331,"1",
"900030",22200,"2",2916331,"1",
"900030",22200,"3",2916331,"1",
"900030",22200,"4",2916331,"1",
"900030",22200,"5",2916331,"1",
"980000",47200,"1",2916331,"1",
"980000",47200,"2",2916331,"1",
"980000",47200,"3",2916331,"1",
"980000",47200,"4",2916331,"1",
"980000",47200,"5",2916331,"1",
"980070",47202,"1",2916331,"1",
"980070",47202,"2",2916331,"1",
"980070",47202,"3",2916331,"1",
"980070",47202,"4",2916331,"1",
"980070",47202,"5",2916331,"1",
"900000",25000,"1",2916332,"1",
"900000",25000,"2",2916332,"1",
"900000",25000,"3",2916332,"1",
"900000",25000,"4",2916332,"1",
"900000",25000,"5",2916332,"1",
"900030",22200,"1",2916332,"1",
"900030",22200,"2",2916332,"1",
"900030",22200,"3",2916332,"1",
"900030",22200,"4",2916332,"1",
"900030",22200,"5",2916332,"1",
"980000",47200,"1",2916332,"1",
"980000",47200,"2",2916332,"1",
"980000",47200,"3",2916332,"1",
"980000",47200,"4",2916332,"1",
"980000",47200,"5",2916332,"1",
"980070",47202,"1",2916332,"1",
"980070",47202,"2",2916332,"1",
"980070",47202,"3",2916332,"1",
"980070",47202,"4",2916332,"1",
"980070",47202,"5",2916332,"1",
"900000",1200,"1",2916341,"1",
"900000",1200,"2",2916341,"1",
"900000",1200,"3",2916341,"1",
"900000",1200,"4",2916341,"1",
"900000",1200,"5",2916341,"1",
"900150",5296,"1",2916341,"1",
"900150",5296,"2",2916341,"1",
"900150",5296,"3",2916341,"1",
"900150",5296,"4",2916341,"1",
"900150",5296,"5",2916341,"1",
"980000",6496,"1",2916341,"1",
"980000",6496,"2",2916341,"1",
"980000",6496,"3",2916341,"1",
"980000",6496,"4",2916341,"1",
"980000",6496,"5",2916341,"1",
"980070",6496,"1",2916341,"1",
"980070",6496,"2",2916341,"1",
"980070",6496,"3",2916341,"1",
"980070",6496,"4",2916341,"1",
"980070",6496,"5",2916341,"1",
"900000",41211,"1",2916351,"1",
"900000",2616,"2",2916351,"1",
"900000",12213,"3",2916351,"1",
"900000",22095,"4",2916351,"1",
"900000",12302,"5",2916351,"1",
"980000",41211,"1",2916351,"1",
"980000",2616,"2",2916351,"1",
"980000",12213,"3",2916351,"1",
"980000",22095,"4",2916351,"1",
"980000",12302,"5",2916351,"1",
"980070",41211,"1",2916351,"1",
"980070",2616,"2",2916351,"1",
"980070",12213,"3",2916351,"1",
"980070",22095,"4",2916351,"1",
"980070",12302,"5",2916351,"1",
"900000",19974,"1",2916352,"1",
"900000",49017,"2",2916352,"1",
"900000",6754,"3",2916352,"1",
"900000",25234,"4",2916352,"1",
"900000",3313,"5",2916352,"1",
"980000",19974,"1",2916352,"1",
"980000",49017,"2",2916352,"1",
"980000",6754,"3",2916352,"1",
"980000",25234,"4",2916352,"1",
"980000",3313,"5",2916352,"1",
"980070",19974,"1",2916352,"1",
"980070",49017,"2",2916352,"1",
"980070",6754,"3",2916352,"1",
"980070",25234,"4",2916352,"1",
"980070",3313,"5",2916352,"1",
"900030",20219,"1",2916361,"1",
"900030",20219,"2",2916361,"1",
"900030",20219,"3",2916361,"1",
"900030",20219,"4",2916361,"1",
"900030",20219,"5",2916361,"1",
"900180",250,"1",2916361,"1",
"900180",250,"2",2916361,"1",
"900180",250,"3",2916361,"1",
"900180",250,"4",2916361,"1",
"900180",250,"5",2916361,"1",
"980000",20469,"1",2916361,"1",
"980000",20469,"2",2916361,"1",
"980000",20469,"3",2916361,"1",
"980000",20469,"4",2916361,"1",
"980000",20469,"5",2916361,"1",
"980070",21019,"1",2916361,"1",
"980070",21019,"2",2916361,"1",
"980070",21019,"3",2916361,"1",
"980070",21019,"4",2916361,"1",
"980070",21019,"5",2916361,"1",
"900030",20219,"1",2916362,"1",
"900030",20219,"2",2916362,"1",
"900030",20219,"3",2916362,"1",
"900030",20219,"4",2916362,"1",
"900030",20219,"5",2916362,"1",
"900180",250,"1",2916362,"1",
"900180",250,"2",2916362,"1",
"900180",250,"3",2916362,"1",
"900180",250,"4",2916362,"1",
"900180",250,"5",2916362,"1",
"980000",20469,"1",2916362,"1",
"980000",20469,"2",2916362,"1",
"980000",20469,"3",2916362,"1",
"980000",20469,"4",2916362,"1",
"980000",20469,"5",2916362,"1",
"980070",21019,"1",2916362,"1",
"980070",21019,"2",2916362,"1",
"980070",21019,"3",2916362,"1",
"980070",21019,"4",2916362,"1",
"980070",21019,"5",2916362,"1",
"900000",205487,"1",2916371,"1","T"
"900000",205487,"2",2916371,"1","T"
"900000",205487,"3",2916371,"1","T"
"900000",205487,"4",2916371,"1","T"
"900000",205487,"5",2916371,"1","T"
"900180",15000,"1",2916371,"1",
"900180",15000,"2",2916371,"1",
"900180",15000,"3",2916371,"1",
"900180",15000,"4",2916371,"1",
"900180",15000,"5",2916371,"1",
"950002",49141,"1",2916371,"1","T"
"950002",49141,"2",2916371,"1","T"
"950002",49141,"3",2916371,"1","T"
"950002",49141,"4",2916371,"1","T"
"950002",49141,"5",2916371,"1","T"
"950012",15530,"1",2916371,"1","T"
"950012",15530,"2",2916371,"1","T"
"950012",15530,"3",2916371,"1","T"
"950012",15530,"4",2916371,"1","T"
"950012",15530,"5",2916371,"1","T"
"980000",220487,"1",2916371,"1","T"
"980000",220487,"2",2916371,"1","T"
"980000",220487,"3",2916371,"1","T"
"980000",220487,"4",2916371,"1","T"
"980000",220487,"5",2916371,"1","T"
"980070",156144,"1",2916371,"1","T"
"980070",156144,"2",2916371,"1","T"
"980070",156144,"3",2916371,"1","T"
"980070",156144,"4",2916371,"1","T"
"980070",156144,"5",2916371,"1","T"
"900000",205487,"1",2916372,"1","T"
"900000",205487,"2",2916372,"1","T"
"900000",205487,"3",2916372,"1","T"
"900000",205487,"4",2916372,"1","T"
"900000",205487,"5",2916372,"1","T"
"900180",15000,"1",2916372,"1",
"900180",15000,"2",2916372,"1",
"900180",15000,"3",2916372,"1",
"900180",15000,"4",2916372,"1",
"900180",15000,"5",2916372,"1",
"950002",49141,"1",2916372,"1","T"
"950002",49141,"2",2916372,"1","T"
"950002",49141,"3",2916372,"1","T"
"950002",49141,"4",2916372,"1","T"
"950002",49141,"5",2916372,"1","T"
"950012",15530,"1",2916372,"1","T"
"950012",15530,"2",2916372,"1","T"
"950012",15530,"3",2916372,"1","T"
"950012",15530,"4",2916372,"1","T"
"950012",15530,"5",2916372,"1","T"
"980000",220487,"1",2916372,"1","T"
"980000",220487,"2",2916372,"1","T"
"980000",220487,"3",2916372,"1","T"
"980000",220487,"4",2916372,"1","T"
"980000",220487,"5",2916372,"1","T"
"980070",156144,"1",2916372,"1","T"
"980070",156144,"2",2916372,"1","T"
"980070",156144,"3",2916372,"1","T"
"980070",156144,"4",2916372,"1","T"
"980070",156144,"5",2916372,"1","T"
"800940",10967,"1",2916382,"1","T"
"800940",10967,"2",2916382,"1","T"
"800940",10967,"3",2916382,"1","T"
"800940",10967,"4",2916382,"1","T"
"800940",10967,"5",2916382,"1","T"
"900000",235000,"1",2916382,"1",
"900000",235000,"2",2916382,"1",
"900000",235000,"3",2916382,"1",
"900000",235000,"4",2916382,"1",
"900000",235000,"5",2916382,"1",
"900160",31542,"1",2916382,"1",
"900160",5236,"2",2916382,"1",
"900160",59549,"3",2916382,"1",
"900160",4889,"4",2916382,"1",
"900160",101731,"5",2916382,"1",
"980000",266542,"1",2916382,"1",
"980000",240236,"2",2916382,"1",
"980000",294549,"3",2916382,"1",
"980000",239889,"4",2916382,"1",
"980000",336731,"5",2916382,"1",
"980070",266542,"1",2916382,"1",
"980070",240236,"2",2916382,"1",
"980070",294549,"3",2916382,"1",
"980070",239889,"4",2916382,"1",
"980070",336731,"5",2916382,"1",
"900000",57437,"1",2916391,"1",
"900000",62360,"2",2916391,"1",
"900000",52477,"3",2916391,"1",
"900000",64206,"4",2916391,"1",
"900000",64679,"5",2916391,"1",
"980000",57437,"1",2916391,"1",
"980000",62360,"2",2916391,"1",
"980000",52477,"3",2916391,"1",
"980000",64206,"4",2916391,"1",
"980000",64679,"5",2916391,"1",
"980070",57437,"1",2916391,"1",
"980070",62360,"2",2916391,"1",
"980070",52477,"3",2916391,"1",
"980070",64206,"4",2916391,"1",
"980070",64679,"5",2916391,"1",
"900000",54518,"1",2916392,"1",
"900000",55787,"2",2916392,"1",
"900000",61721,"3",2916392,"1",
"900000",54739,"4",2916392,"1",
"900000",58083,"5",2916392,"1",
"980000",54518,"1",2916392,"1",
"980000",55787,"2",2916392,"1",
"980000",61721,"3",2916392,"1",
"980000",54739,"4",2916392,"1",
"980000",58083,"5",2916392,"1",
"980070",54518,"1",2916392,"1",
"980070",55787,"2",2916392,"1",
"980070",61721,"3",2916392,"1",
"980070",54739,"4",2916392,"1",
"980070",58083,"5",2916392,"1",
"900030",18562,"1",2916401,"1",
"900030",16654,"2",2916401,"1",
"900030",17266,"3",2916401,"1",
"900030",16342,"4",2916401,"1",
"900030",16954,"5",2916401,"1",
"980000",18562,"1",2916401,"1",
"980000",16654,"2",2916401,"1",
"980000",17266,"3",2916401,"1",
"980000",16342,"4",2916401,"1",
"980000",16954,"5",2916401,"1",
"980070",18562,"1",2916401,"1",
"980070",16654,"2",2916401,"1",
"980070",17266,"3",2916401,"1",
"980070",16342,"4",2916401,"1",
"980070",16954,"5",2916401,"1",
"900030",16078,"1",2916402,"1",
"900030",17314,"2",2916402,"1",
"900030",18934,"3",2916402,"1",
"900030",16762,"4",2916402,"1",
"900030",17278,"5",2916402,"1",
"980000",16078,"1",2916402,"1",
"980000",17314,"2",2916402,"1",
"980000",18934,"3",2916402,"1",
"980000",16762,"4",2916402,"1",
"980000",17278,"5",2916402,"1",
"980070",16078,"1",2916402,"1",
"980070",17314,"2",2916402,"1",
"980070",18934,"3",2916402,"1",
"980070",16762,"4",2916402,"1",
"980070",17278,"5",2916402,"1",
"900000",15500,"1",2916421,"1",
"900000",15500,"2",2916421,"1",
"900000",15500,"3",2916421,"1",
"900000",15500,"4",2916421,"1",
"900000",15500,"5",2916421,"1",
"900150",3816,"1",2916421,"1",
"900150",3816,"2",2916421,"1",
"900150",3816,"3",2916421,"1",
"900150",3816,"4",2916421,"1",
"900150",3816,"5",2916421,"1",
"980000",19316,"1",2916421,"1",
"980000",19316,"2",2916421,"1",
"980000",19316,"3",2916421,"1",
"980000",19316,"4",2916421,"1",
"980000",19316,"5",2916421,"1",
"980070",19316,"1",2916421,"1",
"980070",19316,"2",2916421,"1",
"980070",19316,"3",2916421,"1",
"980070",19316,"4",2916421,"1",
"980070",19316,"5",2916421,"1",
"900000",15500,"1",2916422,"1",
"900000",15500,"2",2916422,"1",
"900000",15500,"3",2916422,"1",
"900000",15500,"4",2916422,"1",
"900000",15500,"5",2916422,"1",
"900150",3816,"1",2916422,"1",
"900150",3816,"2",2916422,"1",
"900150",3816,"3",2916422,"1",
"900150",3816,"4",2916422,"1",
"900150",3816,"5",2916422,"1",
"980000",19316,"1",2916422,"1",
"980000",19316,"2",2916422,"1",
"980000",19316,"3",2916422,"1",
"980000",19316,"4",2916422,"1",
"980000",19316,"5",2916422,"1",
"980070",19316,"1",2916422,"1",
"980070",19316,"2",2916422,"1",
"980070",19316,"3",2916422,"1",
"980070",19316,"4",2916422,"1",
"980070",19316,"5",2916422,"1",
"900000",2000,"1",2916431,"1",
"900000",2000,"2",2916431,"1",
"900000",2000,"3",2916431,"1",
"900000",2000,"4",2916431,"1",
"900000",2000,"5",2916431,"1",
"900090",1180,"1",2916431,"1",
"900090",1180,"2",2916431,"1",
"900090",1180,"3",2916431,"1",
"900090",1180,"4",2916431,"1",
"900090",1180,"5",2916431,"1",
"900140",3000,"1",2916431,"1",
"900140",3000,"2",2916431,"1",
"900140",3000,"3",2916431,"1",
"900140",3000,"4",2916431,"1",
"900140",3000,"5",2916431,"1",
"900150",4080,"1",2916431,"1",
"900150",4080,"2",2916431,"1",
"900150",4080,"3",2916431,"1",
"900150",4080,"4",2916431,"1",
"900150",4080,"5",2916431,"1",
"980000",10260,"1",2916431,"1",
"980000",10260,"2",2916431,"1",
"980000",10260,"3",2916431,"1",
"980000",10260,"4",2916431,"1",
"980000",10260,"5",2916431,"1",
"980070",11320,"1",2916431,"1",
"980070",11320,"2",2916431,"1",
"980070",11320,"3",2916431,"1",
"980070",11320,"4",2916431,"1",
"980070",11320,"5",2916431,"1",
"900000",2000,"1",2916432,"1",
"900000",2000,"2",2916432,"1",
"900000",2000,"3",2916432,"1",
"900000",2000,"4",2916432,"1",
"900000",2000,"5",2916432,"1",
"900090",1180,"1",2916432,"1",
"900090",1180,"2",2916432,"1",
"900090",1180,"3",2916432,"1",
"900090",1180,"4",2916432,"1",
"900090",1180,"5",2916432,"1",
"900140",3000,"1",2916432,"1",
"900140",3000,"2",2916432,"1",
"900140",3000,"3",2916432,"1",
"900140",3000,"4",2916432,"1",
"900140",3000,"5",2916432,"1",
"900150",4080,"1",2916432,"1",
"900150",4080,"2",2916432,"1",
"900150",4080,"3",2916432,"1",
"900150",4080,"4",2916432,"1",
"900150",4080,"5",2916432,"1",
"980000",10260,"1",2916432,"1",
"980000",10260,"2",2916432,"1",
"980000",10260,"3",2916432,"1",
"980000",10260,"4",2916432,"1",
"980000",10260,"5",2916432,"1",
"980070",11320,"1",2916432,"1",
"980070",11320,"2",2916432,"1",
"980070",11320,"3",2916432,"1",
"980070",11320,"4",2916432,"1",
"980070",11320,"5",2916432,"1",
"900000",31435,"1",2916441,"1",
"900000",60649,"2",2916441,"1",
"900000",61073,"3",2916441,"1",
"900000",36331,"4",2916441,"1",
"900000",36868,"5",2916441,"1",
"980000",31435,"1",2916441,"1",
"980000",60649,"2",2916441,"1",
"980000",61073,"3",2916441,"1",
"980000",36331,"4",2916441,"1",
"980000",36868,"5",2916441,"1",
"980070",31435,"1",2916441,"1",
"980070",60649,"2",2916441,"1",
"980070",61073,"3",2916441,"1",
"980070",36331,"4",2916441,"1",
"980070",36868,"5",2916441,"1",
"900000",43892,"1",2916442,"1",
"900000",109662,"2",2916442,"1",
"900000",9324,"3",2916442,"1",
"900000",81736,"4",2916442,"1",
"900000",40000,"5",2916442,"1",
"980000",43892,"1",2916442,"1",
"980000",109662,"2",2916442,"1",
"980000",9324,"3",2916442,"1",
"980000",81736,"4",2916442,"1",
"980000",40000,"5",2916442,"1",
"980070",43892,"1",2916442,"1",
"980070",109662,"2",2916442,"1",
"980070",9324,"3",2916442,"1",
"980070",81736,"4",2916442,"1",
"980070",40000,"5",2916442,"1",
"900000",21840,"1",2916451,"1",
"900000",21840,"2",2916451,"1",
"900000",21840,"3",2916451,"1",
"900000",21840,"4",2916451,"1",
"900000",21840,"5",2916451,"1",
"900030",9659,"1",2916451,"1",
"900030",9659,"2",2916451,"1",
"900030",9659,"3",2916451,"1",
"900030",9659,"4",2916451,"1",
"900030",9659,"5",2916451,"1",
"980000",31499,"1",2916451,"1",
"980000",31499,"2",2916451,"1",
"980000",31499,"3",2916451,"1",
"980000",31499,"4",2916451,"1",
"980000",31499,"5",2916451,"1",
"980070",33899,"1",2916451,"1",
"980070",33899,"2",2916451,"1",
"980070",33899,"3",2916451,"1",
"980070",33899,"4",2916451,"1",
"980070",33899,"5",2916451,"1",
"900000",21840,"1",2916452,"1",
"900000",21840,"2",2916452,"1",
"900000",21840,"3",2916452,"1",
"900000",21840,"4",2916452,"1",
"900000",21840,"5",2916452,"1",
"900030",9659,"1",2916452,"1",
"900030",9659,"2",2916452,"1",
"900030",9659,"3",2916452,"1",
"900030",9659,"4",2916452,"1",
"900030",9659,"5",2916452,"1",
"980000",31499,"1",2916452,"1",
"980000",31499,"2",2916452,"1",
"980000",31499,"3",2916452,"1",
"980000",31499,"4",2916452,"1",
"980000",31499,"5",2916452,"1",
"980070",33899,"1",2916452,"1",
"980070",33899,"2",2916452,"1",
"980070",33899,"3",2916452,"1",
"980070",33899,"4",2916452,"1",
"980070",33899,"5",2916452,"1",
"900000",87305,"1",2916491,"1",
"900000",80702,"2",2916491,"1",
"900000",77923,"3",2916491,"1",
"900000",78571,"4",2916491,"1",
"900000",81026,"5",2916491,"1",
"900170",37000,"1",2916491,"1",
"900170",37000,"2",2916491,"1",
"900170",37000,"3",2916491,"1",
"900170",37000,"4",2916491,"1",
"900170",37000,"5",2916491,"1",
"900180",0,"1",2916491,"1",
"900180",34,"2",2916491,"1",
"900180",39,"3",2916491,"1",
"900180",906,"4",2916491,"1",
"900180",59,"5",2916491,"1",
"980000",124305,"1",2916491,"1",
"980000",117736,"2",2916491,"1",
"980000",114962,"3",2916491,"1",
"980000",116477,"4",2916491,"1",
"980000",118085,"5",2916491,"1",
"980070",122755,"1",2916491,"1",
"980070",116186,"2",2916491,"1",
"980070",113412,"3",2916491,"1",
"980070",114927,"4",2916491,"1",
"980070",116535,"5",2916491,"1",
"900000",81717,"1",2916492,"1",
"900000",86806,"2",2916492,"1",
"900000",72895,"3",2916492,"1",
"900000",88754,"4",2916492,"1",
"900000",83502,"5",2916492,"1",
"900170",37000,"1",2916492,"1",
"900170",37000,"2",2916492,"1",
"900170",37000,"3",2916492,"1",
"900170",37000,"4",2916492,"1",
"900170",37000,"5",2916492,"1",
"900180",20,"1",2916492,"1",
"900180",35,"2",2916492,"1",
"900180",84,"3",2916492,"1",
"900180",41,"4",2916492,"1",
"900180",31,"5",2916492,"1",
"980000",118737,"1",2916492,"1",
"980000",123841,"2",2916492,"1",
"980000",109979,"3",2916492,"1",
"980000",125795,"4",2916492,"1",
"980000",120533,"5",2916492,"1",
"980070",117187,"1",2916492,"1",
"980070",122291,"2",2916492,"1",
"980070",108429,"3",2916492,"1",
"980070",124245,"4",2916492,"1",
"980070",118983,"5",2916492,"1",
"900030",2290,"1",2916501,"1",
"900030",2290,"2",2916501,"1",
"900030",2290,"3",2916501,"1",
"900030",2290,"4",2916501,"1",
"900030",2290,"5",2916501,"1",
"980000",2290,"1",2916501,"1",
"980000",2290,"2",2916501,"1",
"980000",2290,"3",2916501,"1",
"980000",2290,"4",2916501,"1",
"980000",2290,"5",2916501,"1",
"980070",3090,"1",2916501,"1",
"980070",3090,"2",2916501,"1",
"980070",3090,"3",2916501,"1",
"980070",3090,"4",2916501,"1",
"980070",3090,"5",2916501,"1",
"900030",2290,"1",2916502,"1",
"900030",2290,"2",2916502,"1",
"900030",2290,"3",2916502,"1",
"900030",2290,"4",2916502,"1",
"900030",2290,"5",2916502,"1",
"980000",2290,"1",2916502,"1",
"980000",2290,"2",2916502,"1",
"980000",2290,"3",2916502,"1",
"980000",2290,"4",2916502,"1",
"980000",2290,"5",2916502,"1",
"980070",3090,"1",2916502,"1",
"980070",3090,"2",2916502,"1",
"980070",3090,"3",2916502,"1",
"980070",3090,"4",2916502,"1",
"980070",3090,"5",2916502,"1",
"900000",32000,"1",2916511,"1",
"900000",32000,"2",2916511,"1",
"900000",32000,"3",2916511,"1",
"900000",32000,"4",2916511,"1",
"900000",32000,"5",2916511,"1",
"980000",32000,"1",2916511,"1",
"980000",32000,"2",2916511,"1",
"980000",32000,"3",2916511,"1",
"980000",32000,"4",2916511,"1",
"980000",32000,"5",2916511,"1",
"980070",32000,"1",2916511,"1",
"980070",32000,"2",2916511,"1",
"980070",32000,"3",2916511,"1",
"980070",32000,"4",2916511,"1",
"980070",32000,"5",2916511,"1",
"900030",34918,"1",2916531,"1",
"900030",34918,"2",2916531,"1",
"900030",34918,"3",2916531,"1",
"900030",34918,"4",2916531,"1",
"900030",34918,"5",2916531,"1",
"980000",34918,"1",2916531,"1",
"980000",34918,"2",2916531,"1",
"980000",34918,"3",2916531,"1",
"980000",34918,"4",2916531,"1",
"980000",34918,"5",2916531,"1",
"980070",34918,"1",2916531,"1",
"980070",34918,"2",2916531,"1",
"980070",34918,"3",2916531,"1",
"980070",34918,"4",2916531,"1",
"980070",34918,"5",2916531,"1",
"900030",34918,"1",2916532,"1",
"900030",34918,"2",2916532,"1",
"900030",34918,"3",2916532,"1",
"900030",34918,"4",2916532,"1",
"900030",34918,"5",2916532,"1",
"980000",34918,"1",2916532,"1",
"980000",34918,"2",2916532,"1",
"980000",34918,"3",2916532,"1",
"980000",34918,"4",2916532,"1",
"980000",34918,"5",2916532,"1",
"980070",34918,"1",2916532,"1",
"980070",34918,"2",2916532,"1",
"980070",34918,"3",2916532,"1",
"980070",34918,"4",2916532,"1",
"980070",34918,"5",2916532,"1",
"900000",27621,"1",2916541,"1",
"900000",24561,"2",2916541,"1",
"900000",24083,"3",2916541,"1",
"900000",28451,"4",2916541,"1",
"900000",26231,"5",2916541,"1",
"900120",5520,"1",2916541,"1",
"900120",5520,"2",2916541,"1",
"900120",5520,"3",2916541,"1",
"900120",5520,"4",2916541,"1",
"900120",5520,"5",2916541,"1",
"900150",9120,"1",2916541,"1",
"900150",9120,"2",2916541,"1",
"900150",9120,"3",2916541,"1",
"900150",9120,"4",2916541,"1",
"900150",9120,"5",2916541,"1",
"900210",1800,"1",2916541,"1",
"900210",1800,"2",2916541,"1",
"900210",1800,"3",2916541,"1",
"900210",1800,"4",2916541,"1",
"900210",1800,"5",2916541,"1",
"980000",44061,"1",2916541,"1",
"980000",41001,"2",2916541,"1",
"980000",40523,"3",2916541,"1",
"980000",44891,"4",2916541,"1",
"980000",42671,"5",2916541,"1",
"980070",51661,"1",2916541,"1",
"980070",48601,"2",2916541,"1",
"980070",48123,"3",2916541,"1",
"980070",52491,"4",2916541,"1",
"980070",50271,"5",2916541,"1",
"900000",25626,"1",2916542,"1",
"900000",24342,"2",2916542,"1",
"900000",25632,"3",2916542,"1",
"900000",28074,"4",2916542,"1",
"900000",25239,"5",2916542,"1",
"900120",5520,"1",2916542,"1",
"900120",5520,"2",2916542,"1",
"900120",5520,"3",2916542,"1",
"900120",5520,"4",2916542,"1",
"900120",5520,"5",2916542,"1",
"900150",9120,"1",2916542,"1",
"900150",9120,"2",2916542,"1",
"900150",9120,"3",2916542,"1",
"900150",9120,"4",2916542,"1",
"900150",9120,"5",2916542,"1",
"900210",1800,"1",2916542,"1",
"900210",1800,"2",2916542,"1",
"900210",1800,"3",2916542,"1",
"900210",1800,"4",2916542,"1",
"900210",1800,"5",2916542,"1",
"980000",42066,"1",2916542,"1",
"980000",40782,"2",2916542,"1",
"980000",42072,"3",2916542,"1",
"980000",44514,"4",2916542,"1",
"980000",41679,"5",2916542,"1",
"980070",49666,"1",2916542,"1",
"980070",48382,"2",2916542,"1",
"980070",49672,"3",2916542,"1",
"980070",52114,"4",2916542,"1",
"980070",49279,"5",2916542,"1",
"900030",6467,"1",2916561,"1",
"900030",6467,"2",2916561,"1",
"900030",6467,"3",2916561,"1",
"900030",6467,"4",2916561,"1",
"900030",6467,"5",2916561,"1",
"900180",6,"1",2916561,"1",
"900180",6,"2",2916561,"1",
"900180",6,"3",2916561,"1",
"900180",6,"4",2916561,"1",
"900180",6,"5",2916561,"1",
"980000",6473,"1",2916561,"1",
"980000",6473,"2",2916561,"1",
"980000",6473,"3",2916561,"1",
"980000",6473,"4",2916561,"1",
"980000",6473,"5",2916561,"1",
"980070",6473,"1",2916561,"1",
"980070",6473,"2",2916561,"1",
"980070",6473,"3",2916561,"1",
"980070",6473,"4",2916561,"1",
"980070",6473,"5",2916561,"1",
"900030",6467,"1",2916562,"1",
"900030",6467,"2",2916562,"1",
"900030",6467,"3",2916562,"1",
"900030",6467,"4",2916562,"1",
"900030",6467,"5",2916562,"1",
"900180",6,"1",2916562,"1",
"900180",6,"2",2916562,"1",
"900180",6,"3",2916562,"1",
"900180",6,"4",2916562,"1",
"900180",6,"5",2916562,"1",
"980000",6473,"1",2916562,"1",
"980000",6473,"2",2916562,"1",
"980000",6473,"3",2916562,"1",
"980000",6473,"4",2916562,"1",
"980000",6473,"5",2916562,"1",
"980070",6473,"1",2916562,"1",
"980070",6473,"2",2916562,"1",
"980070",6473,"3",2916562,"1",
"980070",6473,"4",2916562,"1",
"980070",6473,"5",2916562,"1",
"900000",107635,"1",2916581,"1",
"900000",107866,"2",2916581,"1",
"900000",94189,"3",2916581,"1",
"900000",82884,"4",2916581,"1",
"900000",102763,"5",2916581,"1",
"900180",31,"1",2916581,"1",
"900180",17,"2",2916581,"1",
"900180",536,"3",2916581,"1",
"900180",26,"4",2916581,"1",
"900180",37,"5",2916581,"1",
"980000",107666,"1",2916581,"1",
"980000",107883,"2",2916581,"1",
"980000",94725,"3",2916581,"1",
"980000",82910,"4",2916581,"1",
"980000",102800,"5",2916581,"1",
"980070",110466,"1",2916581,"1",
"980070",110683,"2",2916581,"1",
"980070",97525,"3",2916581,"1",
"980070",85710,"4",2916581,"1",
"980070",105600,"5",2916581,"1",
"900000",102342,"1",2916582,"1",
"900000",93878,"2",2916582,"1",
"900000",106398,"3",2916582,"1",
"900000",86709,"4",2916582,"1",
"900000",102330,"5",2916582,"1",
"900180",66,"1",2916582,"1",
"900180",122,"2",2916582,"1",
"900180",113,"3",2916582,"1",
"900180",25,"4",2916582,"1",
"900180",24,"5",2916582,"1",
"980000",102408,"1",2916582,"1",
"980000",94000,"2",2916582,"1",
"980000",106511,"3",2916582,"1",
"980000",86734,"4",2916582,"1",
"980000",102354,"5",2916582,"1",
"980070",105208,"1",2916582,"1",
"980070",96800,"2",2916582,"1",
"980070",109311,"3",2916582,"1",
"980070",89534,"4",2916582,"1",
"980070",105154,"5",2916582,"1",
"900000",90587,"1",2916591,"1",
"900000",101290,"2",2916591,"1",
"900000",110579,"3",2916591,"1",
"900000",119065,"4",2916591,"1",
"900000",117425,"5",2916591,"1",
"900180",3101,"1",2916591,"1",
"900180",3849,"2",2916591,"1",
"900180",3165,"3",2916591,"1",
"900180",3023,"4",2916591,"1",
"900180",3137,"5",2916591,"1",
"980000",93688,"1",2916591,"1",
"980000",105139,"2",2916591,"1",
"980000",113744,"3",2916591,"1",
"980000",122088,"4",2916591,"1",
"980000",120562,"5",2916591,"1",
"980070",94388,"1",2916591,"1",
"980070",105839,"2",2916591,"1",
"980070",114444,"3",2916591,"1",
"980070",122788,"4",2916591,"1",
"980070",121262,"5",2916591,"1",
"900160",42474,"1",2916611,"1",
"900160",42474,"2",2916611,"1",
"900160",42474,"3",2916611,"1",
"900160",42474,"4",2916611,"1",
"900160",42474,"5",2916611,"1",
"900170",45000,"1",2916611,"1",
"900170",45000,"2",2916611,"1",
"900170",45000,"3",2916611,"1",
"900170",45000,"4",2916611,"1",
"900170",45000,"5",2916611,"1",
"900180",350,"1",2916611,"1",
"900180",350,"2",2916611,"1",
"900180",350,"3",2916611,"1",
"900180",350,"4",2916611,"1",
"900180",350,"5",2916611,"1",
"980000",87824,"1",2916611,"1",
"980000",87824,"2",2916611,"1",
"980000",87824,"3",2916611,"1",
"980000",87824,"4",2916611,"1",
"980000",87824,"5",2916611,"1",
"980070",85324,"1",2916611,"1",
"980070",85324,"2",2916611,"1",
"980070",85324,"3",2916611,"1",
"980070",85324,"4",2916611,"1",
"980070",85324,"5",2916611,"1",
"900160",42474,"1",2916612,"1",
"900160",42474,"2",2916612,"1",
"900160",42474,"3",2916612,"1",
"900160",42474,"4",2916612,"1",
"900160",42474,"5",2916612,"1",
"900170",45000,"1",2916612,"1",
"900170",45000,"2",2916612,"1",
"900170",45000,"3",2916612,"1",
"900170",45000,"4",2916612,"1",
"900170",45000,"5",2916612,"1",
"900180",350,"1",2916612,"1",
"900180",350,"2",2916612,"1",
"900180",350,"3",2916612,"1",
"900180",350,"4",2916612,"1",
"900180",350,"5",2916612,"1",
"980000",87824,"1",2916612,"1",
"980000",87824,"2",2916612,"1",
"980000",87824,"3",2916612,"1",
"980000",87824,"4",2916612,"1",
"980000",87824,"5",2916612,"1",
"980070",85324,"1",2916612,"1",
"980070",85324,"2",2916612,"1",
"980070",85324,"3",2916612,"1",
"980070",85324,"4",2916612,"1",
"980070",85324,"5",2916612,"1",
"900000",255487,"1",2916631,"1","T"
"900000",255487,"2",2916631,"1","T"
"900000",255487,"3",2916631,"1","T"
"900000",255487,"4",2916631,"1","T"
"900000",255487,"5",2916631,"1","T"
"980000",255487,"1",2916631,"1","T"
"980000",255487,"2",2916631,"1","T"
"980000",255487,"3",2916631,"1","T"
"980000",255487,"4",2916631,"1","T"
"980000",255487,"5",2916631,"1","T"
"980070",255487,"1",2916631,"1","T"
"980070",255487,"2",2916631,"1","T"
"980070",255487,"3",2916631,"1","T"
"980070",255487,"4",2916631,"1","T"
"980070",255487,"5",2916631,"1","T"
"900000",15000,"1",2916641,"1",
"900000",15000,"2",2916641,"1",
"900000",15000,"3",2916641,"1",
"900000",15000,"4",2916641,"1",
"900000",15000,"5",2916641,"1",
"980000",15000,"1",2916641,"1",
"980000",15000,"2",2916641,"1",
"980000",15000,"3",2916641,"1",
"980000",15000,"4",2916641,"1",
"980000",15000,"5",2916641,"1",
"980070",15600,"1",2916641,"1",
"980070",15600,"2",2916641,"1",
"980070",15600,"3",2916641,"1",
"980070",15600,"4",2916641,"1",
"980070",15600,"5",2916641,"1",
"900000",15000,"1",2916642,"1",
"900000",15000,"2",2916642,"1",
"900000",15000,"3",2916642,"1",
"900000",15000,"4",2916642,"1",
"900000",15000,"5",2916642,"1",
"980000",15000,"1",2916642,"1",
"980000",15000,"2",2916642,"1",
"980000",15000,"3",2916642,"1",
"980000",15000,"4",2916642,"1",
"980000",15000,"5",2916642,"1",
"980070",15600,"1",2916642,"1",
"980070",15600,"2",2916642,"1",
"980070",15600,"3",2916642,"1",
"980070",15600,"4",2916642,"1",
"980070",15600,"5",2916642,"1",
"900030",20028,"1",2916661,"1",
"900030",21504,"2",2916661,"1",
"900030",27984,"3",2916661,"1",
"900030",26568,"4",2916661,"1",
"900030",20784,"5",2916661,"1",
"900090",9925,"1",2916661,"1",
"900090",13825,"2",2916661,"1",
"900090",1414,"3",2916661,"1",
"900090",478,"4",2916661,"1",
"900090",8526,"5",2916661,"1",
"900170",15535,"1",2916661,"1",
"900170",11841,"2",2916661,"1",
"900170",7401,"3",2916661,"1",
"900170",4357,"4",2916661,"1",
"900170",13045,"5",2916661,"1",
"980000",45488,"1",2916661,"1",
"980000",47170,"2",2916661,"1",
"980000",36799,"3",2916661,"1",
"980000",31403,"4",2916661,"1",
"980000",42355,"5",2916661,"1",
"980070",45488,"1",2916661,"1",
"980070",47170,"2",2916661,"1",
"980070",36799,"3",2916661,"1",
"980070",31403,"4",2916661,"1",
"980070",42355,"5",2916661,"1",
"900030",8568,"1",2916662,"1",
"900030",6228,"2",2916662,"1",
"900030",10260,"3",2916662,"1",
"900030",15312,"4",2916662,"1",
"900030",10116,"5",2916662,"1",
"900140",4946,"1",2916662,"1",
"900140",4343,"2",2916662,"1",
"900140",4343,"3",2916662,"1",
"900140",9325,"4",2916662,"1",
"900140",1053,"5",2916662,"1",
"980000",13514,"1",2916662,"1",
"980000",10571,"2",2916662,"1",
"980000",14603,"3",2916662,"1",
"980000",24637,"4",2916662,"1",
"980000",11169,"5",2916662,"1",
"980070",13514,"1",2916662,"1",
"980070",10571,"2",2916662,"1",
"980070",14603,"3",2916662,"1",
"980070",24637,"4",2916662,"1",
"980070",11169,"5",2916662,"1",
"900030",4319,"1",2916671,"1",
"900030",4319,"2",2916671,"1",
"900030",4319,"3",2916671,"1",
"900030",4319,"4",2916671,"1",
"900030",4319,"5",2916671,"1",
"900180",305,"1",2916671,"1",
"900180",2059,"2",2916671,"1",
"900180",3060,"3",2916671,"1",
"900180",310,"4",2916671,"1",
"900180",6,"5",2916671,"1",
"980000",4624,"1",2916671,"1",
"980000",6378,"2",2916671,"1",
"980000",7379,"3",2916671,"1",
"980000",4629,"4",2916671,"1",
"980000",4325,"5",2916671,"1",
"980070",4624,"1",2916671,"1",
"980070",6378,"2",2916671,"1",
"980070",7379,"3",2916671,"1",
"980070",4629,"4",2916671,"1",
"980070",4325,"5",2916671,"1",
"900030",4319,"1",2916672,"1",
"900030",4319,"2",2916672,"1",
"900030",4319,"3",2916672,"1",
"900030",4319,"4",2916672,"1",
"900030",4319,"5",2916672,"1",
"900180",4,"1",2916672,"1",
"900180",3049,"2",2916672,"1",
"900180",1018,"3",2916672,"1",
"900180",305,"4",2916672,"1",
"900180",261,"5",2916672,"1",
"980000",4323,"1",2916672,"1",
"980000",7368,"2",2916672,"1",
"980000",5337,"3",2916672,"1",
"980000",4624,"4",2916672,"1",
"980000",4580,"5",2916672,"1",
"980070",4323,"1",2916672,"1",
"980070",7368,"2",2916672,"1",
"980070",5337,"3",2916672,"1",
"980070",4624,"4",2916672,"1",
"980070",4580,"5",2916672,"1",
"900000",71100,"1",2916682,"1",
"900000",71100,"2",2916682,"1",
"900000",71100,"3",2916682,"1",
"900000",71100,"4",2916682,"1",
"900000",71100,"5",2916682,"1",
"980000",71100,"1",2916682,"1",
"980000",71100,"2",2916682,"1",
"980000",71100,"3",2916682,"1",
"980000",71100,"4",2916682,"1",
"980000",71100,"5",2916682,"1",
"980070",75700,"1",2916682,"1",
"980070",75700,"2",2916682,"1",
"980070",75700,"3",2916682,"1",
"980070",75700,"4",2916682,"1",
"980070",75700,"5",2916682,"1",
"900000",63000,"1",2916701,"1",
"900000",63000,"2",2916701,"1",
"900000",63000,"3",2916701,"1",
"900000",63000,"4",2916701,"1",
"900000",63000,"5",2916701,"1",
"980000",63000,"1",2916701,"1",
"980000",63000,"2",2916701,"1",
"980000",63000,"3",2916701,"1",
"980000",63000,"4",2916701,"1",
"980000",63000,"5",2916701,"1",
"980070",68000,"1",2916701,"1",
"980070",68000,"2",2916701,"1",
"980070",68000,"3",2916701,"1",
"980070",68000,"4",2916701,"1",
"980070",68000,"5",2916701,"1",
"900000",63000,"1",2916702,"1",
"900000",63000,"2",2916702,"1",
"900000",63000,"3",2916702,"1",
"900000",63000,"4",2916702,"1",
"900000",63000,"5",2916702,"1",
"980000",63000,"1",2916702,"1",
"980000",63000,"2",2916702,"1",
"980000",63000,"3",2916702,"1",
"980000",63000,"4",2916702,"1",
"980000",63000,"5",2916702,"1",
"980070",68000,"1",2916702,"1",
"980070",68000,"2",2916702,"1",
"980070",68000,"3",2916702,"1",
"980070",68000,"4",2916702,"1",
"980070",68000,"5",2916702,"1",
"900000",33528,"1",2916711,"1",
"900000",36487,"2",2916711,"1",
"900000",44566,"3",2916711,"1",
"900000",75524,"4",2916711,"1",
"900000",40833,"5",2916711,"1",
"980000",33528,"1",2916711,"1",
"980000",36487,"2",2916711,"1",
"980000",44566,"3",2916711,"1",
"980000",75524,"4",2916711,"1",
"980000",40833,"5",2916711,"1",
"980070",33528,"1",2916711,"1",
"980070",36487,"2",2916711,"1",
"980070",44566,"3",2916711,"1",
"980070",75524,"4",2916711,"1",
"980070",40833,"5",2916711,"1",
"900000",53202,"1",2916712,"1",
"900000",43443,"2",2916712,"1",
"900000",35862,"3",2916712,"1",
"900000",60482,"4",2916712,"1",
"900000",13800,"5",2916712,"1",
"980000",53202,"1",2916712,"1",
"980000",43443,"2",2916712,"1",
"980000",35862,"3",2916712,"1",
"980000",60482,"4",2916712,"1",
"980000",13800,"5",2916712,"1",
"980070",53202,"1",2916712,"1",
"980070",43443,"2",2916712,"1",
"980070",35862,"3",2916712,"1",
"980070",60482,"4",2916712,"1",
"980070",13800,"5",2916712,"1",
"900000",35000,"1",2916741,"1",
"900000",35000,"2",2916741,"1",
"900000",35000,"3",2916741,"1",
"900000",35000,"4",2916741,"1",
"900000",35000,"5",2916741,"1",
"980000",35000,"1",2916741,"1",
"980000",35000,"2",2916741,"1",
"980000",35000,"3",2916741,"1",
"980000",35000,"4",2916741,"1",
"980000",35000,"5",2916741,"1",
"980070",44161,"1",2916741,"1","T"
"980070",44161,"2",2916741,"1","T"
"980070",44161,"3",2916741,"1","T"
"980070",44161,"4",2916741,"1","T"
"980070",44161,"5",2916741,"1","T"
"900000",35000,"1",2916742,"1",
"900000",35000,"2",2916742,"1",
"900000",35000,"3",2916742,"1",
"900000",35000,"4",2916742,"1",
"900000",35000,"5",2916742,"1",
"980000",35000,"1",2916742,"1",
"980000",35000,"2",2916742,"1",
"980000",35000,"3",2916742,"1",
"980000",35000,"4",2916742,"1",
"980000",35000,"5",2916742,"1",
"980070",44161,"1",2916742,"1","T"
"980070",44161,"2",2916742,"1","T"
"980070",44161,"3",2916742,"1","T"
"980070",44161,"4",2916742,"1","T"
"980070",44161,"5",2916742,"1","T"
"900000",53000,"1",2916751,"1",
"900000",53000,"2",2916751,"1",
"900000",53000,"3",2916751,"1",
"900000",53000,"4",2916751,"1",
"900000",53000,"5",2916751,"1",
"900180",1,"1",2916751,"1",
"900180",1,"2",2916751,"1",
"900180",1,"3",2916751,"1",
"900180",1,"4",2916751,"1",
"900180",1,"5",2916751,"1",
"980000",53001,"1",2916751,"1",
"980000",53001,"2",2916751,"1",
"980000",53001,"3",2916751,"1",
"980000",53001,"4",2916751,"1",
"980000",53001,"5",2916751,"1",
"980070",54851,"1",2916751,"1",
"980070",54851,"2",2916751,"1",
"980070",54851,"3",2916751,"1",
"980070",54851,"4",2916751,"1",
"980070",54851,"5",2916751,"1",
"900000",53000,"1",2916752,"1",
"900000",53000,"2",2916752,"1",
"900000",53000,"3",2916752,"1",
"900000",53000,"4",2916752,"1",
"900000",53000,"5",2916752,"1",
"900180",1,"1",2916752,"1",
"900180",1,"2",2916752,"1",
"900180",1,"3",2916752,"1",
"900180",1,"4",2916752,"1",
"900180",1,"5",2916752,"1",
"980000",53001,"1",2916752,"1",
"980000",53001,"2",2916752,"1",
"980000",53001,"3",2916752,"1",
"980000",53001,"4",2916752,"1",
"980000",53001,"5",2916752,"1",
"980070",54851,"1",2916752,"1",
"980070",54851,"2",2916752,"1",
"980070",54851,"3",2916752,"1",
"980070",54851,"4",2916752,"1",
"980070",54851,"5",2916752,"1",
"900030",25980,"1",2916761,"1",
"900030",24132,"2",2916761,"1",
"900030",25800,"3",2916761,"1",
"900030",24408,"4",2916761,"1",
"900030",22428,"5",2916761,"1",
"900170",32589,"1",2916761,"1",
"900170",9921,"2",2916761,"1",
"900170",3440,"3",2916761,"1",
"900170",61545,"4",2916761,"1",
"900170",621,"5",2916761,"1",
"980000",58569,"1",2916761,"1",
"980000",34053,"2",2916761,"1",
"980000",29240,"3",2916761,"1",
"980000",85953,"4",2916761,"1",
"980000",23049,"5",2916761,"1",
"980070",58569,"1",2916761,"1",
"980070",34053,"2",2916761,"1",
"980070",29240,"3",2916761,"1",
"980070",85953,"4",2916761,"1",
"980070",23049,"5",2916761,"1",
"900030",25200,"1",2916762,"1",
"900030",23736,"2",2916762,"1",
"900030",23148,"3",2916762,"1",
"900030",22020,"4",2916762,"1",
"900030",25320,"5",2916762,"1",
"900170",71786,"1",2916762,"1","T"
"900170",71786,"2",2916762,"1","T"
"900170",71786,"3",2916762,"1","T"
"900170",71786,"4",2916762,"1","T"
"900170",71786,"5",2916762,"1","T"
"980000",95671,"1",2916762,"1","T"
"980000",95671,"2",2916762,"1","T"
"980000",95671,"3",2916762,"1","T"
"980000",95671,"4",2916762,"1","T"
"980000",95671,"5",2916762,"1","T"
"980070",95671,"1",2916762,"1","T"
"980070",95671,"2",2916762,"1","T"
"980070",95671,"3",2916762,"1","T"
"980070",95671,"4",2916762,"1","T"
"980070",95671,"5",2916762,"1","T"
"900090",9600,"1",2916771,"1",
"900090",9600,"2",2916771,"1",
"900090",9600,"3",2916771,"1",
"900090",9600,"4",2916771,"1",
"900090",9600,"5",2916771,"1",
"900170",16600,"1",2916771,"1",
"900170",16600,"2",2916771,"1",
"900170",16600,"3",2916771,"1",
"900170",16600,"4",2916771,"1",
"900170",16600,"5",2916771,"1",
"980000",26200,"1",2916771,"1",
"980000",26200,"2",2916771,"1",
"980000",26200,"3",2916771,"1",
"980000",26200,"4",2916771,"1",
"980000",26200,"5",2916771,"1",
"980070",26200,"1",2916771,"1",
"980070",26200,"2",2916771,"1",
"980070",26200,"3",2916771,"1",
"980070",26200,"4",2916771,"1",
"980070",26200,"5",2916771,"1",
"900090",9600,"1",2916772,"1",
"900090",9600,"2",2916772,"1",
"900090",9600,"3",2916772,"1",
"900090",9600,"4",2916772,"1",
"900090",9600,"5",2916772,"1",
"900170",16600,"1",2916772,"1",
"900170",16600,"2",2916772,"1",
"900170",16600,"3",2916772,"1",
"900170",16600,"4",2916772,"1",
"900170",16600,"5",2916772,"1",
"980000",26200,"1",2916772,"1",
"980000",26200,"2",2916772,"1",
"980000",26200,"3",2916772,"1",
"980000",26200,"4",2916772,"1",
"980000",26200,"5",2916772,"1",
"980070",26200,"1",2916772,"1",
"980070",26200,"2",2916772,"1",
"980070",26200,"3",2916772,"1",
"980070",26200,"4",2916772,"1",
"980070",26200,"5",2916772,"1",
"900000",31098,"1",2916811,"1",
"900000",31098,"2",2916811,"1",
"900000",31098,"3",2916811,"1",
"900000",31098,"4",2916811,"1",
"900000",31098,"5",2916811,"1",
"980000",31098,"1",2916811,"1",
"980000",31098,"2",2916811,"1",
"980000",31098,"3",2916811,"1",
"980000",31098,"4",2916811,"1",
"980000",31098,"5",2916811,"1",
"980070",34098,"1",2916811,"1",
"980070",34098,"2",2916811,"1",
"980070",34098,"3",2916811,"1",
"980070",34098,"4",2916811,"1",
"980070",34098,"5",2916811,"1",
"900000",31098,"1",2916812,"1",
"900000",31098,"2",2916812,"1",
"900000",31098,"3",2916812,"1",
"900000",31098,"4",2916812,"1",
"900000",31098,"5",2916812,"1",
"980000",31098,"1",2916812,"1",
"980000",31098,"2",2916812,"1",
"980000",31098,"3",2916812,"1",
"980000",31098,"4",2916812,"1",
"980000",31098,"5",2916812,"1",
"980070",34098,"1",2916812,"1",
"980070",34098,"2",2916812,"1",
"980070",34098,"3",2916812,"1",
"980070",34098,"4",2916812,"1",
"980070",34098,"5",2916812,"1",
"800940",4737,"1",2916841,"1",
"800940",9180,"2",2916841,"1",
"800940",7322,"3",2916841,"1",
"800940",5210,"4",2916841,"1",
"800940",7756,"5",2916841,"1",
"900000",95000,"1",2916841,"1",
"900000",95000,"2",2916841,"1",
"900000",95000,"3",2916841,"1",
"900000",95000,"4",2916841,"1",
"900000",95000,"5",2916841,"1",
"900160",962,"1",2916841,"1",
"900160",30000,"2",2916841,"1",
"900160",17859,"3",2916841,"1",
"900160",4051,"4",2916841,"1",
"900160",20692,"5",2916841,"1",
"980000",95962,"1",2916841,"1",
"980000",125000,"2",2916841,"1",
"980000",112859,"3",2916841,"1",
"980000",99051,"4",2916841,"1",
"980000",115692,"5",2916841,"1",
"980070",95962,"1",2916841,"1",
"980070",125000,"2",2916841,"1",
"980070",112859,"3",2916841,"1",
"980070",99051,"4",2916841,"1",
"980070",115692,"5",2916841,"1",
"800940",10967,"1",2916842,"1","T"
"800940",10967,"2",2916842,"1","T"
"800940",10967,"3",2916842,"1","T"
"800940",10967,"4",2916842,"1","T"
"800940",10967,"5",2916842,"1","T"
"900000",95000,"1",2916842,"1",
"900000",95000,"2",2916842,"1",
"900000",95000,"3",2916842,"1",
"900000",95000,"4",2916842,"1",
"900000",95000,"5",2916842,"1",
"900160",100633,"1",2916842,"1",
"900160",4186,"2",2916842,"1",
"900160",-5309,"3",2916842,"1",
"900160",4192,"4",2916842,"1",
"900160",62974,"5",2916842,"1",
"980000",195633,"1",2916842,"1",
"980000",99186,"2",2916842,"1",
"980000",89691,"3",2916842,"1",
"980000",99192,"4",2916842,"1",
"980000",157974,"5",2916842,"1",
"980070",195633,"1",2916842,"1",
"980070",99186,"2",2916842,"1",
"980070",89691,"3",2916842,"1",
"980070",99192,"4",2916842,"1",
"980070",157974,"5",2916842,"1",
"900030",22691,"1",2916861,"1",
"900030",22319,"2",2916861,"1",
"900030",25391,"3",2916861,"1",
"900030",25307,"4",2916861,"1",
"900030",27647,"5",2916861,"1",
"900170",42413,"1",2916861,"1",
"900170",47518,"2",2916861,"1",
"900170",48302,"3",2916861,"1",
"900170",49009,"4",2916861,"1",
"900170",40976,"5",2916861,"1",
"980000",65104,"1",2916861,"1",
"980000",69837,"2",2916861,"1",
"980000",73693,"3",2916861,"1",
"980000",74316,"4",2916861,"1",
"980000",68623,"5",2916861,"1",
"980070",68716,"1",2916861,"1",
"980070",73449,"2",2916861,"1",
"980070",77305,"3",2916861,"1",
"980070",77928,"4",2916861,"1",
"980070",72235,"5",2916861,"1",
"900030",25031,"1",2916862,"1",
"900030",25331,"2",2916862,"1",
"900030",28967,"3",2916862,"1",
"900030",26063,"4",2916862,"1",
"900030",27863,"5",2916862,"1",
"900170",42179,"1",2916862,"1",
"900170",45659,"2",2916862,"1",
"900170",42389,"3",2916862,"1",
"900170",40815,"4",2916862,"1",
"900170",43435,"5",2916862,"1",
"980000",67210,"1",2916862,"1",
"980000",70990,"2",2916862,"1",
"980000",71356,"3",2916862,"1",
"980000",66878,"4",2916862,"1",
"980000",71298,"5",2916862,"1",
"980070",70822,"1",2916862,"1",
"980070",74602,"2",2916862,"1",
"980070",74968,"3",2916862,"1",
"980070",70490,"4",2916862,"1",
"980070",74910,"5",2916862,"1",
"900090",1240,"1",2916881,"1",
"900090",1240,"2",2916881,"1",
"900090",1240,"3",2916881,"1",
"900090",1240,"4",2916881,"1",
"900090",1240,"5",2916881,"1",
"900150",2640,"1",2916881,"1",
"900150",2640,"2",2916881,"1",
"900150",2640,"3",2916881,"1",
"900150",2640,"4",2916881,"1",
"900150",2640,"5",2916881,"1",
"980000",3880,"1",2916881,"1",
"980000",3880,"2",2916881,"1",
"980000",3880,"3",2916881,"1",
"980000",3880,"4",2916881,"1",
"980000",3880,"5",2916881,"1",
"980070",3880,"1",2916881,"1",
"980070",3880,"2",2916881,"1",
"980070",3880,"3",2916881,"1",
"980070",3880,"4",2916881,"1",
"980070",3880,"5",2916881,"1",
"900090",1240,"1",2916882,"1",
"900090",1240,"2",2916882,"1",
"900090",1240,"3",2916882,"1",
"900090",1240,"4",2916882,"1",
"900090",1240,"5",2916882,"1",
"900150",2640,"1",2916882,"1",
"900150",2640,"2",2916882,"1",
"900150",2640,"3",2916882,"1",
"900150",2640,"4",2916882,"1",
"900150",2640,"5",2916882,"1",
"980000",3880,"1",2916882,"1",
"980000",3880,"2",2916882,"1",
"980000",3880,"3",2916882,"1",
"980000",3880,"4",2916882,"1",
"980000",3880,"5",2916882,"1",
"980070",3880,"1",2916882,"1",
"980070",3880,"2",2916882,"1",
"980070",3880,"3",2916882,"1",
"980070",3880,"4",2916882,"1",
"980070",3880,"5",2916882,"1",
"900030",31198,"1",2916891,"1",
"900030",31198,"2",2916891,"1",
"900030",31198,"3",2916891,"1",
"900030",31198,"4",2916891,"1",
"900030",31198,"5",2916891,"1",
"980000",31198,"1",2916891,"1",
"980000",31198,"2",2916891,"1",
"980000",31198,"3",2916891,"1",
"980000",31198,"4",2916891,"1",
"980000",31198,"5",2916891,"1",
"980070",31198,"1",2916891,"1",
"980070",31198,"2",2916891,"1",
"980070",31198,"3",2916891,"1",
"980070",31198,"4",2916891,"1",
"980070",31198,"5",2916891,"1",
"900030",31198,"1",2916892,"1",
"900030",31198,"2",2916892,"1",
"900030",31198,"3",2916892,"1",
"900030",31198,"4",2916892,"1",
"900030",31198,"5",2916892,"1",
"980000",31198,"1",2916892,"1",
"980000",31198,"2",2916892,"1",
"980000",31198,"3",2916892,"1",
"980000",31198,"4",2916892,"1",
"980000",31198,"5",2916892,"1",
"980070",31198,"1",2916892,"1",
"980070",31198,"2",2916892,"1",
"980070",31198,"3",2916892,"1",
"980070",31198,"4",2916892,"1",
"980070",31198,"5",2916892,"1",
"900000",37000,"1",2916902,"1",
"900000",37000,"2",2916902,"1",
"900000",37000,"3",2916902,"1",
"900000",37000,"4",2916902,"1",
"900000",37000,"5",2916902,"1",
"900170",15600,"1",2916902,"1",
"900170",15600,"2",2916902,"1",
"900170",15600,"3",2916902,"1",
"900170",15600,"4",2916902,"1",
"900170",15600,"5",2916902,"1",
"900210",1560,"1",2916902,"1",
"900210",1560,"2",2916902,"1",
"900210",1560,"3",2916902,"1",
"900210",1560,"4",2916902,"1",
"900210",1560,"5",2916902,"1",
"980000",54160,"1",2916902,"1",
"980000",54160,"2",2916902,"1",
"980000",54160,"3",2916902,"1",
"980000",54160,"4",2916902,"1",
"980000",54160,"5",2916902,"1",
"980070",54160,"1",2916902,"1",
"980070",54160,"2",2916902,"1",
"980070",54160,"3",2916902,"1",
"980070",54160,"4",2916902,"1",
"980070",54160,"5",2916902,"1",
"900000",54000,"1",2916911,"1",
"900000",54000,"2",2916911,"1",
"900000",54000,"3",2916911,"1",
"900000",54000,"4",2916911,"1",
"900000",54000,"5",2916911,"1",
"900090",20400,"1",2916911,"1",
"900090",20400,"2",2916911,"1",
"900090",20400,"3",2916911,"1",
"900090",20400,"4",2916911,"1",
"900090",20400,"5",2916911,"1",
"900180",50,"1",2916911,"1",
"900180",50,"2",2916911,"1",
"900180",50,"3",2916911,"1",
"900180",50,"4",2916911,"1",
"900180",50,"5",2916911,"1",
"980000",74450,"1",2916911,"1",
"980000",74450,"2",2916911,"1",
"980000",74450,"3",2916911,"1",
"980000",74450,"4",2916911,"1",
"980000",74450,"5",2916911,"1",
"980070",76150,"1",2916911,"1",
"980070",76150,"2",2916911,"1",
"980070",76150,"3",2916911,"1",
"980070",76150,"4",2916911,"1",
"980070",76150,"5",2916911,"1",
"900000",54000,"1",2916912,"1",
"900000",54000,"2",2916912,"1",
"900000",54000,"3",2916912,"1",
"900000",54000,"4",2916912,"1",
"900000",54000,"5",2916912,"1",
"900090",20400,"1",2916912,"1",
"900090",20400,"2",2916912,"1",
"900090",20400,"3",2916912,"1",
"900090",20400,"4",2916912,"1",
"900090",20400,"5",2916912,"1",
"900180",50,"1",2916912,"1",
"900180",50,"2",2916912,"1",
"900180",50,"3",2916912,"1",
"900180",50,"4",2916912,"1",
"900180",50,"5",2916912,"1",
"980000",74450,"1",2916912,"1",
"980000",74450,"2",2916912,"1",
"980000",74450,"3",2916912,"1",
"980000",74450,"4",2916912,"1",
"980000",74450,"5",2916912,"1",
"980070",76150,"1",2916912,"1",
"980070",76150,"2",2916912,"1",
"980070",76150,"3",2916912,"1",
"980070",76150,"4",2916912,"1",
"980070",76150,"5",2916912,"1",
"900000",7662,"1",2916921,"1",
"900000",6626,"2",2916921,"1",
"900000",5168,"3",2916921,"1",
"900000",5864,"4",2916921,"1",
"900000",5427,"5",2916921,"1",
"900030",28874,"1",2916921,"1",
"900030",28874,"2",2916921,"1",
"900030",28874,"3",2916921,"1",
"900030",28874,"4",2916921,"1",
"900030",28874,"5",2916921,"1",
"900170",19366,"1",2916921,"1",
"900170",16161,"2",2916921,"1",
"900170",16796,"3",2916921,"1",
"900170",16538,"4",2916921,"1",
"900170",16349,"5",2916921,"1",
"980000",55902,"1",2916921,"1",
"980000",51661,"2",2916921,"1",
"980000",50838,"3",2916921,"1",
"980000",51276,"4",2916921,"1",
"980000",50650,"5",2916921,"1",
"980070",56102,"1",2916921,"1",
"980070",51861,"2",2916921,"1",
"980070",51038,"3",2916921,"1",
"980070",51476,"4",2916921,"1",
"980070",50850,"5",2916921,"1",
"900030",29590,"1",2916961,"1",
"900030",29590,"2",2916961,"1",
"900030",29590,"3",2916961,"1",
"900030",29590,"4",2916961,"1",
"900030",29590,"5",2916961,"1",
"900170",401,"1",2916961,"1",
"900170",401,"2",2916961,"1",
"900170",401,"3",2916961,"1",
"900170",401,"4",2916961,"1",
"900170",401,"5",2916961,"1",
"900180",15,"1",2916961,"1",
"900180",6,"2",2916961,"1",
"900180",52,"3",2916961,"1",
"900180",100,"4",2916961,"1",
"900180",64,"5",2916961,"1",
"980000",30006,"1",2916961,"1",
"980000",29997,"2",2916961,"1",
"980000",30043,"3",2916961,"1",
"980000",30091,"4",2916961,"1",
"980000",30055,"5",2916961,"1",
"980070",30006,"1",2916961,"1",
"980070",29997,"2",2916961,"1",
"980070",30043,"3",2916961,"1",
"980070",30091,"4",2916961,"1",
"980070",30055,"5",2916961,"1",
"900030",29590,"1",2916962,"1",
"900030",29590,"2",2916962,"1",
"900030",29590,"3",2916962,"1",
"900030",29590,"4",2916962,"1",
"900030",29590,"5",2916962,"1",
"900170",401,"1",2916962,"1",
"900170",401,"2",2916962,"1",
"900170",401,"3",2916962,"1",
"900170",401,"4",2916962,"1",
"900170",401,"5",2916962,"1",
"900180",127,"1",2916962,"1",
"900180",40,"2",2916962,"1",
"900180",447,"3",2916962,"1",
"900180",4,"4",2916962,"1",
"900180",44,"5",2916962,"1",
"980000",30118,"1",2916962,"1",
"980000",30031,"2",2916962,"1",
"980000",30438,"3",2916962,"1",
"980000",29995,"4",2916962,"1",
"980000",30035,"5",2916962,"1",
"980070",30118,"1",2916962,"1",
"980070",30031,"2",2916962,"1",
"980070",30438,"3",2916962,"1",
"980070",29995,"4",2916962,"1",
"980070",30035,"5",2916962,"1",
"900000",670,"1",2916991,"1",
"900000",670,"2",2916991,"1",
"900000",670,"3",2916991,"1",
"900000",670,"4",2916991,"1",
"900000",670,"5",2916991,"1",
"980000",670,"1",2916991,"1",
"980000",670,"2",2916991,"1",
"980000",670,"3",2916991,"1",
"980000",670,"4",2916991,"1",
"980000",670,"5",2916991,"1",
"980070",670,"1",2916991,"1",
"980070",670,"2",2916991,"1",
"980070",670,"3",2916991,"1",
"980070",670,"4",2916991,"1",
"980070",670,"5",2916991,"1",
"900000",670,"1",2916992,"1",
"900000",670,"2",2916992,"1",
"900000",670,"3",2916992,"1",
"900000",670,"4",2916992,"1",
"900000",670,"5",2916992,"1",
"980000",670,"1",2916992,"1",
"980000",670,"2",2916992,"1",
"980000",670,"3",2916992,"1",
"980000",670,"4",2916992,"1",
"980000",670,"5",2916992,"1",
"980070",670,"1",2916992,"1",
"980070",670,"2",2916992,"1",
"980070",670,"3",2916992,"1",
"980070",670,"4",2916992,"1",
"980070",670,"5",2916992,"1",
"900030",9155,"1",2917001,"1",
"900030",9155,"2",2917001,"1",
"900030",9155,"3",2917001,"1",
"900030",9155,"4",2917001,"1",
"900030",9155,"5",2917001,"1",
"900090",83,"1",2917001,"1",
"900090",83,"2",2917001,"1",
"900090",83,"3",2917001,"1",
"900090",83,"4",2917001,"1",
"900090",83,"5",2917001,"1",
"900120",240,"1",2917001,"1",
"900120",240,"2",2917001,"1",
"900120",240,"3",2917001,"1",
"900120",240,"4",2917001,"1",
"900120",240,"5",2917001,"1",
"900150",1656,"1",2917001,"1",
"900150",1656,"2",2917001,"1",
"900150",1656,"3",2917001,"1",
"900150",1656,"4",2917001,"1",
"900150",1656,"5",2917001,"1",
"980000",11134,"1",2917001,"1",
"980000",11134,"2",2917001,"1",
"980000",11134,"3",2917001,"1",
"980000",11134,"4",2917001,"1",
"980000",11134,"5",2917001,"1",
"980070",11134,"1",2917001,"1",
"980070",11134,"2",2917001,"1",
"980070",11134,"3",2917001,"1",
"980070",11134,"4",2917001,"1",
"980070",11134,"5",2917001,"1",
"900030",9155,"1",2917002,"1",
"900030",9155,"2",2917002,"1",
"900030",9155,"3",2917002,"1",
"900030",9155,"4",2917002,"1",
"900030",9155,"5",2917002,"1",
"900090",83,"1",2917002,"1",
"900090",83,"2",2917002,"1",
"900090",83,"3",2917002,"1",
"900090",83,"4",2917002,"1",
"900090",83,"5",2917002,"1",
"900120",240,"1",2917002,"1",
"900120",240,"2",2917002,"1",
"900120",240,"3",2917002,"1",
"900120",240,"4",2917002,"1",
"900120",240,"5",2917002,"1",
"900150",1656,"1",2917002,"1",
"900150",1656,"2",2917002,"1",
"900150",1656,"3",2917002,"1",
"900150",1656,"4",2917002,"1",
"900150",1656,"5",2917002,"1",
"980000",11134,"1",2917002,"1",
"980000",11134,"2",2917002,"1",
"980000",11134,"3",2917002,"1",
"980000",11134,"4",2917002,"1",
"980000",11134,"5",2917002,"1",
"980070",11134,"1",2917002,"1",
"980070",11134,"2",2917002,"1",
"980070",11134,"3",2917002,"1",
"980070",11134,"4",2917002,"1",
"980070",11134,"5",2917002,"1",
"900000",55000,"1",2917011,"1",
"900000",55000,"2",2917011,"1",
"900000",55000,"3",2917011,"1",
"900000",55000,"4",2917011,"1",
"900000",55000,"5",2917011,"1",
"980000",55000,"1",2917011,"1",
"980000",55000,"2",2917011,"1",
"980000",55000,"3",2917011,"1",
"980000",55000,"4",2917011,"1",
"980000",55000,"5",2917011,"1",
"980070",55000,"1",2917011,"1",
"980070",55000,"2",2917011,"1",
"980070",55000,"3",2917011,"1",
"980070",55000,"4",2917011,"1",
"980070",55000,"5",2917011,"1",
"900000",55000,"1",2917012,"1",
"900000",55000,"2",2917012,"1",
"900000",55000,"3",2917012,"1",
"900000",55000,"4",2917012,"1",
"900000",55000,"5",2917012,"1",
"980000",55000,"1",2917012,"1",
"980000",55000,"2",2917012,"1",
"980000",55000,"3",2917012,"1",
"980000",55000,"4",2917012,"1",
"980000",55000,"5",2917012,"1",
"980070",55000,"1",2917012,"1",
"980070",55000,"2",2917012,"1",
"980070",55000,"3",2917012,"1",
"980070",55000,"4",2917012,"1",
"980070",55000,"5",2917012,"1",
"900030",9659,"1",2917031,"1",
"900030",9659,"2",2917031,"1",
"900030",9659,"3",2917031,"1",
"900030",9659,"4",2917031,"1",
"900030",9659,"5",2917031,"1",
"980000",9659,"1",2917031,"1",
"980000",9659,"2",2917031,"1",
"980000",9659,"3",2917031,"1",
"980000",9659,"4",2917031,"1",
"980000",9659,"5",2917031,"1",
"980070",9659,"1",2917031,"1",
"980070",9659,"2",2917031,"1",
"980070",9659,"3",2917031,"1",
"980070",9659,"4",2917031,"1",
"980070",9659,"5",2917031,"1",
"900030",9659,"1",2917032,"1",
"900030",9659,"2",2917032,"1",
"900030",9659,"3",2917032,"1",
"900030",9659,"4",2917032,"1",
"900030",9659,"5",2917032,"1",
"980000",9659,"1",2917032,"1",
"980000",9659,"2",2917032,"1",
"980000",9659,"3",2917032,"1",
"980000",9659,"4",2917032,"1",
"980000",9659,"5",2917032,"1",
"980070",9659,"1",2917032,"1",
"980070",9659,"2",2917032,"1",
"980070",9659,"3",2917032,"1",
"980070",9659,"4",2917032,"1",
"980070",9659,"5",2917032,"1",
"900000",53000,"1",2917041,"1",
"900000",53000,"2",2917041,"1",
"900000",53000,"3",2917041,"1",
"900000",53000,"4",2917041,"1",
"900000",53000,"5",2917041,"1",
"900180",43,"1",2917041,"1",
"900180",43,"2",2917041,"1",
"900180",43,"3",2917041,"1",
"900180",43,"4",2917041,"1",
"900180",43,"5",2917041,"1",
"980000",53043,"1",2917041,"1",
"980000",53043,"2",2917041,"1",
"980000",53043,"3",2917041,"1",
"980000",53043,"4",2917041,"1",
"980000",53043,"5",2917041,"1",
"980070",53043,"1",2917041,"1",
"980070",53043,"2",2917041,"1",
"980070",53043,"3",2917041,"1",
"980070",53043,"4",2917041,"1",
"980070",53043,"5",2917041,"1",
"900000",53000,"1",2917042,"1",
"900000",53000,"2",2917042,"1",
"900000",53000,"3",2917042,"1",
"900000",53000,"4",2917042,"1",
"900000",53000,"5",2917042,"1",
"900180",43,"1",2917042,"1",
"900180",43,"2",2917042,"1",
"900180",43,"3",2917042,"1",
"900180",43,"4",2917042,"1",
"900180",43,"5",2917042,"1",
"980000",53043,"1",2917042,"1",
"980000",53043,"2",2917042,"1",
"980000",53043,"3",2917042,"1",
"980000",53043,"4",2917042,"1",
"980000",53043,"5",2917042,"1",
"980070",53043,"1",2917042,"1",
"980070",53043,"2",2917042,"1",
"980070",53043,"3",2917042,"1",
"980070",53043,"4",2917042,"1",
"980070",53043,"5",2917042,"1",
"900000",61389,"1",2917051,"1",
"900000",70663,"2",2917051,"1",
"900000",60446,"3",2917051,"1",
"900000",57649,"4",2917051,"1",
"900000",56804,"5",2917051,"1",
"980000",61389,"1",2917051,"1",
"980000",70663,"2",2917051,"1",
"980000",60446,"3",2917051,"1",
"980000",57649,"4",2917051,"1",
"980000",56804,"5",2917051,"1",
"980070",61389,"1",2917051,"1",
"980070",70663,"2",2917051,"1",
"980070",60446,"3",2917051,"1",
"980070",57649,"4",2917051,"1",
"980070",56804,"5",2917051,"1",
"900000",56396,"1",2917052,"1",
"900000",59065,"2",2917052,"1",
"900000",63470,"3",2917052,"1",
"900000",62637,"4",2917052,"1",
"900000",62607,"5",2917052,"1",
"980000",56396,"1",2917052,"1",
"980000",59065,"2",2917052,"1",
"980000",63470,"3",2917052,"1",
"980000",62637,"4",2917052,"1",
"980000",62607,"5",2917052,"1",
"980070",56396,"1",2917052,"1",
"980070",59065,"2",2917052,"1",
"980070",63470,"3",2917052,"1",
"980070",62637,"4",2917052,"1",
"980070",62607,"5",2917052,"1",
"900170",16800,"1",2917071,"1",
"900170",16800,"2",2917071,"1",
"900170",16800,"3",2917071,"1",
"900170",16800,"4",2917071,"1",
"900170",16800,"5",2917071,"1",
"980000",16800,"1",2917071,"1",
"980000",16800,"2",2917071,"1",
"980000",16800,"3",2917071,"1",
"980000",16800,"4",2917071,"1",
"980000",16800,"5",2917071,"1",
"980070",16800,"1",2917071,"1",
"980070",16800,"2",2917071,"1",
"980070",16800,"3",2917071,"1",
"980070",16800,"4",2917071,"1",
"980070",16800,"5",2917071,"1",
"900170",16800,"1",2917072,"1",
"900170",16800,"2",2917072,"1",
"900170",16800,"3",2917072,"1",
"900170",16800,"4",2917072,"1",
"900170",16800,"5",2917072,"1",
"980000",16800,"1",2917072,"1",
"980000",16800,"2",2917072,"1",
"980000",16800,"3",2917072,"1",
"980000",16800,"4",2917072,"1",
"980000",16800,"5",2917072,"1",
"980070",16800,"1",2917072,"1",
"980070",16800,"2",2917072,"1",
"980070",16800,"3",2917072,"1",
"980070",16800,"4",2917072,"1",
"980070",16800,"5",2917072,"1",
"900000",62872,"1",2917091,"1",
"900000",63927,"2",2917091,"1",
"900000",63732,"3",2917091,"1",
"900000",67450,"4",2917091,"1",
"900000",63933,"5",2917091,"1",
"980000",62872,"1",2917091,"1",
"980000",63927,"2",2917091,"1",
"980000",63732,"3",2917091,"1",
"980000",67450,"4",2917091,"1",
"980000",63933,"5",2917091,"1",
"980070",62872,"1",2917091,"1",
"980070",63927,"2",2917091,"1",
"980070",63732,"3",2917091,"1",
"980070",67450,"4",2917091,"1",
"980070",63933,"5",2917091,"1",
"900000",63565,"1",2917092,"1",
"900000",70334,"2",2917092,"1",
"900000",65876,"3",2917092,"1",
"900000",64267,"4",2917092,"1",
"900000",63554,"5",2917092,"1",
"980000",63565,"1",2917092,"1",
"980000",70334,"2",2917092,"1",
"980000",65876,"3",2917092,"1",
"980000",64267,"4",2917092,"1",
"980000",63554,"5",2917092,"1",
"980070",63565,"1",2917092,"1",
"980070",70334,"2",2917092,"1",
"980070",65876,"3",2917092,"1",
"980070",64267,"4",2917092,"1",
"980070",63554,"5",2917092,"1",
"900030",7464,"1",2917121,"1",
"900030",6120,"2",2917121,"1",
"900030",11136,"3",2917121,"1",
"900030",7944,"4",2917121,"1",
"900030",21516,"5",2917121,"1",
"980000",7464,"1",2917121,"1",
"980000",6120,"2",2917121,"1",
"980000",11136,"3",2917121,"1",
"980000",7944,"4",2917121,"1",
"980000",21516,"5",2917121,"1",
"980070",7464,"1",2917121,"1",
"980070",6120,"2",2917121,"1",
"980070",11136,"3",2917121,"1",
"980070",7944,"4",2917121,"1",
"980070",21516,"5",2917121,"1",
"900030",6624,"1",2917122,"1",
"900030",3720,"2",2917122,"1",
"900030",6528,"3",2917122,"1",
"900030",1968,"4",2917122,"1",
"900030",12036,"5",2917122,"1",
"980000",6624,"1",2917122,"1",
"980000",3720,"2",2917122,"1",
"980000",6528,"3",2917122,"1",
"980000",1968,"4",2917122,"1",
"980000",12036,"5",2917122,"1",
"980070",6624,"1",2917122,"1",
"980070",3720,"2",2917122,"1",
"980070",6528,"3",2917122,"1",
"980070",1968,"4",2917122,"1",
"980070",12036,"5",2917122,"1",
"900090",9600,"1",2917141,"1",
"900090",9600,"2",2917141,"1",
"900090",9600,"3",2917141,"1",
"900090",9600,"4",2917141,"1",
"900090",9600,"5",2917141,"1",
"980000",9600,"1",2917141,"1",
"980000",9600,"2",2917141,"1",
"980000",9600,"3",2917141,"1",
"980000",9600,"4",2917141,"1",
"980000",9600,"5",2917141,"1",
"980070",9600,"1",2917141,"1",
"980070",9600,"2",2917141,"1",
"980070",9600,"3",2917141,"1",
"980070",9600,"4",2917141,"1",
"980070",9600,"5",2917141,"1",
"900090",9600,"1",2917142,"1",
"900090",9600,"2",2917142,"1",
"900090",9600,"3",2917142,"1",
"900090",9600,"4",2917142,"1",
"900090",9600,"5",2917142,"1",
"980000",9600,"1",2917142,"1",
"980000",9600,"2",2917142,"1",
"980000",9600,"3",2917142,"1",
"980000",9600,"4",2917142,"1",
"980000",9600,"5",2917142,"1",
"980070",9600,"1",2917142,"1",
"980070",9600,"2",2917142,"1",
"980070",9600,"3",2917142,"1",
"980070",9600,"4",2917142,"1",
"980070",9600,"5",2917142,"1",
"900000",43000,"1",2917161,"1",
"900000",43000,"2",2917161,"1",
"900000",43000,"3",2917161,"1",
"900000",43000,"4",2917161,"1",
"900000",43000,"5",2917161,"1",
"900160",12000,"1",2917161,"1",
"900160",12000,"2",2917161,"1",
"900160",12000,"3",2917161,"1",
"900160",12000,"4",2917161,"1",
"900160",12000,"5",2917161,"1",
"900180",25,"1",2917161,"1",
"900180",34,"2",2917161,"1",
"900180",34,"3",2917161,"1",
"900180",133,"4",2917161,"1",
"900180",120,"5",2917161,"1",
"980000",55025,"1",2917161,"1",
"980000",55034,"2",2917161,"1",
"980000",55034,"3",2917161,"1",
"980000",55133,"4",2917161,"1",
"980000",55120,"5",2917161,"1",
"980070",57725,"1",2917161,"1",
"980070",57734,"2",2917161,"1",
"980070",57734,"3",2917161,"1",
"980070",57833,"4",2917161,"1",
"980070",57820,"5",2917161,"1",
"900000",43000,"1",2917162,"1",
"900000",43000,"2",2917162,"1",
"900000",43000,"3",2917162,"1",
"900000",43000,"4",2917162,"1",
"900000",43000,"5",2917162,"1",
"900160",12000,"1",2917162,"1",
"900160",12000,"2",2917162,"1",
"900160",12000,"3",2917162,"1",
"900160",12000,"4",2917162,"1",
"900160",12000,"5",2917162,"1",
"900180",139,"1",2917162,"1",
"900180",142,"2",2917162,"1",
"900180",3,"3",2917162,"1",
"900180",68,"4",2917162,"1",
"900180",23,"5",2917162,"1",
"980000",55139,"1",2917162,"1",
"980000",55142,"2",2917162,"1",
"980000",55003,"3",2917162,"1",
"980000",55068,"4",2917162,"1",
"980000",55023,"5",2917162,"1",
"980070",57839,"1",2917162,"1",
"980070",57842,"2",2917162,"1",
"980070",57703,"3",2917162,"1",
"980070",57768,"4",2917162,"1",
"980070",57723,"5",2917162,"1",
"900000",50000,"1",2917171,"1",
"900000",50000,"2",2917171,"1",
"900000",50000,"3",2917171,"1",
"900000",50000,"4",2917171,"1",
"900000",50000,"5",2917171,"1",
"900180",300,"1",2917171,"1",
"900180",300,"2",2917171,"1",
"900180",300,"3",2917171,"1",
"900180",300,"4",2917171,"1",
"900180",300,"5",2917171,"1",
"980000",50300,"1",2917171,"1",
"980000",50300,"2",2917171,"1",
"980000",50300,"3",2917171,"1",
"980000",50300,"4",2917171,"1",
"980000",50300,"5",2917171,"1",
"980070",50300,"1",2917171,"1",
"980070",50300,"2",2917171,"1",
"980070",50300,"3",2917171,"1",
"980070",50300,"4",2917171,"1",
"980070",50300,"5",2917171,"1",
"900000",50000,"1",2917172,"1",
"900000",50000,"2",2917172,"1",
"900000",50000,"3",2917172,"1",
"900000",50000,"4",2917172,"1",
"900000",50000,"5",2917172,"1",
"900180",300,"1",2917172,"1",
"900180",300,"2",2917172,"1",
"900180",300,"3",2917172,"1",
"900180",300,"4",2917172,"1",
"900180",300,"5",2917172,"1",
"980000",50300,"1",2917172,"1",
"980000",50300,"2",2917172,"1",
"980000",50300,"3",2917172,"1",
"980000",50300,"4",2917172,"1",
"980000",50300,"5",2917172,"1",
"980070",50300,"1",2917172,"1",
"980070",50300,"2",2917172,"1",
"980070",50300,"3",2917172,"1",
"980070",50300,"4",2917172,"1",
"980070",50300,"5",2917172,"1",
"900090",6000,"1",2917191,"1",
"900090",6000,"2",2917191,"1",
"900090",6000,"3",2917191,"1",
"900090",6000,"4",2917191,"1",
"900090",6000,"5",2917191,"1",
"900170",600,"1",2917191,"1",
"900170",600,"2",2917191,"1",
"900170",600,"3",2917191,"1",
"900170",600,"4",2917191,"1",
"900170",600,"5",2917191,"1",
"980000",6600,"1",2917191,"1",
"980000",6600,"2",2917191,"1",
"980000",6600,"3",2917191,"1",
"980000",6600,"4",2917191,"1",
"980000",6600,"5",2917191,"1",
"980070",6600,"1",2917191,"1",
"980070",6600,"2",2917191,"1",
"980070",6600,"3",2917191,"1",
"980070",6600,"4",2917191,"1",
"980070",6600,"5",2917191,"1",
"900090",6000,"1",2917192,"1",
"900090",6000,"2",2917192,"1",
"900090",6000,"3",2917192,"1",
"900090",6000,"4",2917192,"1",
"900090",6000,"5",2917192,"1",
"900170",600,"1",2917192,"1",
"900170",600,"2",2917192,"1",
"900170",600,"3",2917192,"1",
"900170",600,"4",2917192,"1",
"900170",600,"5",2917192,"1",
"980000",6600,"1",2917192,"1",
"980000",6600,"2",2917192,"1",
"980000",6600,"3",2917192,"1",
"980000",6600,"4",2917192,"1",
"980000",6600,"5",2917192,"1",
"980070",6600,"1",2917192,"1",
"980070",6600,"2",2917192,"1",
"980070",6600,"3",2917192,"1",
"980070",6600,"4",2917192,"1",
"980070",6600,"5",2917192,"1",
"900000",205487,"1",2917231,"1","T"
"900000",205487,"2",2917231,"1","T"
"900000",205487,"3",2917231,"1","T"
"900000",205487,"4",2917231,"1","T"
"900000",205487,"5",2917231,"1","T"
"900170",10720,"1",2917231,"1",
"900170",11380,"2",2917231,"1",
"900170",11540,"3",2917231,"1",
"900170",12173,"4",2917231,"1",
"900170",11927,"5",2917231,"1",
"980000",217035,"1",2917231,"1","T"
"980000",217035,"2",2917231,"1","T"
"980000",217035,"3",2917231,"1","T"
"980000",217035,"4",2917231,"1","T"
"980000",217035,"5",2917231,"1","T"
"980070",217035,"1",2917231,"1","T"
"980070",217035,"2",2917231,"1","T"
"980070",217035,"3",2917231,"1","T"
"980070",217035,"4",2917231,"1","T"
"980070",217035,"5",2917231,"1","T"
"900000",205487,"1",2917232,"1","T"
"900000",205487,"2",2917232,"1","T"
"900000",205487,"3",2917232,"1","T"
"900000",205487,"4",2917232,"1","T"
"900000",205487,"5",2917232,"1","T"
"900170",11440,"1",2917232,"1",
"900170",12137,"2",2917232,"1",
"900170",10241,"3",2917232,"1",
"900170",10483,"4",2917232,"1",
"900170",10814,"5",2917232,"1",
"980000",216510,"1",2917232,"1","T"
"980000",216510,"2",2917232,"1","T"
"980000",216510,"3",2917232,"1","T"
"980000",216510,"4",2917232,"1","T"
"980000",216510,"5",2917232,"1","T"
"980070",216510,"1",2917232,"1","T"
"980070",216510,"2",2917232,"1","T"
"980070",216510,"3",2917232,"1","T"
"980070",216510,"4",2917232,"1","T"
"980070",216510,"5",2917232,"1","T"
"900000",12254,"1",2917241,"1",
"900000",45333,"2",2917241,"1",
"900000",13246,"3",2917241,"1",
"900000",10063,"4",2917241,"1",
"900000",49981,"5",2917241,"1",
"980000",12254,"1",2917241,"1",
"980000",45333,"2",2917241,"1",
"980000",13246,"3",2917241,"1",
"980000",10063,"4",2917241,"1",
"980000",49981,"5",2917241,"1",
"980070",12254,"1",2917241,"1",
"980070",45333,"2",2917241,"1",
"980070",13246,"3",2917241,"1",
"980070",10063,"4",2917241,"1",
"980070",49981,"5",2917241,"1",
"900000",22156,"1",2917242,"1",
"900000",51453,"2",2917242,"1",
"900000",34897,"3",2917242,"1",
"900000",33896,"4",2917242,"1",
"900000",16468,"5",2917242,"1",
"980000",22156,"1",2917242,"1",
"980000",51453,"2",2917242,"1",
"980000",34897,"3",2917242,"1",
"980000",33896,"4",2917242,"1",
"980000",16468,"5",2917242,"1",
"980070",22156,"1",2917242,"1",
"980070",51453,"2",2917242,"1",
"980070",34897,"3",2917242,"1",
"980070",33896,"4",2917242,"1",
"980070",16468,"5",2917242,"1",
"900000",41345,"1",2917271,"1",
"900000",50205,"2",2917271,"1",
"900000",62425,"3",2917271,"1",
"900000",52687,"4",2917271,"1",
"900000",42952,"5",2917271,"1",
"980000",41345,"1",2917271,"1",
"980000",50205,"2",2917271,"1",
"980000",62425,"3",2917271,"1",
"980000",52687,"4",2917271,"1",
"980000",42952,"5",2917271,"1",
"980070",41345,"1",2917271,"1",
"980070",50205,"2",2917271,"1",
"980070",62425,"3",2917271,"1",
"980070",52687,"4",2917271,"1",
"980070",42952,"5",2917271,"1",
"900000",49946,"1",2917272,"1",
"900000",85453,"2",2917272,"1",
"900000",72911,"3",2917272,"1",
"900000",25567,"4",2917272,"1",
"900000",69324,"5",2917272,"1",
"980000",49946,"1",2917272,"1",
"980000",85453,"2",2917272,"1",
"980000",72911,"3",2917272,"1",
"980000",25567,"4",2917272,"1",
"980000",69324,"5",2917272,"1",
"980070",49946,"1",2917272,"1",
"980070",85453,"2",2917272,"1",
"980070",72911,"3",2917272,"1",
"980070",25567,"4",2917272,"1",
"980070",69324,"5",2917272,"1",
"900000",63496,"1",2917281,"1",
"900000",57705,"2",2917281,"1",
"900000",61029,"3",2917281,"1",
"900000",61122,"4",2917281,"1",
"900000",59687,"5",2917281,"1",
"980000",63496,"1",2917281,"1",
"980000",57705,"2",2917281,"1",
"980000",61029,"3",2917281,"1",
"980000",61122,"4",2917281,"1",
"980000",59687,"5",2917281,"1",
"980070",67296,"1",2917281,"1",
"980070",61505,"2",2917281,"1",
"980070",64829,"3",2917281,"1",
"980070",64922,"4",2917281,"1",
"980070",63487,"5",2917281,"1",
"900000",53993,"1",2917282,"1",
"900000",64645,"2",2917282,"1",
"900000",56890,"3",2917282,"1",
"900000",57668,"4",2917282,"1",
"900000",64988,"5",2917282,"1",
"980000",53993,"1",2917282,"1",
"980000",64645,"2",2917282,"1",
"980000",56890,"3",2917282,"1",
"980000",57668,"4",2917282,"1",
"980000",64988,"5",2917282,"1",
"980070",57793,"1",2917282,"1",
"980070",68445,"2",2917282,"1",
"980070",60690,"3",2917282,"1",
"980070",61468,"4",2917282,"1",
"980070",68788,"5",2917282,"1",
"900000",76000,"1",2917311,"1",
"900000",76000,"2",2917311,"1",
"900000",76000,"3",2917311,"1",
"900000",76000,"4",2917311,"1",
"900000",76000,"5",2917311,"1",
"900150",189,"1",2917311,"1",
"900150",189,"2",2917311,"1",
"900150",189,"3",2917311,"1",
"900150",189,"4",2917311,"1",
"900150",189,"5",2917311,"1",
"980000",76189,"1",2917311,"1",
"980000",76189,"2",2917311,"1",
"980000",76189,"3",2917311,"1",
"980000",76189,"4",2917311,"1",
"980000",76189,"5",2917311,"1",
"980070",75846,"1",2917311,"1",
"980070",75846,"2",2917311,"1",
"980070",75846,"3",2917311,"1",
"980070",75846,"4",2917311,"1",
"980070",75846,"5",2917311,"1",
"900000",76000,"1",2917312,"1",
"900000",76000,"2",2917312,"1",
"900000",76000,"3",2917312,"1",
"900000",76000,"4",2917312,"1",
"900000",76000,"5",2917312,"1",
"900150",189,"1",2917312,"1",
"900150",189,"2",2917312,"1",
"900150",189,"3",2917312,"1",
"900150",189,"4",2917312,"1",
"900150",189,"5",2917312,"1",
"980000",76189,"1",2917312,"1",
"980000",76189,"2",2917312,"1",
"980000",76189,"3",2917312,"1",
"980000",76189,"4",2917312,"1",
"980000",76189,"5",2917312,"1",
"980070",75846,"1",2917312,"1",
"980070",75846,"2",2917312,"1",
"980070",75846,"3",2917312,"1",
"980070",75846,"4",2917312,"1",
"980070",75846,"5",2917312,"1",
"900000",88000,"1",2917331,"1",
"900000",88000,"2",2917331,"1",
"900000",88000,"3",2917331,"1",
"900000",88000,"4",2917331,"1",
"900000",88000,"5",2917331,"1",
"980000",88000,"1",2917331,"1",
"980000",88000,"2",2917331,"1",
"980000",88000,"3",2917331,"1",
"980000",88000,"4",2917331,"1",
"980000",88000,"5",2917331,"1",
"980070",88590,"1",2917331,"1",
"980070",88590,"2",2917331,"1",
"980070",88590,"3",2917331,"1",
"980070",88590,"4",2917331,"1",
"980070",88590,"5",2917331,"1",
"900000",88000,"1",2917332,"1",
"900000",88000,"2",2917332,"1",
"900000",88000,"3",2917332,"1",
"900000",88000,"4",2917332,"1",
"900000",88000,"5",2917332,"1",
"980000",88000,"1",2917332,"1",
"980000",88000,"2",2917332,"1",
"980000",88000,"3",2917332,"1",
"980000",88000,"4",2917332,"1",
"980000",88000,"5",2917332,"1",
"980070",88590,"1",2917332,"1",
"980070",88590,"2",2917332,"1",
"980070",88590,"3",2917332,"1",
"980070",88590,"4",2917332,"1",
"980070",88590,"5",2917332,"1",
"800940",14299,"1",2917371,"1",
"800940",13338,"2",2917371,"1",
"800940",13680,"3",2917371,"1",
"800940",14666,"4",2917371,"1",
"800940",14961,"5",2917371,"1",
"900000",178053,"1",2917371,"1",
"900000",170148,"2",2917371,"1",
"900000",169388,"3",2917371,"1",
"900000",186631,"4",2917371,"1",
"900000",186024,"5",2917371,"1",
"900160",4428,"1",2917371,"1",
"900160",2105,"2",2917371,"1",
"900160",4721,"3",2917371,"1",
"900160",2542,"4",2917371,"1",
"900160",4774,"5",2917371,"1",
"980000",182481,"1",2917371,"1",
"980000",172253,"2",2917371,"1",
"980000",174109,"3",2917371,"1",
"980000",189173,"4",2917371,"1",
"980000",190798,"5",2917371,"1",
"980070",185201,"1",2917371,"1",
"980070",174973,"2",2917371,"1",
"980070",176829,"3",2917371,"1",
"980070",191893,"4",2917371,"1",
"980070",193518,"5",2917371,"1",
"800940",16108,"1",2917372,"1",
"800940",16539,"2",2917372,"1",
"800940",14320,"3",2917372,"1",
"800940",13348,"4",2917372,"1",
"800940",13105,"5",2917372,"1",
"900000",199782,"1",2917372,"1",
"900000",207291,"2",2917372,"1",
"900000",182939,"3",2917372,"1",
"900000",170210,"4",2917372,"1",
"900000",164952,"5",2917372,"1",
"900160",5390,"1",2917372,"1",
"900160",5554,"2",2917372,"1",
"900160",2126,"3",2917372,"1",
"900160",2140,"4",2917372,"1",
"900160",3176,"5",2917372,"1",
"980000",205172,"1",2917372,"1",
"980000",212845,"2",2917372,"1",
"980000",185065,"3",2917372,"1",
"980000",172350,"4",2917372,"1",
"980000",168128,"5",2917372,"1",
"980070",207892,"1",2917372,"1",
"980070",215565,"2",2917372,"1",
"980070",187785,"3",2917372,"1",
"980070",175070,"4",2917372,"1",
"980070",170848,"5",2917372,"1",
"900000",126245,"1",2917401,"1",
"900000",126339,"2",2917401,"1",
"900000",149663,"3",2917401,"1",
"900000",128884,"4",2917401,"1",
"900000",143770,"5",2917401,"1",
"980000",126245,"1",2917401,"1",
"980000",126339,"2",2917401,"1",
"980000",149663,"3",2917401,"1",
"980000",128884,"4",2917401,"1",
"980000",143770,"5",2917401,"1",
"980070",126245,"1",2917401,"1",
"980070",126339,"2",2917401,"1",
"980070",149663,"3",2917401,"1",
"980070",128884,"4",2917401,"1",
"980070",143770,"5",2917401,"1",
"900000",149720,"1",2917402,"1",
"900000",129522,"2",2917402,"1",
"900000",122258,"3",2917402,"1",
"900000",130803,"4",2917402,"1",
"900000",133529,"5",2917402,"1",
"980000",149720,"1",2917402,"1",
"980000",129522,"2",2917402,"1",
"980000",122258,"3",2917402,"1",
"980000",130803,"4",2917402,"1",
"980000",133529,"5",2917402,"1",
"980070",149720,"1",2917402,"1",
"980070",129522,"2",2917402,"1",
"980070",122258,"3",2917402,"1",
"980070",130803,"4",2917402,"1",
"980070",133529,"5",2917402,"1",
"900030",40282,"1",2917441,"1",
"900030",40282,"2",2917441,"1",
"900030",40282,"3",2917441,"1",
"900030",40282,"4",2917441,"1",
"900030",40282,"5",2917441,"1",
"900170",8800,"1",2917441,"1",
"900170",8800,"2",2917441,"1",
"900170",8800,"3",2917441,"1",
"900170",8800,"4",2917441,"1",
"900170",8800,"5",2917441,"1",
"900180",7900,"1",2917441,"1",
"900180",7900,"2",2917441,"1",
"900180",7900,"3",2917441,"1",
"900180",7900,"4",2917441,"1",
"900180",7900,"5",2917441,"1",
"900190",8306,"1",2917441,"1",
"900190",6754,"2",2917441,"1",
"900190",7372,"3",2917441,"1",
"900190",6781,"4",2917441,"1",
"900190",9121,"5",2917441,"1",
"980000",65288,"1",2917441,"1",
"980000",63736,"2",2917441,"1",
"980000",64354,"3",2917441,"1",
"980000",63763,"4",2917441,"1",
"980000",66103,"5",2917441,"1",
"980070",60305,"1",2917441,"1",
"980070",58753,"2",2917441,"1",
"980070",59371,"3",2917441,"1",
"980070",58780,"4",2917441,"1",
"980070",61120,"5",2917441,"1",
"900030",40282,"1",2917442,"1",
"900030",40282,"2",2917442,"1",
"900030",40282,"3",2917442,"1",
"900030",40282,"4",2917442,"1",
"900030",40282,"5",2917442,"1",
"900170",8800,"1",2917442,"1",
"900170",8800,"2",2917442,"1",
"900170",8800,"3",2917442,"1",
"900170",8800,"4",2917442,"1",
"900170",8800,"5",2917442,"1",
"900180",7900,"1",2917442,"1",
"900180",7900,"2",2917442,"1",
"900180",7900,"3",2917442,"1",
"900180",7900,"4",2917442,"1",
"900180",7900,"5",2917442,"1",
"900190",8378,"1",2917442,"1",
"900190",6919,"2",2917442,"1",
"900190",5708,"3",2917442,"1",
"900190",8644,"4",2917442,"1",
"900190",6777,"5",2917442,"1",
"980000",65360,"1",2917442,"1",
"980000",63901,"2",2917442,"1",
"980000",62690,"3",2917442,"1",
"980000",65626,"4",2917442,"1",
"980000",63759,"5",2917442,"1",
"980070",60377,"1",2917442,"1",
"980070",58918,"2",2917442,"1",
"980070",57707,"3",2917442,"1",
"980070",60643,"4",2917442,"1",
"980070",58776,"5",2917442,"1",
"900000",35000,"1",2917451,"1",
"900000",35000,"2",2917451,"1",
"900000",35000,"3",2917451,"1",
"900000",35000,"4",2917451,"1",
"900000",35000,"5",2917451,"1",
"900030",27214,"1",2917451,"1",
"900030",27214,"2",2917451,"1",
"900030",27214,"3",2917451,"1",
"900030",27214,"4",2917451,"1",
"900030",27214,"5",2917451,"1",
"900170",1500,"1",2917451,"1",
"900170",1500,"2",2917451,"1",
"900170",1500,"3",2917451,"1",
"900170",1500,"4",2917451,"1",
"900170",1500,"5",2917451,"1",
"900180",500,"1",2917451,"1",
"900180",500,"2",2917451,"1",
"900180",500,"3",2917451,"1",
"900180",500,"4",2917451,"1",
"900180",500,"5",2917451,"1",
"900210",130,"1",2917451,"1",
"900210",130,"2",2917451,"1",
"900210",130,"3",2917451,"1",
"900210",130,"4",2917451,"1",
"900210",130,"5",2917451,"1",
"980000",64344,"1",2917451,"1",
"980000",64344,"2",2917451,"1",
"980000",64344,"3",2917451,"1",
"980000",64344,"4",2917451,"1",
"980000",64344,"5",2917451,"1",
"980070",64344,"1",2917451,"1",
"980070",64344,"2",2917451,"1",
"980070",64344,"3",2917451,"1",
"980070",64344,"4",2917451,"1",
"980070",64344,"5",2917451,"1",
"900000",35000,"1",2917452,"1",
"900000",35000,"2",2917452,"1",
"900000",35000,"3",2917452,"1",
"900000",35000,"4",2917452,"1",
"900000",35000,"5",2917452,"1",
"900030",27214,"1",2917452,"1",
"900030",27214,"2",2917452,"1",
"900030",27214,"3",2917452,"1",
"900030",27214,"4",2917452,"1",
"900030",27214,"5",2917452,"1",
"900170",1500,"1",2917452,"1",
"900170",1500,"2",2917452,"1",
"900170",1500,"3",2917452,"1",
"900170",1500,"4",2917452,"1",
"900170",1500,"5",2917452,"1",
"900180",500,"1",2917452,"1",
"900180",500,"2",2917452,"1",
"900180",500,"3",2917452,"1",
"900180",500,"4",2917452,"1",
"900180",500,"5",2917452,"1",
"900210",130,"1",2917452,"1",
"900210",130,"2",2917452,"1",
"900210",130,"3",2917452,"1",
"900210",130,"4",2917452,"1",
"900210",130,"5",2917452,"1",
"980000",64344,"1",2917452,"1",
"980000",64344,"2",2917452,"1",
"980000",64344,"3",2917452,"1",
"980000",64344,"4",2917452,"1",
"980000",64344,"5",2917452,"1",
"980070",64344,"1",2917452,"1",
"980070",64344,"2",2917452,"1",
"980070",64344,"3",2917452,"1",
"980070",64344,"4",2917452,"1",
"980070",64344,"5",2917452,"1",
"900030",10259,"1",2917481,"1",
"900030",10259,"2",2917481,"1",
"900030",10259,"3",2917481,"1",
"900030",10259,"4",2917481,"1",
"900030",10259,"5",2917481,"1",
"900170",1800,"1",2917481,"1",
"900170",1800,"2",2917481,"1",
"900170",1800,"3",2917481,"1",
"900170",1800,"4",2917481,"1",
"900170",1800,"5",2917481,"1",
"980000",12059,"1",2917481,"1",
"980000",12059,"2",2917481,"1",
"980000",12059,"3",2917481,"1",
"980000",12059,"4",2917481,"1",
"980000",12059,"5",2917481,"1",
"980070",12059,"1",2917481,"1",
"980070",12059,"2",2917481,"1",
"980070",12059,"3",2917481,"1",
"980070",12059,"4",2917481,"1",
"980070",12059,"5",2917481,"1",
"900030",10259,"1",2917482,"1",
"900030",10259,"2",2917482,"1",
"900030",10259,"3",2917482,"1",
"900030",10259,"4",2917482,"1",
"900030",10259,"5",2917482,"1",
"900170",1800,"1",2917482,"1",
"900170",1800,"2",2917482,"1",
"900170",1800,"3",2917482,"1",
"900170",1800,"4",2917482,"1",
"900170",1800,"5",2917482,"1",
"980000",12059,"1",2917482,"1",
"980000",12059,"2",2917482,"1",
"980000",12059,"3",2917482,"1",
"980000",12059,"4",2917482,"1",
"980000",12059,"5",2917482,"1",
"980070",12059,"1",2917482,"1",
"980070",12059,"2",2917482,"1",
"980070",12059,"3",2917482,"1",
"980070",12059,"4",2917482,"1",
"980070",12059,"5",2917482,"1",
"900000",531,"1",2917511,"1",
"900000",531,"2",2917511,"1",
"900000",531,"3",2917511,"1",
"900000",531,"4",2917511,"1",
"900000",531,"5",2917511,"1",
"900030",8820,"1",2917511,"1",
"900030",8820,"2",2917511,"1",
"900030",8820,"3",2917511,"1",
"900030",8820,"4",2917511,"1",
"900030",8820,"5",2917511,"1",
"950012",7,"1",2917511,"1",
"950012",7,"2",2917511,"1",
"950012",7,"3",2917511,"1",
"950012",7,"4",2917511,"1",
"950012",7,"5",2917511,"1",
"980000",9351,"1",2917511,"1",
"980000",9351,"2",2917511,"1",
"980000",9351,"3",2917511,"1",
"980000",9351,"4",2917511,"1",
"980000",9351,"5",2917511,"1",
"980070",9344,"1",2917511,"1",
"980070",9344,"2",2917511,"1",
"980070",9344,"3",2917511,"1",
"980070",9344,"4",2917511,"1",
"980070",9344,"5",2917511,"1",
"900000",531,"1",2917512,"1",
"900000",531,"2",2917512,"1",
"900000",531,"3",2917512,"1",
"900000",531,"4",2917512,"1",
"900000",531,"5",2917512,"1",
"900030",8820,"1",2917512,"1",
"900030",8820,"2",2917512,"1",
"900030",8820,"3",2917512,"1",
"900030",8820,"4",2917512,"1",
"900030",8820,"5",2917512,"1",
"950012",7,"1",2917512,"1",
"950012",7,"2",2917512,"1",
"950012",7,"3",2917512,"1",
"950012",7,"4",2917512,"1",
"950012",7,"5",2917512,"1",
"980000",9351,"1",2917512,"1",
"980000",9351,"2",2917512,"1",
"980000",9351,"3",2917512,"1",
"980000",9351,"4",2917512,"1",
"980000",9351,"5",2917512,"1",
"980070",9344,"1",2917512,"1",
"980070",9344,"2",2917512,"1",
"980070",9344,"3",2917512,"1",
"980070",9344,"4",2917512,"1",
"980070",9344,"5",2917512,"1",
"900000",93436,"1",2917531,"1",
"900000",136012,"2",2917531,"1",
"900000",64614,"3",2917531,"1",
"900000",36147,"4",2917531,"1",
"900000",49647,"5",2917531,"1",
"980000",93436,"1",2917531,"1",
"980000",136012,"2",2917531,"1",
"980000",64614,"3",2917531,"1",
"980000",36147,"4",2917531,"1",
"980000",49647,"5",2917531,"1",
"980070",93436,"1",2917531,"1",
"980070",136012,"2",2917531,"1",
"980070",64614,"3",2917531,"1",
"980070",36147,"4",2917531,"1",
"980070",49647,"5",2917531,"1",
"900000",60510,"1",2917532,"1",
"900000",181078,"2",2917532,"1",
"900000",15437,"3",2917532,"1",
"900000",72564,"4",2917532,"1",
"900000",52454,"5",2917532,"1",
"980000",60510,"1",2917532,"1",
"980000",181078,"2",2917532,"1",
"980000",15437,"3",2917532,"1",
"980000",72564,"4",2917532,"1",
"980000",52454,"5",2917532,"1",
"980070",60510,"1",2917532,"1",
"980070",181078,"2",2917532,"1",
"980070",15437,"3",2917532,"1",
"980070",72564,"4",2917532,"1",
"980070",52454,"5",2917532,"1",
"900000",23104,"1",2917591,"1",
"900000",23104,"2",2917591,"1",
"900000",23104,"3",2917591,"1",
"900000",23104,"4",2917591,"1",
"900000",23104,"5",2917591,"1",
"900030",5219,"1",2917591,"1",
"900030",5219,"2",2917591,"1",
"900030",5219,"3",2917591,"1",
"900030",5219,"4",2917591,"1",
"900030",5219,"5",2917591,"1",
"900170",15600,"1",2917591,"1",
"900170",15600,"2",2917591,"1",
"900170",15600,"3",2917591,"1",
"900170",15600,"4",2917591,"1",
"900170",15600,"5",2917591,"1",
"980000",43923,"1",2917591,"1",
"980000",43923,"2",2917591,"1",
"980000",43923,"3",2917591,"1",
"980000",43923,"4",2917591,"1",
"980000",43923,"5",2917591,"1",
"980070",43923,"1",2917591,"1",
"980070",43923,"2",2917591,"1",
"980070",43923,"3",2917591,"1",
"980070",43923,"4",2917591,"1",
"980070",43923,"5",2917591,"1",
"900000",23104,"1",2917592,"1",
"900000",23104,"2",2917592,"1",
"900000",23104,"3",2917592,"1",
"900000",23104,"4",2917592,"1",
"900000",23104,"5",2917592,"1",
"900030",5219,"1",2917592,"1",
"900030",5219,"2",2917592,"1",
"900030",5219,"3",2917592,"1",
"900030",5219,"4",2917592,"1",
"900030",5219,"5",2917592,"1",
"900170",15600,"1",2917592,"1",
"900170",15600,"2",2917592,"1",
"900170",15600,"3",2917592,"1",
"900170",15600,"4",2917592,"1",
"900170",15600,"5",2917592,"1",
"980000",43923,"1",2917592,"1",
"980000",43923,"2",2917592,"1",
"980000",43923,"3",2917592,"1",
"980000",43923,"4",2917592,"1",
"980000",43923,"5",2917592,"1",
"980070",43923,"1",2917592,"1",
"980070",43923,"2",2917592,"1",
"980070",43923,"3",2917592,"1",
"980070",43923,"4",2917592,"1",
"980070",43923,"5",2917592,"1",
"900000",60237,"1",2917602,"1",
"900000",60121,"2",2917602,"1",
"900000",61184,"3",2917602,"1",
"900000",61327,"4",2917602,"1",
"900000",61851,"5",2917602,"1",
"900030",6500,"1",2917602,"1",
"900030",6500,"2",2917602,"1",
"900030",6500,"3",2917602,"1",
"900030",6500,"4",2917602,"1",
"900030",6500,"5",2917602,"1",
"980000",66737,"1",2917602,"1",
"980000",66621,"2",2917602,"1",
"980000",67684,"3",2917602,"1",
"980000",67827,"4",2917602,"1",
"980000",68351,"5",2917602,"1",
"980070",64959,"1",2917602,"1",
"980070",64843,"2",2917602,"1",
"980070",65906,"3",2917602,"1",
"980070",66049,"4",2917602,"1",
"980070",66573,"5",2917602,"1",
"900030",23999,"1",2917641,"1",
"900030",23039,"2",2917641,"1",
"900030",24179,"3",2917641,"1",
"900030",24899,"4",2917641,"1",
"900030",23123,"5",2917641,"1",
"900170",29960,"1",2917641,"1",
"900170",52680,"2",2917641,"1",
"900170",29322,"3",2917641,"1",
"900170",18087,"4",2917641,"1",
"900170",75599,"5",2917641,"1",
"980000",53959,"1",2917641,"1",
"980000",75719,"2",2917641,"1",
"980000",53501,"3",2917641,"1",
"980000",42986,"4",2917641,"1",
"980000",98722,"5",2917641,"1",
"980070",53959,"1",2917641,"1",
"980070",75719,"2",2917641,"1",
"980070",53501,"3",2917641,"1",
"980070",42986,"4",2917641,"1",
"980070",98722,"5",2917641,"1",
"900030",21719,"1",2917642,"1",
"900030",25715,"2",2917642,"1",
"900030",24647,"3",2917642,"1",
"900030",23735,"4",2917642,"1",
"900030",25607,"5",2917642,"1",
"900170",71786,"1",2917642,"1","T"
"900170",71786,"2",2917642,"1","T"
"900170",71786,"3",2917642,"1","T"
"900170",71786,"4",2917642,"1","T"
"900170",71786,"5",2917642,"1","T"
"980000",96071,"1",2917642,"1","T"
"980000",96071,"2",2917642,"1","T"
"980000",96071,"3",2917642,"1","T"
"980000",96071,"4",2917642,"1","T"
"980000",96071,"5",2917642,"1","T"
"980070",96071,"1",2917642,"1","T"
"980070",96071,"2",2917642,"1","T"
"980070",96071,"3",2917642,"1","T"
"980070",96071,"4",2917642,"1","T"
"980070",96071,"5",2917642,"1","T"
"900000",129200,"1",2917651,"1",
"900000",129200,"2",2917651,"1",
"900000",129200,"3",2917651,"1",
"900000",129200,"4",2917651,"1",
"900000",129200,"5",2917651,"1",
"900180",3,"1",2917651,"1",
"900180",749,"2",2917651,"1",
"900180",36,"3",2917651,"1",
"900180",4,"4",2917651,"1",
"900180",12,"5",2917651,"1",
"980000",129203,"1",2917651,"1",
"980000",129949,"2",2917651,"1",
"980000",129236,"3",2917651,"1",
"980000",129204,"4",2917651,"1",
"980000",129212,"5",2917651,"1",
"980070",131187,"1",2917651,"1",
"980070",131933,"2",2917651,"1",
"980070",131220,"3",2917651,"1",
"980070",131188,"4",2917651,"1",
"980070",131196,"5",2917651,"1",
"900000",129200,"1",2917652,"1",
"900000",129200,"2",2917652,"1",
"900000",129200,"3",2917652,"1",
"900000",129200,"4",2917652,"1",
"900000",129200,"5",2917652,"1",
"900180",86,"1",2917652,"1",
"900180",115,"2",2917652,"1",
"900180",266,"3",2917652,"1",
"900180",107,"4",2917652,"1",
"900180",915,"5",2917652,"1",
"980000",129286,"1",2917652,"1",
"980000",129315,"2",2917652,"1",
"980000",129466,"3",2917652,"1",
"980000",129307,"4",2917652,"1",
"980000",130115,"5",2917652,"1",
"980070",131270,"1",2917652,"1",
"980070",131299,"2",2917652,"1",
"980070",131450,"3",2917652,"1",
"980070",131291,"4",2917652,"1",
"980070",132099,"5",2917652,"1",
"900000",25500,"1",2917701,"1",
"900000",25500,"2",2917701,"1",
"900000",25500,"3",2917701,"1",
"900000",25500,"4",2917701,"1",
"900000",25500,"5",2917701,"1",
"980000",25500,"1",2917701,"1",
"980000",25500,"2",2917701,"1",
"980000",25500,"3",2917701,"1",
"980000",25500,"4",2917701,"1",
"980000",25500,"5",2917701,"1",
"980070",25500,"1",2917701,"1",
"980070",25500,"2",2917701,"1",
"980070",25500,"3",2917701,"1",
"980070",25500,"4",2917701,"1",
"980070",25500,"5",2917701,"1",
"900000",25500,"1",2917702,"1",
"900000",25500,"2",2917702,"1",
"900000",25500,"3",2917702,"1",
"900000",25500,"4",2917702,"1",
"900000",25500,"5",2917702,"1",
"980000",25500,"1",2917702,"1",
"980000",25500,"2",2917702,"1",
"980000",25500,"3",2917702,"1",
"980000",25500,"4",2917702,"1",
"980000",25500,"5",2917702,"1",
"980070",25500,"1",2917702,"1",
"980070",25500,"2",2917702,"1",
"980070",25500,"3",2917702,"1",
"980070",25500,"4",2917702,"1",
"980070",25500,"5",2917702,"1",
"900030",26014,"1",2917711,"1",
"900030",26014,"2",2917711,"1",
"900030",26014,"3",2917711,"1",
"900030",26014,"4",2917711,"1",
"900030",26014,"5",2917711,"1",
"900170",1170,"1",2917711,"1",
"900170",1170,"2",2917711,"1",
"900170",1170,"3",2917711,"1",
"900170",1170,"4",2917711,"1",
"900170",1170,"5",2917711,"1",
"980000",27184,"1",2917711,"1",
"980000",27184,"2",2917711,"1",
"980000",27184,"3",2917711,"1",
"980000",27184,"4",2917711,"1",
"980000",27184,"5",2917711,"1",
"980070",27184,"1",2917711,"1",
"980070",27184,"2",2917711,"1",
"980070",27184,"3",2917711,"1",
"980070",27184,"4",2917711,"1",
"980070",27184,"5",2917711,"1",
"900030",26014,"1",2917712,"1",
"900030",26014,"2",2917712,"1",
"900030",26014,"3",2917712,"1",
"900030",26014,"4",2917712,"1",
"900030",26014,"5",2917712,"1",
"900170",1170,"1",2917712,"1",
"900170",1170,"2",2917712,"1",
"900170",1170,"3",2917712,"1",
"900170",1170,"4",2917712,"1",
"900170",1170,"5",2917712,"1",
"980000",27184,"1",2917712,"1",
"980000",27184,"2",2917712,"1",
"980000",27184,"3",2917712,"1",
"980000",27184,"4",2917712,"1",
"980000",27184,"5",2917712,"1",
"980070",27184,"1",2917712,"1",
"980070",27184,"2",2917712,"1",
"980070",27184,"3",2917712,"1",
"980070",27184,"4",2917712,"1",
"980070",27184,"5",2917712,"1",
"800940",10967,"1",2917721,"1","T"
"800940",10967,"2",2917721,"1","T"
"800940",10967,"3",2917721,"1","T"
"800940",10967,"4",2917721,"1","T"
"800940",10967,"5",2917721,"1","T"
"900000",20000,"1",2917721,"1",
"900000",20000,"2",2917721,"1",
"900000",20000,"3",2917721,"1",
"900000",20000,"4",2917721,"1",
"900000",20000,"5",2917721,"1",
"900160",18712,"1",2917721,"1",
"900160",25282,"2",2917721,"1",
"900160",20595,"3",2917721,"1",
"900160",9271,"4",2917721,"1",
"900160",57722,"5",2917721,"1",
"980000",38712,"1",2917721,"1",
"980000",45282,"2",2917721,"1",
"980000",40595,"3",2917721,"1",
"980000",29271,"4",2917721,"1",
"980000",77722,"5",2917721,"1",
"980070",38712,"1",2917721,"1",
"980070",45282,"2",2917721,"1",
"980070",40595,"3",2917721,"1",
"980070",29271,"4",2917721,"1",
"980070",77722,"5",2917721,"1",
"800940",10967,"1",2917722,"1","T"
"800940",10967,"2",2917722,"1","T"
"800940",10967,"3",2917722,"1","T"
"800940",10967,"4",2917722,"1","T"
"800940",10967,"5",2917722,"1","T"
"900000",20000,"1",2917722,"1",
"900000",20000,"2",2917722,"1",
"900000",20000,"3",2917722,"1",
"900000",20000,"4",2917722,"1",
"900000",20000,"5",2917722,"1",
"900160",55796,"1",2917722,"1",
"900160",426,"2",2917722,"1",
"900160",7663,"3",2917722,"1",
"900160",27228,"4",2917722,"1",
"900160",20558,"5",2917722,"1",
"980000",75796,"1",2917722,"1",
"980000",20426,"2",2917722,"1",
"980000",27663,"3",2917722,"1",
"980000",47228,"4",2917722,"1",
"980000",40558,"5",2917722,"1",
"980070",75796,"1",2917722,"1",
"980070",20426,"2",2917722,"1",
"980070",27663,"3",2917722,"1",
"980070",47228,"4",2917722,"1",
"980070",40558,"5",2917722,"1",
"900000",19200,"1",2917751,"1",
"900000",19200,"2",2917751,"1",
"900000",19200,"3",2917751,"1",
"900000",19200,"4",2917751,"1",
"900000",19200,"5",2917751,"1",
"980000",19200,"1",2917751,"1",
"980000",19200,"2",2917751,"1",
"980000",19200,"3",2917751,"1",
"980000",19200,"4",2917751,"1",
"980000",19200,"5",2917751,"1",
"980070",23500,"1",2917751,"1",
"980070",23500,"2",2917751,"1",
"980070",23500,"3",2917751,"1",
"980070",23500,"4",2917751,"1",
"980070",23500,"5",2917751,"1",
"900000",19200,"1",2917752,"1",
"900000",19200,"2",2917752,"1",
"900000",19200,"3",2917752,"1",
"900000",19200,"4",2917752,"1",
"900000",19200,"5",2917752,"1",
"980000",19200,"1",2917752,"1",
"980000",19200,"2",2917752,"1",
"980000",19200,"3",2917752,"1",
"980000",19200,"4",2917752,"1",
"980000",19200,"5",2917752,"1",
"980070",23500,"1",2917752,"1",
"980070",23500,"2",2917752,"1",
"980070",23500,"3",2917752,"1",
"980070",23500,"4",2917752,"1",
"980070",23500,"5",2917752,"1",
"900000",45500,"1",2917761,"1",
"900000",67047,"2",2917761,"1",
"900000",49079,"3",2917761,"1",
"900000",54977,"4",2917761,"1",
"900000",61285,"5",2917761,"1",
"980000",45500,"1",2917761,"1",
"980000",67047,"2",2917761,"1",
"980000",49079,"3",2917761,"1",
"980000",54977,"4",2917761,"1",
"980000",61285,"5",2917761,"1",
"980070",45500,"1",2917761,"1",
"980070",67047,"2",2917761,"1",
"980070",49079,"3",2917761,"1",
"980070",54977,"4",2917761,"1",
"980070",61285,"5",2917761,"1",
"900000",63154,"1",2917762,"1",
"900000",30658,"2",2917762,"1",
"900000",74481,"3",2917762,"1",
"900000",52997,"4",2917762,"1",
"900000",50000,"5",2917762,"1",
"980000",63154,"1",2917762,"1",
"980000",30658,"2",2917762,"1",
"980000",74481,"3",2917762,"1",
"980000",52997,"4",2917762,"1",
"980000",50000,"5",2917762,"1",
"980070",63154,"1",2917762,"1",
"980070",30658,"2",2917762,"1",
"980070",74481,"3",2917762,"1",
"980070",52997,"4",2917762,"1",
"980070",50000,"5",2917762,"1",
"900000",18474,"1",2917781,"1",
"900000",18482,"2",2917781,"1",
"900000",22126,"3",2917781,"1",
"900000",28935,"4",2917781,"1",
"900000",45470,"5",2917781,"1",
"980000",18474,"1",2917781,"1",
"980000",18482,"2",2917781,"1",
"980000",22126,"3",2917781,"1",
"980000",28935,"4",2917781,"1",
"980000",45470,"5",2917781,"1",
"980070",18474,"1",2917781,"1",
"980070",18482,"2",2917781,"1",
"980070",22126,"3",2917781,"1",
"980070",28935,"4",2917781,"1",
"980070",45470,"5",2917781,"1",
"900000",33160,"1",2917782,"1",
"900000",41446,"2",2917782,"1",
"900000",36869,"3",2917782,"1",
"900000",13251,"4",2917782,"1",
"900000",4134,"5",2917782,"1",
"980000",33160,"1",2917782,"1",
"980000",41446,"2",2917782,"1",
"980000",36869,"3",2917782,"1",
"980000",13251,"4",2917782,"1",
"980000",4134,"5",2917782,"1",
"980070",33160,"1",2917782,"1",
"980070",41446,"2",2917782,"1",
"980070",36869,"3",2917782,"1",
"980070",13251,"4",2917782,"1",
"980070",4134,"5",2917782,"1",
"900000",126000,"1",2917791,"1",
"900000",126000,"2",2917791,"1",
"900000",126000,"3",2917791,"1",
"900000",126000,"4",2917791,"1",
"900000",126000,"5",2917791,"1",
"980000",126000,"1",2917791,"1",
"980000",126000,"2",2917791,"1",
"980000",126000,"3",2917791,"1",
"980000",126000,"4",2917791,"1",
"980000",126000,"5",2917791,"1",
"980070",126000,"1",2917791,"1",
"980070",126000,"2",2917791,"1",
"980070",126000,"3",2917791,"1",
"980070",126000,"4",2917791,"1",
"980070",126000,"5",2917791,"1",
"900000",126000,"1",2917792,"1",
"900000",126000,"2",2917792,"1",
"900000",126000,"3",2917792,"1",
"900000",126000,"4",2917792,"1",
"900000",126000,"5",2917792,"1",
"980000",126000,"1",2917792,"1",
"980000",126000,"2",2917792,"1",
"980000",126000,"3",2917792,"1",
"980000",126000,"4",2917792,"1",
"980000",126000,"5",2917792,"1",
"980070",126000,"1",2917792,"1",
"980070",126000,"2",2917792,"1",
"980070",126000,"3",2917792,"1",
"980070",126000,"4",2917792,"1",
"980070",126000,"5",2917792,"1",
"900000",56418,"1",2917801,"1",
"900000",54188,"2",2917801,"1",
"900000",64111,"3",2917801,"1",
"900000",66612,"4",2917801,"1",
"900000",58697,"5",2917801,"1",
"980000",56418,"1",2917801,"1",
"980000",54188,"2",2917801,"1",
"980000",64111,"3",2917801,"1",
"980000",66612,"4",2917801,"1",
"980000",58697,"5",2917801,"1",
"980070",56418,"1",2917801,"1",
"980070",54188,"2",2917801,"1",
"980070",64111,"3",2917801,"1",
"980070",66612,"4",2917801,"1",
"980070",58697,"5",2917801,"1",
"900000",66749,"1",2917802,"1",
"900000",56199,"2",2917802,"1",
"900000",54876,"3",2917802,"1",
"900000",56360,"4",2917802,"1",
"900000",65091,"5",2917802,"1",
"980000",66749,"1",2917802,"1",
"980000",56199,"2",2917802,"1",
"980000",54876,"3",2917802,"1",
"980000",56360,"4",2917802,"1",
"980000",65091,"5",2917802,"1",
"980070",66749,"1",2917802,"1",
"980070",56199,"2",2917802,"1",
"980070",54876,"3",2917802,"1",
"980070",56360,"4",2917802,"1",
"980070",65091,"5",2917802,"1",
"800940",4896,"1",2917811,"1",
"800940",4896,"2",2917811,"1",
"800940",4896,"3",2917811,"1",
"800940",4896,"4",2917811,"1",
"800940",4896,"5",2917811,"1",
"900000",184000,"1",2917811,"1",
"900000",184000,"2",2917811,"1",
"900000",184000,"3",2917811,"1",
"900000",184000,"4",2917811,"1",
"900000",184000,"5",2917811,"1",
"900160",-3000,"1",2917811,"1",
"900160",-3000,"2",2917811,"1",
"900160",-3000,"3",2917811,"1",
"900160",-3000,"4",2917811,"1",
"900160",-3000,"5",2917811,"1",
"900180",40,"1",2917811,"1",
"900180",40,"2",2917811,"1",
"900180",40,"3",2917811,"1",
"900180",40,"4",2917811,"1",
"900180",40,"5",2917811,"1",
"980000",181040,"1",2917811,"1",
"980000",181040,"2",2917811,"1",
"980000",181040,"3",2917811,"1",
"980000",181040,"4",2917811,"1",
"980000",181040,"5",2917811,"1",
"980070",182240,"1",2917811,"1",
"980070",182240,"2",2917811,"1",
"980070",182240,"3",2917811,"1",
"980070",182240,"4",2917811,"1",
"980070",182240,"5",2917811,"1",
"800940",4896,"1",2917812,"1",
"800940",4896,"2",2917812,"1",
"800940",4896,"3",2917812,"1",
"800940",4896,"4",2917812,"1",
"800940",4896,"5",2917812,"1",
"900000",184000,"1",2917812,"1",
"900000",184000,"2",2917812,"1",
"900000",184000,"3",2917812,"1",
"900000",184000,"4",2917812,"1",
"900000",184000,"5",2917812,"1",
"900160",-3000,"1",2917812,"1",
"900160",-3000,"2",2917812,"1",
"900160",-3000,"3",2917812,"1",
"900160",-3000,"4",2917812,"1",
"900160",-3000,"5",2917812,"1",
"900180",40,"1",2917812,"1",
"900180",40,"2",2917812,"1",
"900180",40,"3",2917812,"1",
"900180",40,"4",2917812,"1",
"900180",40,"5",2917812,"1",
"980000",181040,"1",2917812,"1",
"980000",181040,"2",2917812,"1",
"980000",181040,"3",2917812,"1",
"980000",181040,"4",2917812,"1",
"980000",181040,"5",2917812,"1",
"980070",182240,"1",2917812,"1",
"980070",182240,"2",2917812,"1",
"980070",182240,"3",2917812,"1",
"980070",182240,"4",2917812,"1",
"980070",182240,"5",2917812,"1",
"900000",29000,"1",2917821,"1",
"900000",29000,"2",2917821,"1",
"900000",29000,"3",2917821,"1",
"900000",29000,"4",2917821,"1",
"900000",29000,"5",2917821,"1",
"980000",29000,"1",2917821,"1",
"980000",29000,"2",2917821,"1",
"980000",29000,"3",2917821,"1",
"980000",29000,"4",2917821,"1",
"980000",29000,"5",2917821,"1",
"980070",32100,"1",2917821,"1",
"980070",32100,"2",2917821,"1",
"980070",32100,"3",2917821,"1",
"980070",32100,"4",2917821,"1",
"980070",32100,"5",2917821,"1",
"900000",29000,"1",2917822,"1",
"900000",29000,"2",2917822,"1",
"900000",29000,"3",2917822,"1",
"900000",29000,"4",2917822,"1",
"900000",29000,"5",2917822,"1",
"980000",29000,"1",2917822,"1",
"980000",29000,"2",2917822,"1",
"980000",29000,"3",2917822,"1",
"980000",29000,"4",2917822,"1",
"980000",29000,"5",2917822,"1",
"980070",32100,"1",2917822,"1",
"980070",32100,"2",2917822,"1",
"980070",32100,"3",2917822,"1",
"980070",32100,"4",2917822,"1",
"980070",32100,"5",2917822,"1",
"900170",80000,"1",2917831,"1",
"900170",80000,"2",2917831,"1",
"900170",80000,"3",2917831,"1",
"900170",80000,"4",2917831,"1",
"900170",80000,"5",2917831,"1",
"900180",100,"1",2917831,"1",
"900180",100,"2",2917831,"1",
"900180",100,"3",2917831,"1",
"900180",100,"4",2917831,"1",
"900180",100,"5",2917831,"1",
"900210",15000,"1",2917831,"1",
"900210",15000,"2",2917831,"1",
"900210",15000,"3",2917831,"1",
"900210",15000,"4",2917831,"1",
"900210",15000,"5",2917831,"1",
"980000",95100,"1",2917831,"1",
"980000",95100,"2",2917831,"1",
"980000",95100,"3",2917831,"1",
"980000",95100,"4",2917831,"1",
"980000",95100,"5",2917831,"1",
"980070",95072,"1",2917831,"1",
"980070",95072,"2",2917831,"1",
"980070",95072,"3",2917831,"1",
"980070",95072,"4",2917831,"1",
"980070",95072,"5",2917831,"1",
"900170",80000,"1",2917832,"1",
"900170",80000,"2",2917832,"1",
"900170",80000,"3",2917832,"1",
"900170",80000,"4",2917832,"1",
"900170",80000,"5",2917832,"1",
"900180",100,"1",2917832,"1",
"900180",100,"2",2917832,"1",
"900180",100,"3",2917832,"1",
"900180",100,"4",2917832,"1",
"900180",100,"5",2917832,"1",
"900210",15000,"1",2917832,"1",
"900210",15000,"2",2917832,"1",
"900210",15000,"3",2917832,"1",
"900210",15000,"4",2917832,"1",
"900210",15000,"5",2917832,"1",
"980000",95100,"1",2917832,"1",
"980000",95100,"2",2917832,"1",
"980000",95100,"3",2917832,"1",
"980000",95100,"4",2917832,"1",
"980000",95100,"5",2917832,"1",
"980070",95072,"1",2917832,"1",
"980070",95072,"2",2917832,"1",
"980070",95072,"3",2917832,"1",
"980070",95072,"4",2917832,"1",
"980070",95072,"5",2917832,"1",
"900030",18827,"1",2917841,"1",
"900030",18827,"2",2917841,"1",
"900030",18827,"3",2917841,"1",
"900030",18827,"4",2917841,"1",
"900030",18827,"5",2917841,"1",
"980000",18827,"1",2917841,"1",
"980000",18827,"2",2917841,"1",
"980000",18827,"3",2917841,"1",
"980000",18827,"4",2917841,"1",
"980000",18827,"5",2917841,"1",
"980070",18827,"1",2917841,"1",
"980070",18827,"2",2917841,"1",
"980070",18827,"3",2917841,"1",
"980070",18827,"4",2917841,"1",
"980070",18827,"5",2917841,"1",
"900030",18827,"1",2917842,"1",
"900030",18827,"2",2917842,"1",
"900030",18827,"3",2917842,"1",
"900030",18827,"4",2917842,"1",
"900030",18827,"5",2917842,"1",
"980000",18827,"1",2917842,"1",
"980000",18827,"2",2917842,"1",
"980000",18827,"3",2917842,"1",
"980000",18827,"4",2917842,"1",
"980000",18827,"5",2917842,"1",
"980070",18827,"1",2917842,"1",
"980070",18827,"2",2917842,"1",
"980070",18827,"3",2917842,"1",
"980070",18827,"4",2917842,"1",
"980070",18827,"5",2917842,"1",
"900000",40000,"1",2917851,"1",
"900000",40000,"2",2917851,"1",
"900000",40000,"3",2917851,"1",
"900000",40000,"4",2917851,"1",
"900000",40000,"5",2917851,"1",
"900180",2,"1",2917851,"1",
"900180",2,"2",2917851,"1",
"900180",2,"3",2917851,"1",
"900180",2,"4",2917851,"1",
"900180",2,"5",2917851,"1",
"980000",40002,"1",2917851,"1",
"980000",40002,"2",2917851,"1",
"980000",40002,"3",2917851,"1",
"980000",40002,"4",2917851,"1",
"980000",40002,"5",2917851,"1",
"980070",39327,"1",2917851,"1",
"980070",39327,"2",2917851,"1",
"980070",39327,"3",2917851,"1",
"980070",39327,"4",2917851,"1",
"980070",39327,"5",2917851,"1",
"900000",40000,"1",2917852,"1",
"900000",40000,"2",2917852,"1",
"900000",40000,"3",2917852,"1",
"900000",40000,"4",2917852,"1",
"900000",40000,"5",2917852,"1",
"900180",2,"1",2917852,"1",
"900180",2,"2",2917852,"1",
"900180",2,"3",2917852,"1",
"900180",2,"4",2917852,"1",
"900180",2,"5",2917852,"1",
"980000",40002,"1",2917852,"1",
"980000",40002,"2",2917852,"1",
"980000",40002,"3",2917852,"1",
"980000",40002,"4",2917852,"1",
"980000",40002,"5",2917852,"1",
"980070",39327,"1",2917852,"1",
"980070",39327,"2",2917852,"1",
"980070",39327,"3",2917852,"1",
"980070",39327,"4",2917852,"1",
"980070",39327,"5",2917852,"1",
"900000",68156,"1",2917861,"1",
"900000",74591,"2",2917861,"1",
"900000",76553,"3",2917861,"1",
"900000",71206,"4",2917861,"1",
"900000",74985,"5",2917861,"1",
"980000",68156,"1",2917861,"1",
"980000",74591,"2",2917861,"1",
"980000",76553,"3",2917861,"1",
"980000",71206,"4",2917861,"1",
"980000",74985,"5",2917861,"1",
"980070",68156,"1",2917861,"1",
"980070",74591,"2",2917861,"1",
"980070",76553,"3",2917861,"1",
"980070",71206,"4",2917861,"1",
"980070",74985,"5",2917861,"1",
"900000",73169,"1",2917862,"1",
"900000",71696,"2",2917862,"1",
"900000",70973,"3",2917862,"1",
"900000",68010,"4",2917862,"1",
"900000",75022,"5",2917862,"1",
"980000",73169,"1",2917862,"1",
"980000",71696,"2",2917862,"1",
"980000",70973,"3",2917862,"1",
"980000",68010,"4",2917862,"1",
"980000",75022,"5",2917862,"1",
"980070",73169,"1",2917862,"1",
"980070",71696,"2",2917862,"1",
"980070",70973,"3",2917862,"1",
"980070",68010,"4",2917862,"1",
"980070",75022,"5",2917862,"1",
"900030",7679,"1",2917891,"1",
"900030",7679,"2",2917891,"1",
"900030",7679,"3",2917891,"1",
"900030",7679,"4",2917891,"1",
"900030",7679,"5",2917891,"1",
"900170",1310,"1",2917891,"1",
"900170",1310,"2",2917891,"1",
"900170",1310,"3",2917891,"1",
"900170",1310,"4",2917891,"1",
"900170",1310,"5",2917891,"1",
"980000",8989,"1",2917891,"1",
"980000",8989,"2",2917891,"1",
"980000",8989,"3",2917891,"1",
"980000",8989,"4",2917891,"1",
"980000",8989,"5",2917891,"1",
"980070",8389,"1",2917891,"1",
"980070",8389,"2",2917891,"1",
"980070",8389,"3",2917891,"1",
"980070",8389,"4",2917891,"1",
"980070",8389,"5",2917891,"1",
"900030",7679,"1",2917892,"1",
"900030",7679,"2",2917892,"1",
"900030",7679,"3",2917892,"1",
"900030",7679,"4",2917892,"1",
"900030",7679,"5",2917892,"1",
"900170",1310,"1",2917892,"1",
"900170",1310,"2",2917892,"1",
"900170",1310,"3",2917892,"1",
"900170",1310,"4",2917892,"1",
"900170",1310,"5",2917892,"1",
"980000",8989,"1",2917892,"1",
"980000",8989,"2",2917892,"1",
"980000",8989,"3",2917892,"1",
"980000",8989,"4",2917892,"1",
"980000",8989,"5",2917892,"1",
"980070",8389,"1",2917892,"1",
"980070",8389,"2",2917892,"1",
"980070",8389,"3",2917892,"1",
"980070",8389,"4",2917892,"1",
"980070",8389,"5",2917892,"1",
"900030",18059,"1",2917901,"1",
"900030",18059,"2",2917901,"1",
"900030",18059,"3",2917901,"1",
"900030",18059,"4",2917901,"1",
"900030",18059,"5",2917901,"1",
"900170",4000,"1",2917901,"1",
"900170",4000,"2",2917901,"1",
"900170",4000,"3",2917901,"1",
"900170",4000,"4",2917901,"1",
"900170",4000,"5",2917901,"1",
"900180",6119,"1",2917901,"1",
"900180",1224,"2",2917901,"1",
"900180",204,"3",2917901,"1",
"900180",201,"4",2917901,"1",
"900180",1218,"5",2917901,"1",
"980000",28178,"1",2917901,"1",
"980000",23283,"2",2917901,"1",
"980000",22263,"3",2917901,"1",
"980000",22260,"4",2917901,"1",
"980000",23277,"5",2917901,"1",
"980070",28178,"1",2917901,"1",
"980070",23283,"2",2917901,"1",
"980070",22263,"3",2917901,"1",
"980070",22260,"4",2917901,"1",
"980070",23277,"5",2917901,"1",
"900030",18059,"1",2917902,"1",
"900030",18059,"2",2917902,"1",
"900030",18059,"3",2917902,"1",
"900030",18059,"4",2917902,"1",
"900030",18059,"5",2917902,"1",
"900170",4000,"1",2917902,"1",
"900170",4000,"2",2917902,"1",
"900170",4000,"3",2917902,"1",
"900170",4000,"4",2917902,"1",
"900170",4000,"5",2917902,"1",
"900180",18393,"1",2917902,"1",
"900180",3063,"2",2917902,"1",
"900180",31,"3",2917902,"1",
"900180",4111,"4",2917902,"1",
"900180",1019,"5",2917902,"1",
"980000",40452,"1",2917902,"1",
"980000",25122,"2",2917902,"1",
"980000",22090,"3",2917902,"1",
"980000",26170,"4",2917902,"1",
"980000",23078,"5",2917902,"1",
"980070",40452,"1",2917902,"1",
"980070",25122,"2",2917902,"1",
"980070",22090,"3",2917902,"1",
"980070",26170,"4",2917902,"1",
"980070",23078,"5",2917902,"1",
"900000",44353,"1",2917931,"1",
"900000",39266,"2",2917931,"1",
"900000",45864,"3",2917931,"1",
"900000",51451,"4",2917931,"1",
"900000",39154,"5",2917931,"1",
"980000",44353,"1",2917931,"1",
"980000",39266,"2",2917931,"1",
"980000",45864,"3",2917931,"1",
"980000",51451,"4",2917931,"1",
"980000",39154,"5",2917931,"1",
"980070",44353,"1",2917931,"1",
"980070",39266,"2",2917931,"1",
"980070",45864,"3",2917931,"1",
"980070",51451,"4",2917931,"1",
"980070",39154,"5",2917931,"1",
"900000",24531,"1",2917932,"1",
"900000",17127,"2",2917932,"1",
"900000",15935,"3",2917932,"1",
"900000",40444,"4",2917932,"1",
"900000",96596,"5",2917932,"1",
"980000",24531,"1",2917932,"1",
"980000",17127,"2",2917932,"1",
"980000",15935,"3",2917932,"1",
"980000",40444,"4",2917932,"1",
"980000",96596,"5",2917932,"1",
"980070",24531,"1",2917932,"1",
"980070",17127,"2",2917932,"1",
"980070",15935,"3",2917932,"1",
"980070",40444,"4",2917932,"1",
"980070",96596,"5",2917932,"1",
"900000",38000,"1",2917961,"1",
"900000",38000,"2",2917961,"1",
"900000",38000,"3",2917961,"1",
"900000",38000,"4",2917961,"1",
"900000",38000,"5",2917961,"1",
"980000",38000,"1",2917961,"1",
"980000",38000,"2",2917961,"1",
"980000",38000,"3",2917961,"1",
"980000",38000,"4",2917961,"1",
"980000",38000,"5",2917961,"1",
"980070",34000,"1",2917961,"1",
"980070",34000,"2",2917961,"1",
"980070",34000,"3",2917961,"1",
"980070",34000,"4",2917961,"1",
"980070",34000,"5",2917961,"1",
"900000",38000,"1",2917962,"1",
"900000",38000,"2",2917962,"1",
"900000",38000,"3",2917962,"1",
"900000",38000,"4",2917962,"1",
"900000",38000,"5",2917962,"1",
"980000",38000,"1",2917962,"1",
"980000",38000,"2",2917962,"1",
"980000",38000,"3",2917962,"1",
"980000",38000,"4",2917962,"1",
"980000",38000,"5",2917962,"1",
"980070",34000,"1",2917962,"1",
"980070",34000,"2",2917962,"1",
"980070",34000,"3",2917962,"1",
"980070",34000,"4",2917962,"1",
"980070",34000,"5",2917962,"1",
"900000",46000,"1",2917971,"1",
"900000",46000,"2",2917971,"1",
"900000",46000,"3",2917971,"1",
"900000",46000,"4",2917971,"1",
"900000",46000,"5",2917971,"1",
"980000",46000,"1",2917971,"1",
"980000",46000,"2",2917971,"1",
"980000",46000,"3",2917971,"1",
"980000",46000,"4",2917971,"1",
"980000",46000,"5",2917971,"1",
"980070",46650,"1",2917971,"1",
"980070",46650,"2",2917971,"1",
"980070",46650,"3",2917971,"1",
"980070",46650,"4",2917971,"1",
"980070",46650,"5",2917971,"1",
"900000",46000,"1",2917972,"1",
"900000",46000,"2",2917972,"1",
"900000",46000,"3",2917972,"1",
"900000",46000,"4",2917972,"1",
"900000",46000,"5",2917972,"1",
"980000",46000,"1",2917972,"1",
"980000",46000,"2",2917972,"1",
"980000",46000,"3",2917972,"1",
"980000",46000,"4",2917972,"1",
"980000",46000,"5",2917972,"1",
"980070",46650,"1",2917972,"1",
"980070",46650,"2",2917972,"1",
"980070",46650,"3",2917972,"1",
"980070",46650,"4",2917972,"1",
"980070",46650,"5",2917972,"1",
"900000",82000,"1",2917981,"1",
"900000",82000,"2",2917981,"1",
"900000",82000,"3",2917981,"1",
"900000",82000,"4",2917981,"1",
"900000",82000,"5",2917981,"1",
"900140",2700,"1",2917981,"1",
"900140",2700,"2",2917981,"1",
"900140",2700,"3",2917981,"1",
"900140",2700,"4",2917981,"1",
"900140",2700,"5",2917981,"1",
"900180",5000,"1",2917981,"1",
"900180",5000,"2",2917981,"1",
"900180",5000,"3",2917981,"1",
"900180",5000,"4",2917981,"1",
"900180",5000,"5",2917981,"1",
"900200",384,"1",2917981,"1",
"900200",384,"2",2917981,"1",
"900200",384,"3",2917981,"1",
"900200",384,"4",2917981,"1",
"900200",384,"5",2917981,"1",
"900210",4000,"1",2917981,"1",
"900210",4000,"2",2917981,"1",
"900210",4000,"3",2917981,"1",
"900210",4000,"4",2917981,"1",
"900210",4000,"5",2917981,"1",
"980000",94084,"1",2917981,"1",
"980000",94084,"2",2917981,"1",
"980000",94084,"3",2917981,"1",
"980000",94084,"4",2917981,"1",
"980000",94084,"5",2917981,"1",
"980070",96784,"1",2917981,"1",
"980070",96784,"2",2917981,"1",
"980070",96784,"3",2917981,"1",
"980070",96784,"4",2917981,"1",
"980070",96784,"5",2917981,"1",
"900000",82000,"1",2917982,"1",
"900000",82000,"2",2917982,"1",
"900000",82000,"3",2917982,"1",
"900000",82000,"4",2917982,"1",
"900000",82000,"5",2917982,"1",
"900140",2700,"1",2917982,"1",
"900140",2700,"2",2917982,"1",
"900140",2700,"3",2917982,"1",
"900140",2700,"4",2917982,"1",
"900140",2700,"5",2917982,"1",
"900180",5000,"1",2917982,"1",
"900180",5000,"2",2917982,"1",
"900180",5000,"3",2917982,"1",
"900180",5000,"4",2917982,"1",
"900180",5000,"5",2917982,"1",
"900200",384,"1",2917982,"1",
"900200",384,"2",2917982,"1",
"900200",384,"3",2917982,"1",
"900200",384,"4",2917982,"1",
"900200",384,"5",2917982,"1",
"900210",4000,"1",2917982,"1",
"900210",4000,"2",2917982,"1",
"900210",4000,"3",2917982,"1",
"900210",4000,"4",2917982,"1",
"900210",4000,"5",2917982,"1",
"980000",94084,"1",2917982,"1",
"980000",94084,"2",2917982,"1",
"980000",94084,"3",2917982,"1",
"980000",94084,"4",2917982,"1",
"980000",94084,"5",2917982,"1",
"980070",96784,"1",2917982,"1",
"980070",96784,"2",2917982,"1",
"980070",96784,"3",2917982,"1",
"980070",96784,"4",2917982,"1",
"980070",96784,"5",2917982,"1",
"800940",5873,"1",2918011,"1",
"800940",5317,"2",2918011,"1",
"800940",4788,"3",2918011,"1",
"800940",5954,"4",2918011,"1",
"800940",5335,"5",2918011,"1",
"900000",75917,"1",2918011,"1",
"900000",75719,"2",2918011,"1",
"900000",70382,"3",2918011,"1",
"900000",68314,"4",2918011,"1",
"900000",64126,"5",2918011,"1",
"900160",13642,"1",2918011,"1",
"900160",10383,"2",2918011,"1",
"900160",10216,"3",2918011,"1",
"900160",14939,"4",2918011,"1",
"900160",14371,"5",2918011,"1",
"900180",10,"1",2918011,"1",
"900180",10,"2",2918011,"1",
"900180",10,"3",2918011,"1",
"900180",10,"4",2918011,"1",
"900180",10,"5",2918011,"1",
"980000",89569,"1",2918011,"1",
"980000",86112,"2",2918011,"1",
"980000",80608,"3",2918011,"1",
"980000",83263,"4",2918011,"1",
"980000",78507,"5",2918011,"1",
"980070",89569,"1",2918011,"1",
"980070",86112,"2",2918011,"1",
"980070",80608,"3",2918011,"1",
"980070",83263,"4",2918011,"1",
"980070",78507,"5",2918011,"1",
"800940",5565,"1",2918012,"1",
"800940",5655,"2",2918012,"1",
"800940",6058,"3",2918012,"1",
"800940",4873,"4",2918012,"1",
"800940",5601,"5",2918012,"1",
"900000",72317,"1",2918012,"1",
"900000",78694,"2",2918012,"1",
"900000",78725,"3",2918012,"1",
"900000",68983,"4",2918012,"1",
"900000",78778,"5",2918012,"1",
"900160",11689,"1",2918012,"1",
"900160",12500,"2",2918012,"1",
"900160",14642,"3",2918012,"1",
"900160",11061,"4",2918012,"1",
"900160",11833,"5",2918012,"1",
"900180",10,"1",2918012,"1",
"900180",10,"2",2918012,"1",
"900180",10,"3",2918012,"1",
"900180",10,"4",2918012,"1",
"900180",10,"5",2918012,"1",
"980000",84016,"1",2918012,"1",
"980000",91204,"2",2918012,"1",
"980000",93377,"3",2918012,"1",
"980000",80054,"4",2918012,"1",
"980000",90621,"5",2918012,"1",
"980070",84016,"1",2918012,"1",
"980070",91204,"2",2918012,"1",
"980070",93377,"3",2918012,"1",
"980070",80054,"4",2918012,"1",
"980070",90621,"5",2918012,"1",
"900030",9540,"1",2918031,"1",
"900030",2148,"2",2918031,"1",
"900030",11856,"3",2918031,"1",
"900030",18516,"4",2918031,"1",
"900030",9876,"5",2918031,"1",
"900090",9181,"1",2918031,"1",
"900090",1455,"2",2918031,"1",
"900090",742,"3",2918031,"1",
"900090",1477,"4",2918031,"1",
"900090",12175,"5",2918031,"1",
"900150",4476,"1",2918031,"1",
"900150",7152,"2",2918031,"1",
"900150",1704,"3",2918031,"1",
"900150",5592,"4",2918031,"1",
"900150",4836,"5",2918031,"1",
"980000",23197,"1",2918031,"1",
"980000",10755,"2",2918031,"1",
"980000",14302,"3",2918031,"1",
"980000",25585,"4",2918031,"1",
"980000",26887,"5",2918031,"1",
"980070",23197,"1",2918031,"1",
"980070",10755,"2",2918031,"1",
"980070",14302,"3",2918031,"1",
"980070",25585,"4",2918031,"1",
"980070",26887,"5",2918031,"1",
"900030",636,"1",2918032,"1",
"900030",4056,"2",2918032,"1",
"900030",11124,"3",2918032,"1",
"900030",11424,"4",2918032,"1",
"900030",144,"5",2918032,"1",
"900150",2628,"1",2918032,"1",
"900150",3276,"2",2918032,"1",
"900150",1320,"3",2918032,"1",
"900150",180,"4",2918032,"1",
"900150",840,"5",2918032,"1",
"980000",3264,"1",2918032,"1",
"980000",7332,"2",2918032,"1",
"980000",12444,"3",2918032,"1",
"980000",11604,"4",2918032,"1",
"980000",984,"5",2918032,"1",
"980070",3264,"1",2918032,"1",
"980070",7332,"2",2918032,"1",
"980070",12444,"3",2918032,"1",
"980070",11604,"4",2918032,"1",
"980070",984,"5",2918032,"1",
"900030",37630,"1",2918051,"1",
"900030",37630,"2",2918051,"1",
"900030",37630,"3",2918051,"1",
"900030",37630,"4",2918051,"1",
"900030",37630,"5",2918051,"1",
"900170",3000,"1",2918051,"1",
"900170",3000,"2",2918051,"1",
"900170",3000,"3",2918051,"1",
"900170",3000,"4",2918051,"1",
"900170",3000,"5",2918051,"1",
"900180",2500,"1",2918051,"1",
"900180",2500,"2",2918051,"1",
"900180",2500,"3",2918051,"1",
"900180",2500,"4",2918051,"1",
"900180",2500,"5",2918051,"1",
"900190",100,"1",2918051,"1",
"900190",100,"2",2918051,"1",
"900190",100,"3",2918051,"1",
"900190",100,"4",2918051,"1",
"900190",100,"5",2918051,"1",
"980000",43230,"1",2918051,"1",
"980000",43230,"2",2918051,"1",
"980000",43230,"3",2918051,"1",
"980000",43230,"4",2918051,"1",
"980000",43230,"5",2918051,"1",
"980070",43130,"1",2918051,"1",
"980070",43130,"2",2918051,"1",
"980070",43130,"3",2918051,"1",
"980070",43130,"4",2918051,"1",
"980070",43130,"5",2918051,"1",
"900030",37630,"1",2918052,"1",
"900030",37630,"2",2918052,"1",
"900030",37630,"3",2918052,"1",
"900030",37630,"4",2918052,"1",
"900030",37630,"5",2918052,"1",
"900170",3000,"1",2918052,"1",
"900170",3000,"2",2918052,"1",
"900170",3000,"3",2918052,"1",
"900170",3000,"4",2918052,"1",
"900170",3000,"5",2918052,"1",
"900180",2500,"1",2918052,"1",
"900180",2500,"2",2918052,"1",
"900180",2500,"3",2918052,"1",
"900180",2500,"4",2918052,"1",
"900180",2500,"5",2918052,"1",
"900190",100,"1",2918052,"1",
"900190",100,"2",2918052,"1",
"900190",100,"3",2918052,"1",
"900190",100,"4",2918052,"1",
"900190",100,"5",2918052,"1",
"980000",43230,"1",2918052,"1",
"980000",43230,"2",2918052,"1",
"980000",43230,"3",2918052,"1",
"980000",43230,"4",2918052,"1",
"980000",43230,"5",2918052,"1",
"980070",43130,"1",2918052,"1",
"980070",43130,"2",2918052,"1",
"980070",43130,"3",2918052,"1",
"980070",43130,"4",2918052,"1",
"980070",43130,"5",2918052,"1",
"900000",42000,"1",2918071,"1",
"900000",42000,"2",2918071,"1",
"900000",42000,"3",2918071,"1",
"900000",42000,"4",2918071,"1",
"900000",42000,"5",2918071,"1",
"980000",42000,"1",2918071,"1",
"980000",42000,"2",2918071,"1",
"980000",42000,"3",2918071,"1",
"980000",42000,"4",2918071,"1",
"980000",42000,"5",2918071,"1",
"980070",48000,"1",2918071,"1",
"980070",48000,"2",2918071,"1",
"980070",48000,"3",2918071,"1",
"980070",48000,"4",2918071,"1",
"980070",48000,"5",2918071,"1",
"900000",42000,"1",2918072,"1",
"900000",42000,"2",2918072,"1",
"900000",42000,"3",2918072,"1",
"900000",42000,"4",2918072,"1",
"900000",42000,"5",2918072,"1",
"980000",42000,"1",2918072,"1",
"980000",42000,"2",2918072,"1",
"980000",42000,"3",2918072,"1",
"980000",42000,"4",2918072,"1",
"980000",42000,"5",2918072,"1",
"980070",48000,"1",2918072,"1",
"980070",48000,"2",2918072,"1",
"980070",48000,"3",2918072,"1",
"980070",48000,"4",2918072,"1",
"980070",48000,"5",2918072,"1",
"900000",171000,"1",2918091,"1",
"900000",171000,"2",2918091,"1",
"900000",171000,"3",2918091,"1",
"900000",171000,"4",2918091,"1",
"900000",171000,"5",2918091,"1",
"980000",171000,"1",2918091,"1",
"980000",171000,"2",2918091,"1",
"980000",171000,"3",2918091,"1",
"980000",171000,"4",2918091,"1",
"980000",171000,"5",2918091,"1",
"980070",171000,"1",2918091,"1",
"980070",171000,"2",2918091,"1",
"980070",171000,"3",2918091,"1",
"980070",171000,"4",2918091,"1",
"980070",171000,"5",2918091,"1",
"900000",171000,"1",2918092,"1",
"900000",171000,"2",2918092,"1",
"900000",171000,"3",2918092,"1",
"900000",171000,"4",2918092,"1",
"900000",171000,"5",2918092,"1",
"980000",171000,"1",2918092,"1",
"980000",171000,"2",2918092,"1",
"980000",171000,"3",2918092,"1",
"980000",171000,"4",2918092,"1",
"980000",171000,"5",2918092,"1",
"980070",171000,"1",2918092,"1",
"980070",171000,"2",2918092,"1",
"980070",171000,"3",2918092,"1",
"980070",171000,"4",2918092,"1",
"980070",171000,"5",2918092,"1",
"900030",9947,"1",2918101,"1",
"900030",9947,"2",2918101,"1",
"900030",9947,"3",2918101,"1",
"900030",9947,"4",2918101,"1",
"900030",9947,"5",2918101,"1",
"980000",9947,"1",2918101,"1",
"980000",9947,"2",2918101,"1",
"980000",9947,"3",2918101,"1",
"980000",9947,"4",2918101,"1",
"980000",9947,"5",2918101,"1",
"980070",10027,"1",2918101,"1",
"980070",10027,"2",2918101,"1",
"980070",10027,"3",2918101,"1",
"980070",10027,"4",2918101,"1",
"980070",10027,"5",2918101,"1",
"900030",9947,"1",2918102,"1",
"900030",9947,"2",2918102,"1",
"900030",9947,"3",2918102,"1",
"900030",9947,"4",2918102,"1",
"900030",9947,"5",2918102,"1",
"980000",9947,"1",2918102,"1",
"980000",9947,"2",2918102,"1",
"980000",9947,"3",2918102,"1",
"980000",9947,"4",2918102,"1",
"980000",9947,"5",2918102,"1",
"980070",10027,"1",2918102,"1",
"980070",10027,"2",2918102,"1",
"980070",10027,"3",2918102,"1",
"980070",10027,"4",2918102,"1",
"980070",10027,"5",2918102,"1",
"800940",1745,"1",2918111,"1",
"800940",1526,"2",2918111,"1",
"800940",1923,"3",2918111,"1",
"800940",408,"4",2918111,"1",
"800940",1637,"5",2918111,"1",
"900000",54838,"1",2918111,"1",
"900000",70840,"2",2918111,"1",
"900000",51271,"3",2918111,"1",
"900000",48374,"4",2918111,"1",
"900000",80963,"5",2918111,"1",
"900030",9696,"1",2918111,"1",
"900030",9696,"2",2918111,"1",
"900030",9696,"3",2918111,"1",
"900030",9696,"4",2918111,"1",
"900030",9696,"5",2918111,"1",
"900150",4404,"1",2918111,"1",
"900150",4404,"2",2918111,"1",
"900150",4404,"3",2918111,"1",
"900150",4404,"4",2918111,"1",
"900150",4404,"5",2918111,"1",
"900160",500,"1",2918111,"1",
"900160",500,"2",2918111,"1",
"900160",500,"3",2918111,"1",
"900160",500,"4",2918111,"1",
"900160",500,"5",2918111,"1",
"980000",69438,"1",2918111,"1",
"980000",85440,"2",2918111,"1",
"980000",65871,"3",2918111,"1",
"980000",62974,"4",2918111,"1",
"980000",95563,"5",2918111,"1",
"980070",75438,"1",2918111,"1",
"980070",91440,"2",2918111,"1",
"980070",71871,"3",2918111,"1",
"980070",68974,"4",2918111,"1",
"980070",101563,"5",2918111,"1",
"800940",1843,"1",2918112,"1",
"800940",2111,"2",2918112,"1",
"800940",1400,"3",2918112,"1",
"800940",1573,"4",2918112,"1",
"800940",1744,"5",2918112,"1",
"900000",45037,"1",2918112,"1",
"900000",47004,"2",2918112,"1",
"900000",66469,"3",2918112,"1",
"900000",48899,"4",2918112,"1",
"900000",82790,"5",2918112,"1",
"900030",9696,"1",2918112,"1",
"900030",9696,"2",2918112,"1",
"900030",9696,"3",2918112,"1",
"900030",9696,"4",2918112,"1",
"900030",9696,"5",2918112,"1",
"900150",4404,"1",2918112,"1",
"900150",4404,"2",2918112,"1",
"900150",4404,"3",2918112,"1",
"900150",4404,"4",2918112,"1",
"900150",4404,"5",2918112,"1",
"900160",500,"1",2918112,"1",
"900160",500,"2",2918112,"1",
"900160",500,"3",2918112,"1",
"900160",500,"4",2918112,"1",
"900160",500,"5",2918112,"1",
"980000",59637,"1",2918112,"1",
"980000",61604,"2",2918112,"1",
"980000",81069,"3",2918112,"1",
"980000",63499,"4",2918112,"1",
"980000",97390,"5",2918112,"1",
"980070",65637,"1",2918112,"1",
"980070",67604,"2",2918112,"1",
"980070",87069,"3",2918112,"1",
"980070",69499,"4",2918112,"1",
"980070",103390,"5",2918112,"1",
"900000",152218,"1",2918121,"1",
"900000",150114,"2",2918121,"1",
"900000",169676,"3",2918121,"1",
"900000",145667,"4",2918121,"1",
"900000",158329,"5",2918121,"1",
"900030",29316,"1",2918121,"1",
"900030",27384,"2",2918121,"1",
"900030",26208,"3",2918121,"1",
"900030",46140,"4",2918121,"1",
"900030",25704,"5",2918121,"1",
"900180",1,"1",2918121,"1",
"900180",2,"2",2918121,"1",
"900180",1,"3",2918121,"1",
"900180",192,"4",2918121,"1",
"900180",3,"5",2918121,"1",
"900210",2200,"1",2918121,"1",
"900210",2200,"2",2918121,"1",
"900210",2200,"3",2918121,"1",
"900210",2200,"4",2918121,"1",
"900210",2200,"5",2918121,"1",
"980000",183735,"1",2918121,"1",
"980000",179700,"2",2918121,"1",
"980000",198085,"3",2918121,"1",
"980000",194199,"4",2918121,"1",
"980000",186236,"5",2918121,"1",
"980070",188535,"1",2918121,"1",
"980070",184500,"2",2918121,"1",
"980070",202885,"3",2918121,"1",
"980070",198999,"4",2918121,"1",
"980070",191036,"5",2918121,"1",
"900000",157131,"1",2918122,"1",
"900000",158329,"2",2918122,"1",
"900000",154485,"3",2918122,"1",
"900000",147634,"4",2918122,"1",
"900000",142199,"5",2918122,"1",
"900030",24228,"1",2918122,"1",
"900030",24180,"2",2918122,"1",
"900030",38640,"3",2918122,"1",
"900030",24876,"4",2918122,"1",
"900030",24312,"5",2918122,"1",
"900180",101,"1",2918122,"1",
"900180",12,"2",2918122,"1",
"900180",9,"3",2918122,"1",
"900180",696,"4",2918122,"1",
"900180",203,"5",2918122,"1",
"900210",2200,"1",2918122,"1",
"900210",2200,"2",2918122,"1",
"900210",2200,"3",2918122,"1",
"900210",2200,"4",2918122,"1",
"900210",2200,"5",2918122,"1",
"980000",183660,"1",2918122,"1",
"980000",184721,"2",2918122,"1",
"980000",195334,"3",2918122,"1",
"980000",175406,"4",2918122,"1",
"980000",168914,"5",2918122,"1",
"980070",188460,"1",2918122,"1",
"980070",189521,"2",2918122,"1",
"980070",200134,"3",2918122,"1",
"980070",180206,"4",2918122,"1",
"980070",173714,"5",2918122,"1",
"800940",10967,"1",2918131,"1","T"
"800940",10967,"2",2918131,"1","T"
"800940",10967,"3",2918131,"1","T"
"800940",10967,"4",2918131,"1","T"
"800940",10967,"5",2918131,"1","T"
"900000",205487,"1",2918131,"1","T"
"900000",205487,"2",2918131,"1","T"
"900000",205487,"3",2918131,"1","T"
"900000",205487,"4",2918131,"1","T"
"900000",205487,"5",2918131,"1","T"
"900030",15851,"1",2918131,"1",
"900030",15851,"2",2918131,"1",
"900030",15851,"3",2918131,"1",
"900030",15851,"4",2918131,"1",
"900030",15851,"5",2918131,"1",
"900160",26135,"1",2918131,"1",
"900160",16906,"2",2918131,"1",
"900160",5224,"3",2918131,"1",
"900160",103263,"4",2918131,"1",
"900160",622,"5",2918131,"1",
"900170",21300,"1",2918131,"1",
"900170",21300,"2",2918131,"1",
"900170",21300,"3",2918131,"1",
"900170",21300,"4",2918131,"1",
"900170",21300,"5",2918131,"1",
"900180",500,"1",2918131,"1",
"900180",500,"2",2918131,"1",
"900180",500,"3",2918131,"1",
"900180",500,"4",2918131,"1",
"900180",500,"5",2918131,"1",
"900200",1500,"1",2918131,"1",
"900200",1500,"2",2918131,"1",
"900200",1500,"3",2918131,"1",
"900200",1500,"4",2918131,"1",
"900200",1500,"5",2918131,"1",
"980000",275068,"1",2918131,"1","T"
"980000",275068,"2",2918131,"1","T"
"980000",275068,"3",2918131,"1","T"
"980000",275068,"4",2918131,"1","T"
"980000",275068,"5",2918131,"1","T"
"980070",275068,"1",2918131,"1","T"
"980070",275068,"2",2918131,"1","T"
"980070",275068,"3",2918131,"1","T"
"980070",275068,"4",2918131,"1","T"
"980070",275068,"5",2918131,"1","T"
"800940",10967,"1",2918132,"1","T"
"800940",10967,"2",2918132,"1","T"
"800940",10967,"3",2918132,"1","T"
"800940",10967,"4",2918132,"1","T"
"800940",10967,"5",2918132,"1","T"
"900000",205487,"1",2918132,"1","T"
"900000",205487,"2",2918132,"1","T"
"900000",205487,"3",2918132,"1","T"
"900000",205487,"4",2918132,"1","T"
"900000",205487,"5",2918132,"1","T"
"900030",15851,"1",2918132,"1",
"900030",15851,"2",2918132,"1",
"900030",15851,"3",2918132,"1",
"900030",15851,"4",2918132,"1",
"900030",15851,"5",2918132,"1",
"900160",80806,"1",2918132,"1",
"900160",198028,"2",2918132,"1",
"900160",130000,"3",2918132,"1",
"900160",43625,"4",2918132,"1",
"900160",12286,"5",2918132,"1",
"900170",21300,"1",2918132,"1",
"900170",21300,"2",2918132,"1",
"900170",21300,"3",2918132,"1",
"900170",21300,"4",2918132,"1",
"900170",21300,"5",2918132,"1",
"900180",500,"1",2918132,"1",
"900180",500,"2",2918132,"1",
"900180",500,"3",2918132,"1",
"900180",500,"4",2918132,"1",
"900180",500,"5",2918132,"1",
"900200",1500,"1",2918132,"1",
"900200",1500,"2",2918132,"1",
"900200",1500,"3",2918132,"1",
"900200",1500,"4",2918132,"1",
"900200",1500,"5",2918132,"1",
"980000",337587,"1",2918132,"1","T"
"980000",337587,"2",2918132,"1","T"
"980000",337587,"3",2918132,"1","T"
"980000",337587,"4",2918132,"1","T"
"980000",337587,"5",2918132,"1","T"
"980070",337587,"1",2918132,"1","T"
"980070",337587,"2",2918132,"1","T"
"980070",337587,"3",2918132,"1","T"
"980070",337587,"4",2918132,"1","T"
"980070",337587,"5",2918132,"1","T"
"900000",145662,"1",2918151,"1",
"900000",145038,"2",2918151,"1",
"900000",149655,"3",2918151,"1",
"900000",149116,"4",2918151,"1",
"900000",146151,"5",2918151,"1",
"980000",145662,"1",2918151,"1",
"980000",145038,"2",2918151,"1",
"980000",149655,"3",2918151,"1",
"980000",149116,"4",2918151,"1",
"980000",146151,"5",2918151,"1",
"980070",149462,"1",2918151,"1",
"980070",148838,"2",2918151,"1",
"980070",153455,"3",2918151,"1",
"980070",152916,"4",2918151,"1",
"980070",149951,"5",2918151,"1",
"900000",147447,"1",2918152,"1",
"900000",148564,"2",2918152,"1",
"900000",145074,"3",2918152,"1",
"900000",145123,"4",2918152,"1",
"900000",146261,"5",2918152,"1",
"980000",147447,"1",2918152,"1",
"980000",148564,"2",2918152,"1",
"980000",145074,"3",2918152,"1",
"980000",145123,"4",2918152,"1",
"980000",146261,"5",2918152,"1",
"980070",151247,"1",2918152,"1",
"980070",152364,"2",2918152,"1",
"980070",148874,"3",2918152,"1",
"980070",148923,"4",2918152,"1",
"980070",150061,"5",2918152,"1",
"800940",10967,"1",2918181,"1","T"
"800940",10967,"2",2918181,"1","T"
"800940",10967,"3",2918181,"1","T"
"800940",10967,"4",2918181,"1","T"
"800940",10967,"5",2918181,"1","T"
"900000",205487,"1",2918181,"1","T"
"900000",205487,"2",2918181,"1","T"
"900000",205487,"3",2918181,"1","T"
"900000",205487,"4",2918181,"1","T"
"900000",205487,"5",2918181,"1","T"
"900160",198561,"1",2918181,"1",
"900160",55215,"2",2918181,"1",
"900160",25416,"3",2918181,"1",
"900160",33161,"4",2918181,"1",
"900160",9297,"5",2918181,"1",
"900180",30000,"1",2918181,"1",
"900180",30000,"2",2918181,"1",
"900180",30000,"3",2918181,"1",
"900180",30000,"4",2918181,"1",
"900180",30000,"5",2918181,"1",
"900200",60000,"1",2918181,"1",
"900200",60000,"2",2918181,"1",
"900200",60000,"3",2918181,"1",
"900200",60000,"4",2918181,"1",
"900200",60000,"5",2918181,"1",
"980000",359817,"1",2918181,"1","T"
"980000",359817,"2",2918181,"1","T"
"980000",359817,"3",2918181,"1","T"
"980000",359817,"4",2918181,"1","T"
"980000",359817,"5",2918181,"1","T"
"980070",296056,"1",2918181,"1","T"
"980070",296056,"2",2918181,"1","T"
"980070",296056,"3",2918181,"1","T"
"980070",296056,"4",2918181,"1","T"
"980070",296056,"5",2918181,"1","T"
"800940",10967,"1",2918182,"1","T"
"800940",10967,"2",2918182,"1","T"
"800940",10967,"3",2918182,"1","T"
"800940",10967,"4",2918182,"1","T"
"800940",10967,"5",2918182,"1","T"
"900000",205487,"1",2918182,"1","T"
"900000",205487,"2",2918182,"1","T"
"900000",205487,"3",2918182,"1","T"
"900000",205487,"4",2918182,"1","T"
"900000",205487,"5",2918182,"1","T"
"900160",49662,"1",2918182,"1",
"900160",39350,"2",2918182,"1",
"900160",49586,"3",2918182,"1",
"900160",71418,"4",2918182,"1",
"900160",231538,"5",2918182,"1",
"900180",30000,"1",2918182,"1",
"900180",30000,"2",2918182,"1",
"900180",30000,"3",2918182,"1",
"900180",30000,"4",2918182,"1",
"900180",30000,"5",2918182,"1",
"900200",60000,"1",2918182,"1",
"900200",60000,"2",2918182,"1",
"900200",60000,"3",2918182,"1",
"900200",60000,"4",2918182,"1",
"900200",60000,"5",2918182,"1",
"980000",383797,"1",2918182,"1","T"
"980000",383797,"2",2918182,"1","T"
"980000",383797,"3",2918182,"1","T"
"980000",383797,"4",2918182,"1","T"
"980000",383797,"5",2918182,"1","T"
"980070",320037,"1",2918182,"1","T"
"980070",320037,"2",2918182,"1","T"
"980070",320037,"3",2918182,"1","T"
"980070",320037,"4",2918182,"1","T"
"980070",320037,"5",2918182,"1","T"
"900000",105000,"1",2918191,"1",
"900000",105000,"2",2918191,"1",
"900000",105000,"3",2918191,"1",
"900000",105000,"4",2918191,"1",
"900000",105000,"5",2918191,"1",
"980000",105000,"1",2918191,"1",
"980000",105000,"2",2918191,"1",
"980000",105000,"3",2918191,"1",
"980000",105000,"4",2918191,"1",
"980000",105000,"5",2918191,"1",
"980070",106500,"1",2918191,"1",
"980070",106500,"2",2918191,"1",
"980070",106500,"3",2918191,"1",
"980070",106500,"4",2918191,"1",
"980070",106500,"5",2918191,"1",
"900000",105000,"1",2918192,"1",
"900000",105000,"2",2918192,"1",
"900000",105000,"3",2918192,"1",
"900000",105000,"4",2918192,"1",
"900000",105000,"5",2918192,"1",
"980000",105000,"1",2918192,"1",
"980000",105000,"2",2918192,"1",
"980000",105000,"3",2918192,"1",
"980000",105000,"4",2918192,"1",
"980000",105000,"5",2918192,"1",
"980070",106500,"1",2918192,"1",
"980070",106500,"2",2918192,"1",
"980070",106500,"3",2918192,"1",
"980070",106500,"4",2918192,"1",
"980070",106500,"5",2918192,"1",
"900000",45263,"1",2918201,"1",
"900000",47756,"2",2918201,"1",
"900000",46558,"3",2918201,"1",
"900000",48341,"4",2918201,"1",
"900000",48996,"5",2918201,"1",
"980000",45263,"1",2918201,"1",
"980000",47756,"2",2918201,"1",
"980000",46558,"3",2918201,"1",
"980000",48341,"4",2918201,"1",
"980000",48996,"5",2918201,"1",
"980070",47263,"1",2918201,"1",
"980070",49756,"2",2918201,"1",
"980070",48558,"3",2918201,"1",
"980070",50341,"4",2918201,"1",
"980070",50996,"5",2918201,"1",
"900000",47268,"1",2918202,"1",
"900000",45215,"2",2918202,"1",
"900000",46009,"3",2918202,"1",
"900000",45915,"4",2918202,"1",
"900000",48878,"5",2918202,"1",
"980000",47268,"1",2918202,"1",
"980000",45215,"2",2918202,"1",
"980000",46009,"3",2918202,"1",
"980000",45915,"4",2918202,"1",
"980000",48878,"5",2918202,"1",
"980070",49268,"1",2918202,"1",
"980070",47215,"2",2918202,"1",
"980070",48009,"3",2918202,"1",
"980070",47915,"4",2918202,"1",
"980070",50878,"5",2918202,"1",
"900000",90000,"1",2918241,"1",
"900000",90000,"2",2918241,"1",
"900000",90000,"3",2918241,"1",
"900000",90000,"4",2918241,"1",
"900000",90000,"5",2918241,"1",
"980000",90000,"1",2918241,"1",
"980000",90000,"2",2918241,"1",
"980000",90000,"3",2918241,"1",
"980000",90000,"4",2918241,"1",
"980000",90000,"5",2918241,"1",
"980070",90700,"1",2918241,"1",
"980070",90700,"2",2918241,"1",
"980070",90700,"3",2918241,"1",
"980070",90700,"4",2918241,"1",
"980070",90700,"5",2918241,"1",
"900000",90000,"1",2918242,"1",
"900000",90000,"2",2918242,"1",
"900000",90000,"3",2918242,"1",
"900000",90000,"4",2918242,"1",
"900000",90000,"5",2918242,"1",
"980000",90000,"1",2918242,"1",
"980000",90000,"2",2918242,"1",
"980000",90000,"3",2918242,"1",
"980000",90000,"4",2918242,"1",
"980000",90000,"5",2918242,"1",
"980070",90700,"1",2918242,"1",
"980070",90700,"2",2918242,"1",
"980070",90700,"3",2918242,"1",
"980070",90700,"4",2918242,"1",
"980070",90700,"5",2918242,"1",
"900030",11471,"1",2918251,"1",
"900030",11351,"2",2918251,"1",
"900030",12191,"3",2918251,"1",
"900030",13487,"4",2918251,"1",
"900030",7883,"5",2918251,"1",
"980000",11471,"1",2918251,"1",
"980000",11351,"2",2918251,"1",
"980000",12191,"3",2918251,"1",
"980000",13487,"4",2918251,"1",
"980000",7883,"5",2918251,"1",
"980070",11471,"1",2918251,"1",
"980070",11351,"2",2918251,"1",
"980070",12191,"3",2918251,"1",
"980070",13487,"4",2918251,"1",
"980070",7883,"5",2918251,"1",
"900030",8831,"1",2918252,"1",
"900030",7799,"2",2918252,"1",
"900030",6215,"3",2918252,"1",
"900030",13679,"4",2918252,"1",
"900030",10895,"5",2918252,"1",
"980000",8831,"1",2918252,"1",
"980000",7799,"2",2918252,"1",
"980000",6215,"3",2918252,"1",
"980000",13679,"4",2918252,"1",
"980000",10895,"5",2918252,"1",
"980070",8831,"1",2918252,"1",
"980070",7799,"2",2918252,"1",
"980070",6215,"3",2918252,"1",
"980070",13679,"4",2918252,"1",
"980070",10895,"5",2918252,"1",
"900000",42000,"1",2918261,"1",
"900000",42000,"2",2918261,"1",
"900000",42000,"3",2918261,"1",
"900000",42000,"4",2918261,"1",
"900000",42000,"5",2918261,"1",
"900140",600,"1",2918261,"1",
"900140",600,"2",2918261,"1",
"900140",600,"3",2918261,"1",
"900140",600,"4",2918261,"1",
"900140",600,"5",2918261,"1",
"980000",42600,"1",2918261,"1",
"980000",42600,"2",2918261,"1",
"980000",42600,"3",2918261,"1",
"980000",42600,"4",2918261,"1",
"980000",42600,"5",2918261,"1",
"980070",47800,"1",2918261,"1",
"980070",47800,"2",2918261,"1",
"980070",47800,"3",2918261,"1",
"980070",47800,"4",2918261,"1",
"980070",47800,"5",2918261,"1",
"900000",42000,"1",2918262,"1",
"900000",42000,"2",2918262,"1",
"900000",42000,"3",2918262,"1",
"900000",42000,"4",2918262,"1",
"900000",42000,"5",2918262,"1",
"900140",600,"1",2918262,"1",
"900140",600,"2",2918262,"1",
"900140",600,"3",2918262,"1",
"900140",600,"4",2918262,"1",
"900140",600,"5",2918262,"1",
"980000",42600,"1",2918262,"1",
"980000",42600,"2",2918262,"1",
"980000",42600,"3",2918262,"1",
"980000",42600,"4",2918262,"1",
"980000",42600,"5",2918262,"1",
"980070",47800,"1",2918262,"1",
"980070",47800,"2",2918262,"1",
"980070",47800,"3",2918262,"1",
"980070",47800,"4",2918262,"1",
"980070",47800,"5",2918262,"1",
"900000",23000,"1",2918282,"1",
"900000",23000,"2",2918282,"1",
"900000",23000,"3",2918282,"1",
"900000",23000,"4",2918282,"1",
"900000",23000,"5",2918282,"1",
"900150",2280,"1",2918282,"1",
"900150",2280,"2",2918282,"1",
"900150",2280,"3",2918282,"1",
"900150",2280,"4",2918282,"1",
"900150",2280,"5",2918282,"1",
"900210",75,"1",2918282,"1",
"900210",75,"2",2918282,"1",
"900210",75,"3",2918282,"1",
"900210",75,"4",2918282,"1",
"900210",75,"5",2918282,"1",
"980000",25355,"1",2918282,"1",
"980000",25355,"2",2918282,"1",
"980000",25355,"3",2918282,"1",
"980000",25355,"4",2918282,"1",
"980000",25355,"5",2918282,"1",
"980070",25355,"1",2918282,"1",
"980070",25355,"2",2918282,"1",
"980070",25355,"3",2918282,"1",
"980070",25355,"4",2918282,"1",
"980070",25355,"5",2918282,"1",
"900000",18000,"1",2918301,"1",
"900000",18000,"2",2918301,"1",
"900000",18000,"3",2918301,"1",
"900000",18000,"4",2918301,"1",
"900000",18000,"5",2918301,"1",
"980000",18000,"1",2918301,"1",
"980000",18000,"2",2918301,"1",
"980000",18000,"3",2918301,"1",
"980000",18000,"4",2918301,"1",
"980000",18000,"5",2918301,"1",
"980070",18000,"1",2918301,"1",
"980070",18000,"2",2918301,"1",
"980070",18000,"3",2918301,"1",
"980070",18000,"4",2918301,"1",
"980070",18000,"5",2918301,"1",
"900000",18000,"1",2918302,"1",
"900000",18000,"2",2918302,"1",
"900000",18000,"3",2918302,"1",
"900000",18000,"4",2918302,"1",
"900000",18000,"5",2918302,"1",
"980000",18000,"1",2918302,"1",
"980000",18000,"2",2918302,"1",
"980000",18000,"3",2918302,"1",
"980000",18000,"4",2918302,"1",
"980000",18000,"5",2918302,"1",
"980070",18000,"1",2918302,"1",
"980070",18000,"2",2918302,"1",
"980070",18000,"3",2918302,"1",
"980070",18000,"4",2918302,"1",
"980070",18000,"5",2918302,"1",
"900000",6205,"1",2918331,"1",
"900000",6043,"2",2918331,"1",
"900000",5817,"3",2918331,"1",
"900000",5463,"4",2918331,"1",
"900000",8561,"5",2918331,"1",
"980000",6205,"1",2918331,"1",
"980000",6043,"2",2918331,"1",
"980000",5817,"3",2918331,"1",
"980000",5463,"4",2918331,"1",
"980000",8561,"5",2918331,"1",
"980070",6585,"1",2918331,"1",
"980070",6423,"2",2918331,"1",
"980070",6197,"3",2918331,"1",
"980070",5843,"4",2918331,"1",
"980070",8941,"5",2918331,"1",
"900000",8946,"1",2918332,"1",
"900000",6578,"2",2918332,"1",
"900000",6502,"3",2918332,"1",
"900000",6471,"4",2918332,"1",
"900000",6090,"5",2918332,"1",
"980000",8946,"1",2918332,"1",
"980000",6578,"2",2918332,"1",
"980000",6502,"3",2918332,"1",
"980000",6471,"4",2918332,"1",
"980000",6090,"5",2918332,"1",
"980070",9326,"1",2918332,"1",
"980070",6958,"2",2918332,"1",
"980070",6882,"3",2918332,"1",
"980070",6851,"4",2918332,"1",
"980070",6470,"5",2918332,"1",
"900030",25186,"1",2918341,"1",
"900030",29254,"2",2918341,"1",
"900030",20614,"3",2918341,"1",
"900030",22750,"4",2918341,"1",
"900030",34510,"5",2918341,"1",
"900170",26265,"1",2918341,"1",
"900170",1102,"2",2918341,"1",
"900170",1630,"3",2918341,"1",
"900170",9471,"4",2918341,"1",
"900170",5540,"5",2918341,"1",
"980000",51451,"1",2918341,"1",
"980000",30356,"2",2918341,"1",
"980000",22244,"3",2918341,"1",
"980000",32221,"4",2918341,"1",
"980000",40050,"5",2918341,"1",
"980070",51451,"1",2918341,"1",
"980070",30356,"2",2918341,"1",
"980070",22244,"3",2918341,"1",
"980070",32221,"4",2918341,"1",
"980070",40050,"5",2918341,"1",
"900030",18226,"1",2918342,"1",
"900030",31966,"2",2918342,"1",
"900030",33190,"3",2918342,"1",
"900030",28162,"4",2918342,"1",
"900030",26158,"5",2918342,"1",
"900170",39165,"1",2918342,"1",
"900170",14400,"2",2918342,"1",
"900170",3021,"3",2918342,"1",
"900170",6099,"4",2918342,"1",
"900170",14712,"5",2918342,"1",
"980000",57391,"1",2918342,"1",
"980000",46366,"2",2918342,"1",
"980000",36211,"3",2918342,"1",
"980000",34261,"4",2918342,"1",
"980000",40870,"5",2918342,"1",
"980070",57391,"1",2918342,"1",
"980070",46366,"2",2918342,"1",
"980070",36211,"3",2918342,"1",
"980070",34261,"4",2918342,"1",
"980070",40870,"5",2918342,"1",
"900000",8401,"1",2918351,"1",
"900000",5262,"2",2918351,"1",
"900000",5177,"3",2918351,"1",
"900000",7071,"4",2918351,"1",
"900000",5223,"5",2918351,"1",
"900030",13955,"1",2918351,"1",
"900030",13955,"2",2918351,"1",
"900030",13955,"3",2918351,"1",
"900030",13955,"4",2918351,"1",
"900030",13955,"5",2918351,"1",
"900150",192,"1",2918351,"1",
"900150",192,"2",2918351,"1",
"900150",192,"3",2918351,"1",
"900150",192,"4",2918351,"1",
"900150",192,"5",2918351,"1",
"980000",22548,"1",2918351,"1",
"980000",19409,"2",2918351,"1",
"980000",19324,"3",2918351,"1",
"980000",21218,"4",2918351,"1",
"980000",19370,"5",2918351,"1",
"980070",22548,"1",2918351,"1",
"980070",19409,"2",2918351,"1",
"980070",19324,"3",2918351,"1",
"980070",21218,"4",2918351,"1",
"980070",19370,"5",2918351,"1",
"900000",7864,"1",2918352,"1",
"900000",6131,"2",2918352,"1",
"900000",6728,"3",2918352,"1",
"900000",8683,"4",2918352,"1",
"900000",5150,"5",2918352,"1",
"900030",13955,"1",2918352,"1",
"900030",13955,"2",2918352,"1",
"900030",13955,"3",2918352,"1",
"900030",13955,"4",2918352,"1",
"900030",13955,"5",2918352,"1",
"900150",192,"1",2918352,"1",
"900150",192,"2",2918352,"1",
"900150",192,"3",2918352,"1",
"900150",192,"4",2918352,"1",
"900150",192,"5",2918352,"1",
"980000",22011,"1",2918352,"1",
"980000",20278,"2",2918352,"1",
"980000",20875,"3",2918352,"1",
"980000",22830,"4",2918352,"1",
"980000",19297,"5",2918352,"1",
"980070",22011,"1",2918352,"1",
"980070",20278,"2",2918352,"1",
"980070",20875,"3",2918352,"1",
"980070",22830,"4",2918352,"1",
"980070",19297,"5",2918352,"1",
"900030",4956,"1",2918361,"1",
"900030",2724,"2",2918361,"1",
"900030",12204,"3",2918361,"1",
"900030",19248,"4",2918361,"1",
"900030",25284,"5",2918361,"1",
"900170",327,"1",2918361,"1",
"900170",426,"2",2918361,"1",
"900170",26191,"3",2918361,"1",
"900170",254,"4",2918361,"1",
"900170",712,"5",2918361,"1",
"900190",68016,"1",2918361,"1","T"
"900190",68016,"2",2918361,"1","T"
"900190",68016,"3",2918361,"1","T"
"900190",68016,"4",2918361,"1","T"
"900190",68016,"5",2918361,"1","T"
"980000",86481,"1",2918361,"1","T"
"980000",86481,"2",2918361,"1","T"
"980000",86481,"3",2918361,"1","T"
"980000",86481,"4",2918361,"1","T"
"980000",86481,"5",2918361,"1","T"
"980070",86481,"1",2918361,"1","T"
"980070",86481,"2",2918361,"1","T"
"980070",86481,"3",2918361,"1","T"
"980070",86481,"4",2918361,"1","T"
"980070",86481,"5",2918361,"1","T"
"900140",10181,"1",2918362,"1",
"900140",16115,"2",2918362,"1",
"900140",10181,"3",2918362,"1",
"900140",1091,"4",2918362,"1",
"900140",12686,"5",2918362,"1",
"900170",16571,"1",2918362,"1",
"900170",823,"2",2918362,"1",
"900170",1702,"3",2918362,"1",
"900170",247,"4",2918362,"1",
"900170",267,"5",2918362,"1",
"980000",26752,"1",2918362,"1",
"980000",16938,"2",2918362,"1",
"980000",11883,"3",2918362,"1",
"980000",1338,"4",2918362,"1",
"980000",12953,"5",2918362,"1",
"980070",26752,"1",2918362,"1",
"980070",16938,"2",2918362,"1",
"980070",11883,"3",2918362,"1",
"980070",1338,"4",2918362,"1",
"980070",12953,"5",2918362,"1",
"900000",70000,"1",2918371,"1",
"900000",70000,"2",2918371,"1",
"900000",70000,"3",2918371,"1",
"900000",70000,"4",2918371,"1",
"900000",70000,"5",2918371,"1",
"900180",1,"1",2918371,"1",
"900180",1,"2",2918371,"1",
"900180",1,"3",2918371,"1",
"900180",1,"4",2918371,"1",
"900180",1,"5",2918371,"1",
"900190",500,"1",2918371,"1",
"900190",500,"2",2918371,"1",
"900190",500,"3",2918371,"1",
"900190",500,"4",2918371,"1",
"900190",500,"5",2918371,"1",
"980000",70501,"1",2918371,"1",
"980000",70501,"2",2918371,"1",
"980000",70501,"3",2918371,"1",
"980000",70501,"4",2918371,"1",
"980000",70501,"5",2918371,"1",
"980070",79301,"1",2918371,"1",
"980070",79301,"2",2918371,"1",
"980070",79301,"3",2918371,"1",
"980070",79301,"4",2918371,"1",
"980070",79301,"5",2918371,"1",
"900000",70000,"1",2918372,"1",
"900000",70000,"2",2918372,"1",
"900000",70000,"3",2918372,"1",
"900000",70000,"4",2918372,"1",
"900000",70000,"5",2918372,"1",
"900180",1,"1",2918372,"1",
"900180",1,"2",2918372,"1",
"900180",1,"3",2918372,"1",
"900180",1,"4",2918372,"1",
"900180",1,"5",2918372,"1",
"900190",500,"1",2918372,"1",
"900190",500,"2",2918372,"1",
"900190",500,"3",2918372,"1",
"900190",500,"4",2918372,"1",
"900190",500,"5",2918372,"1",
"980000",70501,"1",2918372,"1",
"980000",70501,"2",2918372,"1",
"980000",70501,"3",2918372,"1",
"980000",70501,"4",2918372,"1",
"980000",70501,"5",2918372,"1",
"980070",79301,"1",2918372,"1",
"980070",79301,"2",2918372,"1",
"980070",79301,"3",2918372,"1",
"980070",79301,"4",2918372,"1",
"980070",79301,"5",2918372,"1",
"900030",27108,"1",2918381,"1",
"900030",23028,"2",2918381,"1",
"900030",32160,"3",2918381,"1",
"900030",37128,"4",2918381,"1",
"900030",23076,"5",2918381,"1",
"900170",12376,"1",2918381,"1",
"900170",9538,"2",2918381,"1",
"900170",5255,"3",2918381,"1",
"900170",22673,"4",2918381,"1",
"900170",8793,"5",2918381,"1",
"900180",197,"1",2918381,"1",
"900180",329,"2",2918381,"1",
"900180",2796,"3",2918381,"1",
"900180",10,"4",2918381,"1",
"900180",504,"5",2918381,"1",
"980000",39681,"1",2918381,"1",
"980000",32895,"2",2918381,"1",
"980000",40211,"3",2918381,"1",
"980000",59811,"4",2918381,"1",
"980000",32373,"5",2918381,"1",
"980070",39681,"1",2918381,"1",
"980070",32895,"2",2918381,"1",
"980070",40211,"3",2918381,"1",
"980070",59811,"4",2918381,"1",
"980070",32373,"5",2918381,"1",
"900030",31056,"1",2918382,"1",
"900030",27696,"2",2918382,"1",
"900030",21132,"3",2918382,"1",
"900030",24768,"4",2918382,"1",
"900030",20700,"5",2918382,"1",
"900170",71786,"1",2918382,"1","T"
"900170",71786,"2",2918382,"1","T"
"900170",71786,"3",2918382,"1","T"
"900170",71786,"4",2918382,"1","T"
"900170",71786,"5",2918382,"1","T"
"980000",96856,"1",2918382,"1","T"
"980000",96856,"2",2918382,"1","T"
"980000",96856,"3",2918382,"1","T"
"980000",96856,"4",2918382,"1","T"
"980000",96856,"5",2918382,"1","T"
"980070",96856,"1",2918382,"1","T"
"980070",96856,"2",2918382,"1","T"
"980070",96856,"3",2918382,"1","T"
"980070",96856,"4",2918382,"1","T"
"980070",96856,"5",2918382,"1","T"
"900000",75086,"1",2918391,"1",
"900000",83407,"2",2918391,"1",
"900000",79244,"3",2918391,"1",
"900000",75156,"4",2918391,"1",
"900000",84635,"5",2918391,"1",
"900160",1000,"1",2918391,"1",
"900160",1000,"2",2918391,"1",
"900160",1000,"3",2918391,"1",
"900160",1000,"4",2918391,"1",
"900160",1000,"5",2918391,"1",
"900180",133,"1",2918391,"1",
"900180",86,"2",2918391,"1",
"900180",13,"3",2918391,"1",
"900180",107,"4",2918391,"1",
"900180",183,"5",2918391,"1",
"900210",6483,"1",2918391,"1",
"900210",7090,"2",2918391,"1",
"900210",9961,"3",2918391,"1",
"900210",8405,"4",2918391,"1",
"900210",9567,"5",2918391,"1",
"980000",82702,"1",2918391,"1",
"980000",91583,"2",2918391,"1",
"980000",90218,"3",2918391,"1",
"980000",84668,"4",2918391,"1",
"980000",95385,"5",2918391,"1",
"980070",84702,"1",2918391,"1",
"980070",93583,"2",2918391,"1",
"980070",92218,"3",2918391,"1",
"980070",86668,"4",2918391,"1",
"980070",97385,"5",2918391,"1",
"900000",85249,"1",2918392,"1",
"900000",78331,"2",2918392,"1",
"900000",73021,"3",2918392,"1",
"900000",72996,"4",2918392,"1",
"900000",83047,"5",2918392,"1",
"900160",1000,"1",2918392,"1",
"900160",1000,"2",2918392,"1",
"900160",1000,"3",2918392,"1",
"900160",1000,"4",2918392,"1",
"900160",1000,"5",2918392,"1",
"900180",338,"1",2918392,"1",
"900180",114,"2",2918392,"1",
"900180",52,"3",2918392,"1",
"900180",573,"4",2918392,"1",
"900180",378,"5",2918392,"1",
"900210",7860,"1",2918392,"1",
"900210",7246,"2",2918392,"1",
"900210",6115,"3",2918392,"1",
"900210",6580,"4",2918392,"1",
"900210",8025,"5",2918392,"1",
"980000",94447,"1",2918392,"1",
"980000",86691,"2",2918392,"1",
"980000",80188,"3",2918392,"1",
"980000",81149,"4",2918392,"1",
"980000",92450,"5",2918392,"1",
"980070",96447,"1",2918392,"1",
"980070",88691,"2",2918392,"1",
"980070",82188,"3",2918392,"1",
"980070",83149,"4",2918392,"1",
"980070",94450,"5",2918392,"1",
"900000",128000,"1",2918401,"1",
"900000",128000,"2",2918401,"1",
"900000",128000,"3",2918401,"1",
"900000",128000,"4",2918401,"1",
"900000",128000,"5",2918401,"1",
"980000",128000,"1",2918401,"1",
"980000",128000,"2",2918401,"1",
"980000",128000,"3",2918401,"1",
"980000",128000,"4",2918401,"1",
"980000",128000,"5",2918401,"1",
"980070",142537,"1",2918401,"1","T"
"980070",142537,"2",2918401,"1","T"
"980070",142537,"3",2918401,"1","T"
"980070",142537,"4",2918401,"1","T"
"980070",142537,"5",2918401,"1","T"
"900000",128000,"1",2918402,"1",
"900000",128000,"2",2918402,"1",
"900000",128000,"3",2918402,"1",
"900000",128000,"4",2918402,"1",
"900000",128000,"5",2918402,"1",
"980000",128000,"1",2918402,"1",
"980000",128000,"2",2918402,"1",
"980000",128000,"3",2918402,"1",
"980000",128000,"4",2918402,"1",
"980000",128000,"5",2918402,"1",
"980070",142537,"1",2918402,"1","T"
"980070",142537,"2",2918402,"1","T"
"980070",142537,"3",2918402,"1","T"
"980070",142537,"4",2918402,"1","T"
"980070",142537,"5",2918402,"1","T"
"900000",165574,"1",2918421,"1",
"900000",172909,"2",2918421,"1",
"900000",163206,"3",2918421,"1",
"900000",172640,"4",2918421,"1",
"900000",160904,"5",2918421,"1",
"950002",4476,"1",2918421,"1",
"950002",4476,"2",2918421,"1",
"950002",4476,"3",2918421,"1",
"950002",4476,"4",2918421,"1",
"950002",4476,"5",2918421,"1",
"950012",2524,"1",2918421,"1",
"950012",2524,"2",2918421,"1",
"950012",2524,"3",2918421,"1",
"950012",2524,"4",2918421,"1",
"950012",2524,"5",2918421,"1",
"980000",165574,"1",2918421,"1",
"980000",172909,"2",2918421,"1",
"980000",163206,"3",2918421,"1",
"980000",172640,"4",2918421,"1",
"980000",160904,"5",2918421,"1",
"980070",161774,"1",2918421,"1",
"980070",169109,"2",2918421,"1",
"980070",159406,"3",2918421,"1",
"980070",168840,"4",2918421,"1",
"980070",157104,"5",2918421,"1",
"900000",163293,"1",2918422,"1",
"900000",155933,"2",2918422,"1",
"900000",151726,"3",2918422,"1",
"900000",153204,"4",2918422,"1",
"900000",163961,"5",2918422,"1",
"950002",4476,"1",2918422,"1",
"950002",4476,"2",2918422,"1",
"950002",4476,"3",2918422,"1",
"950002",4476,"4",2918422,"1",
"950002",4476,"5",2918422,"1",
"950012",2524,"1",2918422,"1",
"950012",2524,"2",2918422,"1",
"950012",2524,"3",2918422,"1",
"950012",2524,"4",2918422,"1",
"950012",2524,"5",2918422,"1",
"980000",163293,"1",2918422,"1",
"980000",155933,"2",2918422,"1",
"980000",151726,"3",2918422,"1",
"980000",153204,"4",2918422,"1",
"980000",163961,"5",2918422,"1",
"980070",159493,"1",2918422,"1",
"980070",152133,"2",2918422,"1",
"980070",147926,"3",2918422,"1",
"980070",149404,"4",2918422,"1",
"980070",160161,"5",2918422,"1",
"900000",205487,"1",2918431,"1","T"
"900000",205487,"2",2918431,"1","T"
"900000",205487,"3",2918431,"1","T"
"900000",205487,"4",2918431,"1","T"
"900000",205487,"5",2918431,"1","T"
"900030",21659,"1",2918431,"1",
"900030",21659,"2",2918431,"1",
"900030",21659,"3",2918431,"1",
"900030",21659,"4",2918431,"1",
"900030",21659,"5",2918431,"1",
"980000",227146,"1",2918431,"1","T"
"980000",227146,"2",2918431,"1","T"
"980000",227146,"3",2918431,"1","T"
"980000",227146,"4",2918431,"1","T"
"980000",227146,"5",2918431,"1","T"
"980070",230046,"1",2918431,"1","T"
"980070",230046,"2",2918431,"1","T"
"980070",230046,"3",2918431,"1","T"
"980070",230046,"4",2918431,"1","T"
"980070",230046,"5",2918431,"1","T"
"900000",205487,"1",2918432,"1","T"
"900000",205487,"2",2918432,"1","T"
"900000",205487,"3",2918432,"1","T"
"900000",205487,"4",2918432,"1","T"
"900000",205487,"5",2918432,"1","T"
"900030",21659,"1",2918432,"1",
"900030",21659,"2",2918432,"1",
"900030",21659,"3",2918432,"1",
"900030",21659,"4",2918432,"1",
"900030",21659,"5",2918432,"1",
"980000",227146,"1",2918432,"1","T"
"980000",227146,"2",2918432,"1","T"
"980000",227146,"3",2918432,"1","T"
"980000",227146,"4",2918432,"1","T"
"980000",227146,"5",2918432,"1","T"
"980070",230046,"1",2918432,"1","T"
"980070",230046,"2",2918432,"1","T"
"980070",230046,"3",2918432,"1","T"
"980070",230046,"4",2918432,"1","T"
"980070",230046,"5",2918432,"1","T"
"800940",10967,"1",2918441,"1","T"
"800940",10967,"2",2918441,"1","T"
"800940",10967,"3",2918441,"1","T"
"800940",10967,"4",2918441,"1","T"
"800940",10967,"5",2918441,"1","T"
"900000",102505,"1",2918441,"1",
"900000",102505,"2",2918441,"1",
"900000",102505,"3",2918441,"1",
"900000",102505,"4",2918441,"1",
"900000",102505,"5",2918441,"1",
"900160",768,"1",2918441,"1",
"900160",6370,"2",2918441,"1",
"900160",3154,"3",2918441,"1",
"900160",14495,"4",2918441,"1",
"900160",32628,"5",2918441,"1",
"950002",112,"1",2918441,"1",
"950002",112,"2",2918441,"1",
"950002",112,"3",2918441,"1",
"950002",112,"4",2918441,"1",
"950002",112,"5",2918441,"1",
"950012",90,"1",2918441,"1",
"950012",90,"2",2918441,"1",
"950012",90,"3",2918441,"1",
"950012",90,"4",2918441,"1",
"950012",90,"5",2918441,"1",
"980000",103273,"1",2918441,"1",
"980000",108875,"2",2918441,"1",
"980000",105659,"3",2918441,"1",
"980000",117000,"4",2918441,"1",
"980000",135133,"5",2918441,"1",
"980070",88071,"1",2918441,"1",
"980070",93673,"2",2918441,"1",
"980070",90457,"3",2918441,"1",
"980070",101798,"4",2918441,"1",
"980070",119931,"5",2918441,"1",
"800940",10967,"1",2918442,"1","T"
"800940",10967,"2",2918442,"1","T"
"800940",10967,"3",2918442,"1","T"
"800940",10967,"4",2918442,"1","T"
"800940",10967,"5",2918442,"1","T"
"900000",102505,"1",2918442,"1",
"900000",102505,"2",2918442,"1",
"900000",102505,"3",2918442,"1",
"900000",102505,"4",2918442,"1",
"900000",102505,"5",2918442,"1",
"900160",20881,"1",2918442,"1",
"900160",19855,"2",2918442,"1",
"900160",26260,"3",2918442,"1",
"900160",6252,"4",2918442,"1",
"900160",32719,"5",2918442,"1",
"950002",112,"1",2918442,"1",
"950002",112,"2",2918442,"1",
"950002",112,"3",2918442,"1",
"950002",112,"4",2918442,"1",
"950002",112,"5",2918442,"1",
"950012",90,"1",2918442,"1",
"950012",90,"2",2918442,"1",
"950012",90,"3",2918442,"1",
"950012",90,"4",2918442,"1",
"950012",90,"5",2918442,"1",
"980000",123386,"1",2918442,"1",
"980000",122360,"2",2918442,"1",
"980000",128765,"3",2918442,"1",
"980000",108757,"4",2918442,"1",
"980000",135224,"5",2918442,"1",
"980070",108184,"1",2918442,"1",
"980070",107158,"2",2918442,"1",
"980070",113563,"3",2918442,"1",
"980070",93555,"4",2918442,"1",
"980070",120022,"5",2918442,"1",
"900030",3600,"1",2918452,"1",
"900030",3600,"2",2918452,"1",
"900030",3600,"3",2918452,"1",
"900030",3600,"4",2918452,"1",
"900030",3600,"5",2918452,"1",
"980000",3600,"1",2918452,"1",
"980000",3600,"2",2918452,"1",
"980000",3600,"3",2918452,"1",
"980000",3600,"4",2918452,"1",
"980000",3600,"5",2918452,"1",
"980070",3600,"1",2918452,"1",
"980070",3600,"2",2918452,"1",
"980070",3600,"3",2918452,"1",
"980070",3600,"4",2918452,"1",
"980070",3600,"5",2918452,"1",
"900030",16679,"1",2918461,"1",
"900030",16679,"2",2918461,"1",
"900030",16679,"3",2918461,"1",
"900030",16679,"4",2918461,"1",
"900030",16679,"5",2918461,"1",
"900170",1296,"1",2918461,"1",
"900170",1296,"2",2918461,"1",
"900170",1296,"3",2918461,"1",
"900170",1296,"4",2918461,"1",
"900170",1296,"5",2918461,"1",
"980000",17975,"1",2918461,"1",
"980000",17975,"2",2918461,"1",
"980000",17975,"3",2918461,"1",
"980000",17975,"4",2918461,"1",
"980000",17975,"5",2918461,"1",
"980070",19425,"1",2918461,"1",
"980070",19425,"2",2918461,"1",
"980070",19425,"3",2918461,"1",
"980070",19425,"4",2918461,"1",
"980070",19425,"5",2918461,"1",
"900030",16679,"1",2918462,"1",
"900030",16679,"2",2918462,"1",
"900030",16679,"3",2918462,"1",
"900030",16679,"4",2918462,"1",
"900030",16679,"5",2918462,"1",
"900170",1296,"1",2918462,"1",
"900170",1296,"2",2918462,"1",
"900170",1296,"3",2918462,"1",
"900170",1296,"4",2918462,"1",
"900170",1296,"5",2918462,"1",
"980000",17975,"1",2918462,"1",
"980000",17975,"2",2918462,"1",
"980000",17975,"3",2918462,"1",
"980000",17975,"4",2918462,"1",
"980000",17975,"5",2918462,"1",
"980070",19425,"1",2918462,"1",
"980070",19425,"2",2918462,"1",
"980070",19425,"3",2918462,"1",
"980070",19425,"4",2918462,"1",
"980070",19425,"5",2918462,"1",
"900000",27508,"1",2918471,"1",
"900000",28543,"2",2918471,"1",
"900000",27113,"3",2918471,"1",
"900000",24916,"4",2918471,"1",
"900000",25321,"5",2918471,"1",
"980000",27508,"1",2918471,"1",
"980000",28543,"2",2918471,"1",
"980000",27113,"3",2918471,"1",
"980000",24916,"4",2918471,"1",
"980000",25321,"5",2918471,"1",
"980070",27508,"1",2918471,"1",
"980070",28543,"2",2918471,"1",
"980070",27113,"3",2918471,"1",
"980070",24916,"4",2918471,"1",
"980070",25321,"5",2918471,"1",
"900000",26032,"1",2918472,"1",
"900000",26699,"2",2918472,"1",
"900000",28853,"3",2918472,"1",
"900000",28557,"4",2918472,"1",
"900000",26985,"5",2918472,"1",
"980000",26032,"1",2918472,"1",
"980000",26699,"2",2918472,"1",
"980000",28853,"3",2918472,"1",
"980000",28557,"4",2918472,"1",
"980000",26985,"5",2918472,"1",
"980070",26032,"1",2918472,"1",
"980070",26699,"2",2918472,"1",
"980070",28853,"3",2918472,"1",
"980070",28557,"4",2918472,"1",
"980070",26985,"5",2918472,"1",
"900000",219487,"1",2918511,"1","T"
"900000",219487,"2",2918511,"1","T"
"900000",219487,"3",2918511,"1","T"
"900000",219487,"4",2918511,"1","T"
"900000",219487,"5",2918511,"1","T"
"980000",219487,"1",2918511,"1","T"
"980000",219487,"2",2918511,"1","T"
"980000",219487,"3",2918511,"1","T"
"980000",219487,"4",2918511,"1","T"
"980000",219487,"5",2918511,"1","T"
"980070",222667,"1",2918511,"1","T"
"980070",222667,"2",2918511,"1","T"
"980070",222667,"3",2918511,"1","T"
"980070",222667,"4",2918511,"1","T"
"980070",222667,"5",2918511,"1","T"
"900000",219487,"1",2918512,"1","T"
"900000",219487,"2",2918512,"1","T"
"900000",219487,"3",2918512,"1","T"
"900000",219487,"4",2918512,"1","T"
"900000",219487,"5",2918512,"1","T"
"980000",219487,"1",2918512,"1","T"
"980000",219487,"2",2918512,"1","T"
"980000",219487,"3",2918512,"1","T"
"980000",219487,"4",2918512,"1","T"
"980000",219487,"5",2918512,"1","T"
"980070",222667,"1",2918512,"1","T"
"980070",222667,"2",2918512,"1","T"
"980070",222667,"3",2918512,"1","T"
"980070",222667,"4",2918512,"1","T"
"980070",222667,"5",2918512,"1","T"
"900000",95000,"1",2918541,"1",
"900000",95000,"2",2918541,"1",
"900000",95000,"3",2918541,"1",
"900000",95000,"4",2918541,"1",
"900000",95000,"5",2918541,"1",
"950002",5128,"1",2918541,"1",
"950002",5128,"2",2918541,"1",
"950002",5128,"3",2918541,"1",
"950002",5128,"4",2918541,"1",
"950002",5128,"5",2918541,"1",
"950012",1360,"1",2918541,"1",
"950012",1360,"2",2918541,"1",
"950012",1360,"3",2918541,"1",
"950012",1360,"4",2918541,"1",
"950012",1360,"5",2918541,"1",
"980000",95000,"1",2918541,"1",
"980000",95000,"2",2918541,"1",
"980000",95000,"3",2918541,"1",
"980000",95000,"4",2918541,"1",
"980000",95000,"5",2918541,"1",
"980070",93312,"1",2918541,"1",
"980070",93312,"2",2918541,"1",
"980070",93312,"3",2918541,"1",
"980070",93312,"4",2918541,"1",
"980070",93312,"5",2918541,"1",
"900000",95000,"1",2918542,"1",
"900000",95000,"2",2918542,"1",
"900000",95000,"3",2918542,"1",
"900000",95000,"4",2918542,"1",
"900000",95000,"5",2918542,"1",
"950002",5128,"1",2918542,"1",
"950002",5128,"2",2918542,"1",
"950002",5128,"3",2918542,"1",
"950002",5128,"4",2918542,"1",
"950002",5128,"5",2918542,"1",
"950012",1360,"1",2918542,"1",
"950012",1360,"2",2918542,"1",
"950012",1360,"3",2918542,"1",
"950012",1360,"4",2918542,"1",
"950012",1360,"5",2918542,"1",
"980000",95000,"1",2918542,"1",
"980000",95000,"2",2918542,"1",
"980000",95000,"3",2918542,"1",
"980000",95000,"4",2918542,"1",
"980000",95000,"5",2918542,"1",
"980070",93312,"1",2918542,"1",
"980070",93312,"2",2918542,"1",
"980070",93312,"3",2918542,"1",
"980070",93312,"4",2918542,"1",
"980070",93312,"5",2918542,"1",
"900000",33000,"1",2918551,"1",
"900000",33000,"2",2918551,"1",
"900000",33000,"3",2918551,"1",
"900000",33000,"4",2918551,"1",
"900000",33000,"5",2918551,"1",
"950002",2320,"1",2918551,"1",
"950002",2320,"2",2918551,"1",
"950002",2320,"3",2918551,"1",
"950002",2320,"4",2918551,"1",
"950002",2320,"5",2918551,"1",
"950012",1173,"1",2918551,"1",
"950012",1173,"2",2918551,"1",
"950012",1173,"3",2918551,"1",
"950012",1173,"4",2918551,"1",
"950012",1173,"5",2918551,"1",
"980000",33000,"1",2918551,"1",
"980000",33000,"2",2918551,"1",
"980000",33000,"3",2918551,"1",
"980000",33000,"4",2918551,"1",
"980000",33000,"5",2918551,"1",
"980070",29714,"1",2918551,"1",
"980070",29714,"2",2918551,"1",
"980070",29714,"3",2918551,"1",
"980070",29714,"4",2918551,"1",
"980070",29714,"5",2918551,"1",
"900000",33000,"1",2918552,"1",
"900000",33000,"2",2918552,"1",
"900000",33000,"3",2918552,"1",
"900000",33000,"4",2918552,"1",
"900000",33000,"5",2918552,"1",
"950002",2320,"1",2918552,"1",
"950002",2320,"2",2918552,"1",
"950002",2320,"3",2918552,"1",
"950002",2320,"4",2918552,"1",
"950002",2320,"5",2918552,"1",
"950012",1173,"1",2918552,"1",
"950012",1173,"2",2918552,"1",
"950012",1173,"3",2918552,"1",
"950012",1173,"4",2918552,"1",
"950012",1173,"5",2918552,"1",
"980000",33000,"1",2918552,"1",
"980000",33000,"2",2918552,"1",
"980000",33000,"3",2918552,"1",
"980000",33000,"4",2918552,"1",
"980000",33000,"5",2918552,"1",
"980070",29714,"1",2918552,"1",
"980070",29714,"2",2918552,"1",
"980070",29714,"3",2918552,"1",
"980070",29714,"4",2918552,"1",
"980070",29714,"5",2918552,"1",
"900000",35000,"1",2918561,"1",
"900000",35000,"2",2918561,"1",
"900000",35000,"3",2918561,"1",
"900000",35000,"4",2918561,"1",
"900000",35000,"5",2918561,"1",
"900170",30000,"1",2918561,"1",
"900170",30000,"2",2918561,"1",
"900170",30000,"3",2918561,"1",
"900170",30000,"4",2918561,"1",
"900170",30000,"5",2918561,"1",
"980000",65000,"1",2918561,"1",
"980000",65000,"2",2918561,"1",
"980000",65000,"3",2918561,"1",
"980000",65000,"4",2918561,"1",
"980000",65000,"5",2918561,"1",
"980070",65000,"1",2918561,"1",
"980070",65000,"2",2918561,"1",
"980070",65000,"3",2918561,"1",
"980070",65000,"4",2918561,"1",
"980070",65000,"5",2918561,"1",
"900000",35000,"1",2918562,"1",
"900000",35000,"2",2918562,"1",
"900000",35000,"3",2918562,"1",
"900000",35000,"4",2918562,"1",
"900000",35000,"5",2918562,"1",
"900170",30000,"1",2918562,"1",
"900170",30000,"2",2918562,"1",
"900170",30000,"3",2918562,"1",
"900170",30000,"4",2918562,"1",
"900170",30000,"5",2918562,"1",
"980000",65000,"1",2918562,"1",
"980000",65000,"2",2918562,"1",
"980000",65000,"3",2918562,"1",
"980000",65000,"4",2918562,"1",
"980000",65000,"5",2918562,"1",
"980070",65000,"1",2918562,"1",
"980070",65000,"2",2918562,"1",
"980070",65000,"3",2918562,"1",
"980070",65000,"4",2918562,"1",
"980070",65000,"5",2918562,"1",
"900000",22500,"1",2918571,"1",
"900000",22500,"2",2918571,"1",
"900000",22500,"3",2918571,"1",
"900000",22500,"4",2918571,"1",
"900000",22500,"5",2918571,"1",
"980000",22500,"1",2918571,"1",
"980000",22500,"2",2918571,"1",
"980000",22500,"3",2918571,"1",
"980000",22500,"4",2918571,"1",
"980000",22500,"5",2918571,"1",
"980070",22500,"1",2918571,"1",
"980070",22500,"2",2918571,"1",
"980070",22500,"3",2918571,"1",
"980070",22500,"4",2918571,"1",
"980070",22500,"5",2918571,"1",
"900000",22500,"1",2918572,"1",
"900000",22500,"2",2918572,"1",
"900000",22500,"3",2918572,"1",
"900000",22500,"4",2918572,"1",
"900000",22500,"5",2918572,"1",
"980000",22500,"1",2918572,"1",
"980000",22500,"2",2918572,"1",
"980000",22500,"3",2918572,"1",
"980000",22500,"4",2918572,"1",
"980000",22500,"5",2918572,"1",
"980070",22500,"1",2918572,"1",
"980070",22500,"2",2918572,"1",
"980070",22500,"3",2918572,"1",
"980070",22500,"4",2918572,"1",
"980070",22500,"5",2918572,"1",
"900000",150000,"1",2918591,"1",
"900000",150000,"2",2918591,"1",
"900000",150000,"3",2918591,"1",
"900000",150000,"4",2918591,"1",
"900000",150000,"5",2918591,"1",
"980000",150000,"1",2918591,"1",
"980000",150000,"2",2918591,"1",
"980000",150000,"3",2918591,"1",
"980000",150000,"4",2918591,"1",
"980000",150000,"5",2918591,"1",
"980070",150000,"1",2918591,"1",
"980070",150000,"2",2918591,"1",
"980070",150000,"3",2918591,"1",
"980070",150000,"4",2918591,"1",
"980070",150000,"5",2918591,"1",
"900000",150000,"1",2918592,"1",
"900000",150000,"2",2918592,"1",
"900000",150000,"3",2918592,"1",
"900000",150000,"4",2918592,"1",
"900000",150000,"5",2918592,"1",
"980000",150000,"1",2918592,"1",
"980000",150000,"2",2918592,"1",
"980000",150000,"3",2918592,"1",
"980000",150000,"4",2918592,"1",
"980000",150000,"5",2918592,"1",
"980070",150000,"1",2918592,"1",
"980070",150000,"2",2918592,"1",
"980070",150000,"3",2918592,"1",
"980070",150000,"4",2918592,"1",
"980070",150000,"5",2918592,"1",
"900000",265002,"1",2918621,"1","T"
"900000",265002,"2",2918621,"1","T"
"900000",265002,"3",2918621,"1","T"
"900000",265002,"4",2918621,"1","T"
"900000",265002,"5",2918621,"1","T"
"980000",265002,"1",2918621,"1","T"
"980000",265002,"2",2918621,"1","T"
"980000",265002,"3",2918621,"1","T"
"980000",265002,"4",2918621,"1","T"
"980000",265002,"5",2918621,"1","T"
"980070",265002,"1",2918621,"1","T"
"980070",265002,"2",2918621,"1","T"
"980070",265002,"3",2918621,"1","T"
"980070",265002,"4",2918621,"1","T"
"980070",265002,"5",2918621,"1","T"
"900000",129804,"1",2918622,"1",
"900000",141794,"2",2918622,"1",
"900000",111255,"3",2918622,"1",
"900000",77598,"4",2918622,"1",
"900000",88133,"5",2918622,"1",
"980000",129804,"1",2918622,"1",
"980000",141794,"2",2918622,"1",
"980000",111255,"3",2918622,"1",
"980000",77598,"4",2918622,"1",
"980000",88133,"5",2918622,"1",
"980070",129804,"1",2918622,"1",
"980070",141794,"2",2918622,"1",
"980070",111255,"3",2918622,"1",
"980070",77598,"4",2918622,"1",
"980070",88133,"5",2918622,"1",
"900030",11604,"1",2918631,"1",
"900030",16416,"2",2918631,"1",
"900030",4248,"3",2918631,"1",
"900030",6600,"4",2918631,"1",
"900030",2064,"5",2918631,"1",
"900180",1,"1",2918631,"1",
"900180",1,"2",2918631,"1",
"900180",1,"3",2918631,"1",
"900180",1,"4",2918631,"1",
"900180",1,"5",2918631,"1",
"980000",11605,"1",2918631,"1",
"980000",16417,"2",2918631,"1",
"980000",4249,"3",2918631,"1",
"980000",6601,"4",2918631,"1",
"980000",2065,"5",2918631,"1",
"980070",11605,"1",2918631,"1",
"980070",16417,"2",2918631,"1",
"980070",4249,"3",2918631,"1",
"980070",6601,"4",2918631,"1",
"980070",2065,"5",2918631,"1",
"900030",14064,"1",2918632,"1",
"900030",12684,"2",2918632,"1",
"900030",10488,"3",2918632,"1",
"900030",25008,"4",2918632,"1",
"900030",15324,"5",2918632,"1",
"900180",1,"1",2918632,"1",
"900180",1,"2",2918632,"1",
"900180",1,"3",2918632,"1",
"900180",1,"4",2918632,"1",
"900180",1,"5",2918632,"1",
"980000",14065,"1",2918632,"1",
"980000",12685,"2",2918632,"1",
"980000",10489,"3",2918632,"1",
"980000",25009,"4",2918632,"1",
"980000",15325,"5",2918632,"1",
"980070",14065,"1",2918632,"1",
"980070",12685,"2",2918632,"1",
"980070",10489,"3",2918632,"1",
"980070",25009,"4",2918632,"1",
"980070",15325,"5",2918632,"1",
"900000",18000,"1",2918661,"1",
"900000",18000,"2",2918661,"1",
"900000",18000,"3",2918661,"1",
"900000",18000,"4",2918661,"1",
"900000",18000,"5",2918661,"1",
"950002",655,"1",2918661,"1",
"950002",655,"2",2918661,"1",
"950002",655,"3",2918661,"1",
"950002",655,"4",2918661,"1",
"950002",655,"5",2918661,"1",
"950012",425,"1",2918661,"1",
"950012",425,"2",2918661,"1",
"950012",425,"3",2918661,"1",
"950012",425,"4",2918661,"1",
"950012",425,"5",2918661,"1",
"980000",18000,"1",2918661,"1",
"980000",18000,"2",2918661,"1",
"980000",18000,"3",2918661,"1",
"980000",18000,"4",2918661,"1",
"980000",18000,"5",2918661,"1",
"980070",20520,"1",2918661,"1",
"980070",20520,"2",2918661,"1",
"980070",20520,"3",2918661,"1",
"980070",20520,"4",2918661,"1",
"980070",20520,"5",2918661,"1",
"900000",18000,"1",2918662,"1",
"900000",18000,"2",2918662,"1",
"900000",18000,"3",2918662,"1",
"900000",18000,"4",2918662,"1",
"900000",18000,"5",2918662,"1",
"950002",655,"1",2918662,"1",
"950002",655,"2",2918662,"1",
"950002",655,"3",2918662,"1",
"950002",655,"4",2918662,"1",
"950002",655,"5",2918662,"1",
"950012",425,"1",2918662,"1",
"950012",425,"2",2918662,"1",
"950012",425,"3",2918662,"1",
"950012",425,"4",2918662,"1",
"950012",425,"5",2918662,"1",
"980000",18000,"1",2918662,"1",
"980000",18000,"2",2918662,"1",
"980000",18000,"3",2918662,"1",
"980000",18000,"4",2918662,"1",
"980000",18000,"5",2918662,"1",
"980070",20520,"1",2918662,"1",
"980070",20520,"2",2918662,"1",
"980070",20520,"3",2918662,"1",
"980070",20520,"4",2918662,"1",
"980070",20520,"5",2918662,"1",
"900030",9323,"1",2918681,"1",
"900030",22403,"2",2918681,"1",
"900030",11723,"3",2918681,"1",
"900030",15119,"4",2918681,"1",
"900030",7175,"5",2918681,"1",
"980000",9323,"1",2918681,"1",
"980000",22403,"2",2918681,"1",
"980000",11723,"3",2918681,"1",
"980000",15119,"4",2918681,"1",
"980000",7175,"5",2918681,"1",
"980070",9323,"1",2918681,"1",
"980070",22403,"2",2918681,"1",
"980070",11723,"3",2918681,"1",
"980070",15119,"4",2918681,"1",
"980070",7175,"5",2918681,"1",
"900030",5207,"1",2918682,"1",
"900030",6659,"2",2918682,"1",
"900030",23411,"3",2918682,"1",
"900030",13523,"4",2918682,"1",
"900030",17651,"5",2918682,"1",
"980000",5207,"1",2918682,"1",
"980000",6659,"2",2918682,"1",
"980000",23411,"3",2918682,"1",
"980000",13523,"4",2918682,"1",
"980000",17651,"5",2918682,"1",
"980070",5207,"1",2918682,"1",
"980070",6659,"2",2918682,"1",
"980070",23411,"3",2918682,"1",
"980070",13523,"4",2918682,"1",
"980070",17651,"5",2918682,"1",
"900000",17300,"1",2918691,"1",
"900000",17300,"2",2918691,"1",
"900000",17300,"3",2918691,"1",
"900000",17300,"4",2918691,"1",
"900000",17300,"5",2918691,"1",
"900180",96,"1",2918691,"1",
"900180",145,"2",2918691,"1",
"900180",37,"3",2918691,"1",
"900180",65,"4",2918691,"1",
"900180",140,"5",2918691,"1",
"980000",17396,"1",2918691,"1",
"980000",17445,"2",2918691,"1",
"980000",17337,"3",2918691,"1",
"980000",17365,"4",2918691,"1",
"980000",17440,"5",2918691,"1",
"980070",17996,"1",2918691,"1",
"980070",18045,"2",2918691,"1",
"980070",17937,"3",2918691,"1",
"980070",17965,"4",2918691,"1",
"980070",18040,"5",2918691,"1",
"900000",17300,"1",2918692,"1",
"900000",17300,"2",2918692,"1",
"900000",17300,"3",2918692,"1",
"900000",17300,"4",2918692,"1",
"900000",17300,"5",2918692,"1",
"900180",73,"1",2918692,"1",
"900180",7,"2",2918692,"1",
"900180",105,"3",2918692,"1",
"900180",128,"4",2918692,"1",
"900180",847,"5",2918692,"1",
"980000",17373,"1",2918692,"1",
"980000",17307,"2",2918692,"1",
"980000",17405,"3",2918692,"1",
"980000",17428,"4",2918692,"1",
"980000",18147,"5",2918692,"1",
"980070",17973,"1",2918692,"1",
"980070",17907,"2",2918692,"1",
"980070",18005,"3",2918692,"1",
"980070",18028,"4",2918692,"1",
"980070",18747,"5",2918692,"1",
"900000",41336,"1",2918711,"1",
"900000",42502,"2",2918711,"1",
"900000",23389,"3",2918711,"1",
"900000",10695,"4",2918711,"1",
"900000",18508,"5",2918711,"1",
"980000",41336,"1",2918711,"1",
"980000",42502,"2",2918711,"1",
"980000",23389,"3",2918711,"1",
"980000",10695,"4",2918711,"1",
"980000",18508,"5",2918711,"1",
"980070",41336,"1",2918711,"1",
"980070",42502,"2",2918711,"1",
"980070",23389,"3",2918711,"1",
"980070",10695,"4",2918711,"1",
"980070",18508,"5",2918711,"1",
"900030",27600,"1",2918731,"1",
"900030",27600,"2",2918731,"1",
"900030",27600,"3",2918731,"1",
"900030",27600,"4",2918731,"1",
"900030",27600,"5",2918731,"1",
"980000",27600,"1",2918731,"1",
"980000",27600,"2",2918731,"1",
"980000",27600,"3",2918731,"1",
"980000",27600,"4",2918731,"1",
"980000",27600,"5",2918731,"1",
"980070",27600,"1",2918731,"1",
"980070",27600,"2",2918731,"1",
"980070",27600,"3",2918731,"1",
"980070",27600,"4",2918731,"1",
"980070",27600,"5",2918731,"1",
"900030",27600,"1",2918732,"1",
"900030",27600,"2",2918732,"1",
"900030",27600,"3",2918732,"1",
"900030",27600,"4",2918732,"1",
"900030",27600,"5",2918732,"1",
"980000",27600,"1",2918732,"1",
"980000",27600,"2",2918732,"1",
"980000",27600,"3",2918732,"1",
"980000",27600,"4",2918732,"1",
"980000",27600,"5",2918732,"1",
"980070",27600,"1",2918732,"1",
"980070",27600,"2",2918732,"1",
"980070",27600,"3",2918732,"1",
"980070",27600,"4",2918732,"1",
"980070",27600,"5",2918732,"1",
"900000",75633,"1",2918741,"1",
"900000",124321,"2",2918741,"1",
"900000",86481,"3",2918741,"1",
"900000",73229,"4",2918741,"1",
"900000",73373,"5",2918741,"1",
"980000",75633,"1",2918741,"1",
"980000",124321,"2",2918741,"1",
"980000",86481,"3",2918741,"1",
"980000",73229,"4",2918741,"1",
"980000",73373,"5",2918741,"1",
"980070",75633,"1",2918741,"1",
"980070",124321,"2",2918741,"1",
"980070",86481,"3",2918741,"1",
"980070",73229,"4",2918741,"1",
"980070",73373,"5",2918741,"1",
"900000",34062,"1",2918742,"1",
"900000",118889,"2",2918742,"1",
"900000",84403,"3",2918742,"1",
"900000",62153,"4",2918742,"1",
"900000",28189,"5",2918742,"1",
"980000",34062,"1",2918742,"1",
"980000",118889,"2",2918742,"1",
"980000",84403,"3",2918742,"1",
"980000",62153,"4",2918742,"1",
"980000",28189,"5",2918742,"1",
"980070",34062,"1",2918742,"1",
"980070",118889,"2",2918742,"1",
"980070",84403,"3",2918742,"1",
"980070",62153,"4",2918742,"1",
"980070",28189,"5",2918742,"1",
"900000",24000,"1",2918751,"1",
"900000",24000,"2",2918751,"1",
"900000",24000,"3",2918751,"1",
"900000",24000,"4",2918751,"1",
"900000",24000,"5",2918751,"1",
"900200",93631,"1",2918751,"1","T"
"900200",93631,"2",2918751,"1","T"
"900200",93631,"3",2918751,"1","T"
"900200",93631,"4",2918751,"1","T"
"900200",93631,"5",2918751,"1","T"
"980000",117631,"1",2918751,"1","T"
"980000",117631,"2",2918751,"1","T"
"980000",117631,"3",2918751,"1","T"
"980000",117631,"4",2918751,"1","T"
"980000",117631,"5",2918751,"1","T"
"980070",117631,"1",2918751,"1","T"
"980070",117631,"2",2918751,"1","T"
"980070",117631,"3",2918751,"1","T"
"980070",117631,"4",2918751,"1","T"
"980070",117631,"5",2918751,"1","T"
"900000",24000,"1",2918752,"1",
"900000",24000,"2",2918752,"1",
"900000",24000,"3",2918752,"1",
"900000",24000,"4",2918752,"1",
"900000",24000,"5",2918752,"1",
"900200",93631,"1",2918752,"1","T"
"900200",93631,"2",2918752,"1","T"
"900200",93631,"3",2918752,"1","T"
"900200",93631,"4",2918752,"1","T"
"900200",93631,"5",2918752,"1","T"
"980000",117631,"1",2918752,"1","T"
"980000",117631,"2",2918752,"1","T"
"980000",117631,"3",2918752,"1","T"
"980000",117631,"4",2918752,"1","T"
"980000",117631,"5",2918752,"1","T"
"980070",117631,"1",2918752,"1","T"
"980070",117631,"2",2918752,"1","T"
"980070",117631,"3",2918752,"1","T"
"980070",117631,"4",2918752,"1","T"
"980070",117631,"5",2918752,"1","T"
"900030",14422,"1",2918761,"1",
"900030",11350,"2",2918761,"1",
"900030",12850,"3",2918761,"1",
"900030",14530,"4",2918761,"1",
"900030",14782,"5",2918761,"1",
"980000",14422,"1",2918761,"1",
"980000",11350,"2",2918761,"1",
"980000",12850,"3",2918761,"1",
"980000",14530,"4",2918761,"1",
"980000",14782,"5",2918761,"1",
"980070",14422,"1",2918761,"1",
"980070",11350,"2",2918761,"1",
"980070",12850,"3",2918761,"1",
"980070",14530,"4",2918761,"1",
"980070",14782,"5",2918761,"1",
"900030",13042,"1",2918762,"1",
"900030",13810,"2",2918762,"1",
"900030",14782,"3",2918762,"1",
"900030",13186,"4",2918762,"1",
"900030",11458,"5",2918762,"1",
"980000",13042,"1",2918762,"1",
"980000",13810,"2",2918762,"1",
"980000",14782,"3",2918762,"1",
"980000",13186,"4",2918762,"1",
"980000",11458,"5",2918762,"1",
"980070",13042,"1",2918762,"1",
"980070",13810,"2",2918762,"1",
"980070",14782,"3",2918762,"1",
"980070",13186,"4",2918762,"1",
"980070",11458,"5",2918762,"1",
"900030",24528,"1",2918781,"1",
"900030",8184,"2",2918781,"1",
"900030",19812,"3",2918781,"1",
"900030",15588,"4",2918781,"1",
"900030",11076,"5",2918781,"1",
"980000",24528,"1",2918781,"1",
"980000",8184,"2",2918781,"1",
"980000",19812,"3",2918781,"1",
"980000",15588,"4",2918781,"1",
"980000",11076,"5",2918781,"1",
"980070",24528,"1",2918781,"1",
"980070",8184,"2",2918781,"1",
"980070",19812,"3",2918781,"1",
"980070",15588,"4",2918781,"1",
"980070",11076,"5",2918781,"1",
"900030",22872,"1",2918782,"1",
"900030",22428,"2",2918782,"1",
"900030",13212,"3",2918782,"1",
"900030",8928,"4",2918782,"1",
"900030",9300,"5",2918782,"1",
"980000",22872,"1",2918782,"1",
"980000",22428,"2",2918782,"1",
"980000",13212,"3",2918782,"1",
"980000",8928,"4",2918782,"1",
"980000",9300,"5",2918782,"1",
"980070",22872,"1",2918782,"1",
"980070",22428,"2",2918782,"1",
"980070",13212,"3",2918782,"1",
"980070",8928,"4",2918782,"1",
"980070",9300,"5",2918782,"1",
"900030",16691,"1",2918811,"1",
"900030",16691,"2",2918811,"1",
"900030",16691,"3",2918811,"1",
"900030",16691,"4",2918811,"1",
"900030",16691,"5",2918811,"1",
"900150",180,"1",2918811,"1",
"900150",180,"2",2918811,"1",
"900150",180,"3",2918811,"1",
"900150",180,"4",2918811,"1",
"900150",180,"5",2918811,"1",
"900170",2198,"1",2918811,"1",
"900170",2198,"2",2918811,"1",
"900170",2198,"3",2918811,"1",
"900170",2198,"4",2918811,"1",
"900170",2198,"5",2918811,"1",
"980000",19069,"1",2918811,"1",
"980000",19069,"2",2918811,"1",
"980000",19069,"3",2918811,"1",
"980000",19069,"4",2918811,"1",
"980000",19069,"5",2918811,"1",
"980070",19069,"1",2918811,"1",
"980070",19069,"2",2918811,"1",
"980070",19069,"3",2918811,"1",
"980070",19069,"4",2918811,"1",
"980070",19069,"5",2918811,"1",
"900030",16691,"1",2918812,"1",
"900030",16691,"2",2918812,"1",
"900030",16691,"3",2918812,"1",
"900030",16691,"4",2918812,"1",
"900030",16691,"5",2918812,"1",
"900150",180,"1",2918812,"1",
"900150",180,"2",2918812,"1",
"900150",180,"3",2918812,"1",
"900150",180,"4",2918812,"1",
"900150",180,"5",2918812,"1",
"900170",2198,"1",2918812,"1",
"900170",2198,"2",2918812,"1",
"900170",2198,"3",2918812,"1",
"900170",2198,"4",2918812,"1",
"900170",2198,"5",2918812,"1",
"980000",19069,"1",2918812,"1",
"980000",19069,"2",2918812,"1",
"980000",19069,"3",2918812,"1",
"980000",19069,"4",2918812,"1",
"980000",19069,"5",2918812,"1",
"980070",19069,"1",2918812,"1",
"980070",19069,"2",2918812,"1",
"980070",19069,"3",2918812,"1",
"980070",19069,"4",2918812,"1",
"980070",19069,"5",2918812,"1",
"900000",126000,"1",2918821,"1",
"900000",126000,"2",2918821,"1",
"900000",126000,"3",2918821,"1",
"900000",126000,"4",2918821,"1",
"900000",126000,"5",2918821,"1",
"980000",126000,"1",2918821,"1",
"980000",126000,"2",2918821,"1",
"980000",126000,"3",2918821,"1",
"980000",126000,"4",2918821,"1",
"980000",126000,"5",2918821,"1",
"980070",130300,"1",2918821,"1",
"980070",130300,"2",2918821,"1",
"980070",130300,"3",2918821,"1",
"980070",130300,"4",2918821,"1",
"980070",130300,"5",2918821,"1",
"900000",126000,"1",2918822,"1",
"900000",126000,"2",2918822,"1",
"900000",126000,"3",2918822,"1",
"900000",126000,"4",2918822,"1",
"900000",126000,"5",2918822,"1",
"980000",126000,"1",2918822,"1",
"980000",126000,"2",2918822,"1",
"980000",126000,"3",2918822,"1",
"980000",126000,"4",2918822,"1",
"980000",126000,"5",2918822,"1",
"980070",130300,"1",2918822,"1",
"980070",130300,"2",2918822,"1",
"980070",130300,"3",2918822,"1",
"980070",130300,"4",2918822,"1",
"980070",130300,"5",2918822,"1",
"900000",45199,"1",2918831,"1",
"900000",40255,"2",2918831,"1",
"900000",33935,"3",2918831,"1",
"900000",24121,"4",2918831,"1",
"900000",14183,"5",2918831,"1",
"900140",2000,"1",2918831,"1",
"900140",2000,"2",2918831,"1",
"900140",2000,"3",2918831,"1",
"900140",2000,"4",2918831,"1",
"900140",2000,"5",2918831,"1",
"900160",50000,"1",2918831,"1",
"900160",16337,"2",2918831,"1",
"900160",613,"3",2918831,"1",
"900160",61285,"4",2918831,"1",
"900160",25319,"5",2918831,"1",
"900180",95,"1",2918831,"1",
"900180",38,"2",2918831,"1",
"900180",95,"3",2918831,"1",
"900180",989,"4",2918831,"1",
"900180",16,"5",2918831,"1",
"980000",97294,"1",2918831,"1",
"980000",58630,"2",2918831,"1",
"980000",36643,"3",2918831,"1",
"980000",88395,"4",2918831,"1",
"980000",41518,"5",2918831,"1",
"980070",97294,"1",2918831,"1",
"980070",58630,"2",2918831,"1",
"980070",36643,"3",2918831,"1",
"980070",88395,"4",2918831,"1",
"980070",41518,"5",2918831,"1",
"900000",64251,"1",2918832,"1",
"900000",31620,"2",2918832,"1",
"900000",17727,"3",2918832,"1",
"900000",42126,"4",2918832,"1",
"900000",33139,"5",2918832,"1",
"900140",2000,"1",2918832,"1",
"900140",2000,"2",2918832,"1",
"900140",2000,"3",2918832,"1",
"900140",2000,"4",2918832,"1",
"900140",2000,"5",2918832,"1",
"900160",18504,"1",2918832,"1",
"900160",42061,"2",2918832,"1",
"900160",8303,"3",2918832,"1",
"900160",6124,"4",2918832,"1",
"900160",2859,"5",2918832,"1",
"900180",6,"1",2918832,"1",
"900180",617,"2",2918832,"1",
"900180",44,"3",2918832,"1",
"900180",91,"4",2918832,"1",
"900180",11,"5",2918832,"1",
"980000",84761,"1",2918832,"1",
"980000",76298,"2",2918832,"1",
"980000",28074,"3",2918832,"1",
"980000",50341,"4",2918832,"1",
"980000",38009,"5",2918832,"1",
"980070",84761,"1",2918832,"1",
"980070",76298,"2",2918832,"1",
"980070",28074,"3",2918832,"1",
"980070",50341,"4",2918832,"1",
"980070",38009,"5",2918832,"1",
"900000",65000,"1",2918841,"1",
"900000",65000,"2",2918841,"1",
"900000",65000,"3",2918841,"1",
"900000",65000,"4",2918841,"1",
"900000",65000,"5",2918841,"1",
"900180",500,"1",2918841,"1",
"900180",500,"2",2918841,"1",
"900180",500,"3",2918841,"1",
"900180",500,"4",2918841,"1",
"900180",500,"5",2918841,"1",
"980000",65500,"1",2918841,"1",
"980000",65500,"2",2918841,"1",
"980000",65500,"3",2918841,"1",
"980000",65500,"4",2918841,"1",
"980000",65500,"5",2918841,"1",
"980070",72100,"1",2918841,"1",
"980070",72100,"2",2918841,"1",
"980070",72100,"3",2918841,"1",
"980070",72100,"4",2918841,"1",
"980070",72100,"5",2918841,"1",
"900000",65000,"1",2918842,"1",
"900000",65000,"2",2918842,"1",
"900000",65000,"3",2918842,"1",
"900000",65000,"4",2918842,"1",
"900000",65000,"5",2918842,"1",
"900180",500,"1",2918842,"1",
"900180",500,"2",2918842,"1",
"900180",500,"3",2918842,"1",
"900180",500,"4",2918842,"1",
"900180",500,"5",2918842,"1",
"980000",65500,"1",2918842,"1",
"980000",65500,"2",2918842,"1",
"980000",65500,"3",2918842,"1",
"980000",65500,"4",2918842,"1",
"980000",65500,"5",2918842,"1",
"980070",72100,"1",2918842,"1",
"980070",72100,"2",2918842,"1",
"980070",72100,"3",2918842,"1",
"980070",72100,"4",2918842,"1",
"980070",72100,"5",2918842,"1",
"900150",7584,"1",2918881,"1",
"900150",7584,"2",2918881,"1",
"900150",7584,"3",2918881,"1",
"900150",7584,"4",2918881,"1",
"900150",7584,"5",2918881,"1",
"980000",7584,"1",2918881,"1",
"980000",7584,"2",2918881,"1",
"980000",7584,"3",2918881,"1",
"980000",7584,"4",2918881,"1",
"980000",7584,"5",2918881,"1",
"980070",7584,"1",2918881,"1",
"980070",7584,"2",2918881,"1",
"980070",7584,"3",2918881,"1",
"980070",7584,"4",2918881,"1",
"980070",7584,"5",2918881,"1",
"900150",7584,"1",2918882,"1",
"900150",7584,"2",2918882,"1",
"900150",7584,"3",2918882,"1",
"900150",7584,"4",2918882,"1",
"900150",7584,"5",2918882,"1",
"980000",7584,"1",2918882,"1",
"980000",7584,"2",2918882,"1",
"980000",7584,"3",2918882,"1",
"980000",7584,"4",2918882,"1",
"980000",7584,"5",2918882,"1",
"980070",7584,"1",2918882,"1",
"980070",7584,"2",2918882,"1",
"980070",7584,"3",2918882,"1",
"980070",7584,"4",2918882,"1",
"980070",7584,"5",2918882,"1",
"900000",99337,"1",2918891,"1",
"900000",114015,"2",2918891,"1",
"900000",87106,"3",2918891,"1",
"900000",86942,"4",2918891,"1",
"900000",86033,"5",2918891,"1",
"900210",6000,"1",2918891,"1",
"900210",6000,"2",2918891,"1",
"900210",6000,"3",2918891,"1",
"900210",6000,"4",2918891,"1",
"900210",6000,"5",2918891,"1",
"980000",105337,"1",2918891,"1",
"980000",120015,"2",2918891,"1",
"980000",93106,"3",2918891,"1",
"980000",92942,"4",2918891,"1",
"980000",92033,"5",2918891,"1",
"980070",108337,"1",2918891,"1",
"980070",123015,"2",2918891,"1",
"980070",96106,"3",2918891,"1",
"980070",95942,"4",2918891,"1",
"980070",95033,"5",2918891,"1",
"900000",87129,"1",2918892,"1",
"900000",90696,"2",2918892,"1",
"900000",123312,"3",2918892,"1",
"900000",101158,"4",2918892,"1",
"900000",58611,"5",2918892,"1",
"900210",6000,"1",2918892,"1",
"900210",6000,"2",2918892,"1",
"900210",6000,"3",2918892,"1",
"900210",6000,"4",2918892,"1",
"900210",6000,"5",2918892,"1",
"980000",93129,"1",2918892,"1",
"980000",96696,"2",2918892,"1",
"980000",129312,"3",2918892,"1",
"980000",107158,"4",2918892,"1",
"980000",64611,"5",2918892,"1",
"980070",96129,"1",2918892,"1",
"980070",99696,"2",2918892,"1",
"980070",132312,"3",2918892,"1",
"980070",110158,"4",2918892,"1",
"980070",67611,"5",2918892,"1",
"900000",7300,"1",2918901,"1",
"900000",7300,"2",2918901,"1",
"900000",7300,"3",2918901,"1",
"900000",7300,"4",2918901,"1",
"900000",7300,"5",2918901,"1",
"980000",7300,"1",2918901,"1",
"980000",7300,"2",2918901,"1",
"980000",7300,"3",2918901,"1",
"980000",7300,"4",2918901,"1",
"980000",7300,"5",2918901,"1",
"980070",8000,"1",2918901,"1",
"980070",8000,"2",2918901,"1",
"980070",8000,"3",2918901,"1",
"980070",8000,"4",2918901,"1",
"980070",8000,"5",2918901,"1",
"900000",7300,"1",2918902,"1",
"900000",7300,"2",2918902,"1",
"900000",7300,"3",2918902,"1",
"900000",7300,"4",2918902,"1",
"900000",7300,"5",2918902,"1",
"980000",7300,"1",2918902,"1",
"980000",7300,"2",2918902,"1",
"980000",7300,"3",2918902,"1",
"980000",7300,"4",2918902,"1",
"980000",7300,"5",2918902,"1",
"980070",8000,"1",2918902,"1",
"980070",8000,"2",2918902,"1",
"980070",8000,"3",2918902,"1",
"980070",8000,"4",2918902,"1",
"980070",8000,"5",2918902,"1",
"900000",172000,"1",2918911,"1",
"900000",172000,"2",2918911,"1",
"900000",172000,"3",2918911,"1",
"900000",172000,"4",2918911,"1",
"900000",172000,"5",2918911,"1",
"980000",172000,"1",2918911,"1",
"980000",172000,"2",2918911,"1",
"980000",172000,"3",2918911,"1",
"980000",172000,"4",2918911,"1",
"980000",172000,"5",2918911,"1",
"980070",173315,"1",2918911,"1",
"980070",173315,"2",2918911,"1",
"980070",173315,"3",2918911,"1",
"980070",173315,"4",2918911,"1",
"980070",173315,"5",2918911,"1",
"900000",172000,"1",2918912,"1",
"900000",172000,"2",2918912,"1",
"900000",172000,"3",2918912,"1",
"900000",172000,"4",2918912,"1",
"900000",172000,"5",2918912,"1",
"980000",172000,"1",2918912,"1",
"980000",172000,"2",2918912,"1",
"980000",172000,"3",2918912,"1",
"980000",172000,"4",2918912,"1",
"980000",172000,"5",2918912,"1",
"980070",173315,"1",2918912,"1",
"980070",173315,"2",2918912,"1",
"980070",173315,"3",2918912,"1",
"980070",173315,"4",2918912,"1",
"980070",173315,"5",2918912,"1",
"900000",59939,"1",2918921,"1",
"900000",30644,"2",2918921,"1",
"900000",36537,"3",2918921,"1",
"900000",43393,"4",2918921,"1",
"900000",45642,"5",2918921,"1",
"980000",59939,"1",2918921,"1",
"980000",30644,"2",2918921,"1",
"980000",36537,"3",2918921,"1",
"980000",43393,"4",2918921,"1",
"980000",45642,"5",2918921,"1",
"980070",59939,"1",2918921,"1",
"980070",30644,"2",2918921,"1",
"980070",36537,"3",2918921,"1",
"980070",43393,"4",2918921,"1",
"980070",45642,"5",2918921,"1",
"900000",71664,"1",2918922,"1",
"900000",70892,"2",2918922,"1",
"900000",36788,"3",2918922,"1",
"900000",12335,"4",2918922,"1",
"900000",43965,"5",2918922,"1",
"980000",71664,"1",2918922,"1",
"980000",70892,"2",2918922,"1",
"980000",36788,"3",2918922,"1",
"980000",12335,"4",2918922,"1",
"980000",43965,"5",2918922,"1",
"980070",71664,"1",2918922,"1",
"980070",70892,"2",2918922,"1",
"980070",36788,"3",2918922,"1",
"980070",12335,"4",2918922,"1",
"980070",43965,"5",2918922,"1",
"900000",9186,"1",2918941,"1",
"900000",29586,"2",2918941,"1",
"900000",2073,"3",2918941,"1",
"900000",2676,"4",2918941,"1",
"900000",7448,"5",2918941,"1",
"980000",9186,"1",2918941,"1",
"980000",29586,"2",2918941,"1",
"980000",2073,"3",2918941,"1",
"980000",2676,"4",2918941,"1",
"980000",7448,"5",2918941,"1",
"980070",9186,"1",2918941,"1",
"980070",29586,"2",2918941,"1",
"980070",2073,"3",2918941,"1",
"980070",2676,"4",2918941,"1",
"980070",7448,"5",2918941,"1",
"900000",24641,"1",2918942,"1",
"900000",7383,"2",2918942,"1",
"900000",2716,"3",2918942,"1",
"900000",4204,"4",2918942,"1",
"900000",18512,"5",2918942,"1",
"980000",24641,"1",2918942,"1",
"980000",7383,"2",2918942,"1",
"980000",2716,"3",2918942,"1",
"980000",4204,"4",2918942,"1",
"980000",18512,"5",2918942,"1",
"980070",24641,"1",2918942,"1",
"980070",7383,"2",2918942,"1",
"980070",2716,"3",2918942,"1",
"980070",4204,"4",2918942,"1",
"980070",18512,"5",2918942,"1",
"900000",75451,"1",2918961,"1",
"900000",67415,"2",2918961,"1",
"900000",71000,"3",2918961,"1",
"900000",87655,"4",2918961,"1",
"900000",69386,"5",2918961,"1",
"900150",2628,"1",2918961,"1",
"900150",3504,"2",2918961,"1",
"900150",2484,"3",2918961,"1",
"900150",5952,"4",2918961,"1",
"900150",2484,"5",2918961,"1",
"980000",78079,"1",2918961,"1",
"980000",70919,"2",2918961,"1",
"980000",73484,"3",2918961,"1",
"980000",93607,"4",2918961,"1",
"980000",71870,"5",2918961,"1",
"980070",90528,"1",2918961,"1","T"
"980070",90528,"2",2918961,"1","T"
"980070",90528,"3",2918961,"1","T"
"980070",90528,"4",2918961,"1","T"
"980070",90528,"5",2918961,"1","T"
"900000",58472,"1",2918962,"1",
"900000",105476,"2",2918962,"1",
"900000",75000,"3",2918962,"1",
"900000",70268,"4",2918962,"1",
"900000",57215,"5",2918962,"1",
"900150",192,"1",2918962,"1",
"900150",10488,"2",2918962,"1",
"900150",192,"3",2918962,"1",
"900150",4320,"4",2918962,"1",
"900150",252,"5",2918962,"1",
"980000",58664,"1",2918962,"1",
"980000",115964,"2",2918962,"1",
"980000",75192,"3",2918962,"1",
"980000",74588,"4",2918962,"1",
"980000",57467,"5",2918962,"1",
"980070",89312,"1",2918962,"1","T"
"980070",89312,"2",2918962,"1","T"
"980070",89312,"3",2918962,"1","T"
"980070",89312,"4",2918962,"1","T"
"980070",89312,"5",2918962,"1","T"
"900000",19000,"1",2918971,"1",
"900000",19000,"2",2918971,"1",
"900000",19000,"3",2918971,"1",
"900000",19000,"4",2918971,"1",
"900000",19000,"5",2918971,"1",
"980000",19000,"1",2918971,"1",
"980000",19000,"2",2918971,"1",
"980000",19000,"3",2918971,"1",
"980000",19000,"4",2918971,"1",
"980000",19000,"5",2918971,"1",
"980070",19000,"1",2918971,"1",
"980070",19000,"2",2918971,"1",
"980070",19000,"3",2918971,"1",
"980070",19000,"4",2918971,"1",
"980070",19000,"5",2918971,"1",
"900000",19000,"1",2918972,"1",
"900000",19000,"2",2918972,"1",
"900000",19000,"3",2918972,"1",
"900000",19000,"4",2918972,"1",
"900000",19000,"5",2918972,"1",
"980000",19000,"1",2918972,"1",
"980000",19000,"2",2918972,"1",
"980000",19000,"3",2918972,"1",
"980000",19000,"4",2918972,"1",
"980000",19000,"5",2918972,"1",
"980070",19000,"1",2918972,"1",
"980070",19000,"2",2918972,"1",
"980070",19000,"3",2918972,"1",
"980070",19000,"4",2918972,"1",
"980070",19000,"5",2918972,"1",
"900000",84542,"1",2918981,"1",
"900000",137037,"2",2918981,"1",
"900000",109718,"3",2918981,"1",
"900000",71319,"4",2918981,"1",
"900000",102698,"5",2918981,"1",
"980000",84542,"1",2918981,"1",
"980000",137037,"2",2918981,"1",
"980000",109718,"3",2918981,"1",
"980000",71319,"4",2918981,"1",
"980000",102698,"5",2918981,"1",
"980070",84542,"1",2918981,"1",
"980070",137037,"2",2918981,"1",
"980070",109718,"3",2918981,"1",
"980070",71319,"4",2918981,"1",
"980070",102698,"5",2918981,"1",
"900000",115043,"1",2918982,"1",
"900000",78956,"2",2918982,"1",
"900000",148345,"3",2918982,"1",
"900000",131513,"4",2918982,"1",
"900000",122539,"5",2918982,"1",
"980000",115043,"1",2918982,"1",
"980000",78956,"2",2918982,"1",
"980000",148345,"3",2918982,"1",
"980000",131513,"4",2918982,"1",
"980000",122539,"5",2918982,"1",
"980070",115043,"1",2918982,"1",
"980070",78956,"2",2918982,"1",
"980070",148345,"3",2918982,"1",
"980070",131513,"4",2918982,"1",
"980070",122539,"5",2918982,"1",
"900000",50790,"1",2918991,"1",
"900000",20255,"2",2918991,"1",
"900000",84442,"3",2918991,"1",
"900000",15272,"4",2918991,"1",
"900000",61214,"5",2918991,"1",
"980000",50790,"1",2918991,"1",
"980000",20255,"2",2918991,"1",
"980000",84442,"3",2918991,"1",
"980000",15272,"4",2918991,"1",
"980000",61214,"5",2918991,"1",
"980070",50790,"1",2918991,"1",
"980070",20255,"2",2918991,"1",
"980070",84442,"3",2918991,"1",
"980070",15272,"4",2918991,"1",
"980070",61214,"5",2918991,"1",
"900000",10275,"1",2918992,"1",
"900000",40851,"2",2918992,"1",
"900000",18505,"3",2918992,"1",
"900000",34774,"4",2918992,"1",
"900000",23768,"5",2918992,"1",
"980000",10275,"1",2918992,"1",
"980000",40851,"2",2918992,"1",
"980000",18505,"3",2918992,"1",
"980000",34774,"4",2918992,"1",
"980000",23768,"5",2918992,"1",
"980070",10275,"1",2918992,"1",
"980070",40851,"2",2918992,"1",
"980070",18505,"3",2918992,"1",
"980070",34774,"4",2918992,"1",
"980070",23768,"5",2918992,"1",
"900000",31027,"1",2919001,"1",
"900000",53621,"2",2919001,"1",
"900000",51143,"3",2919001,"1",
"900000",50305,"4",2919001,"1",
"900000",51834,"5",2919001,"1",
"900150",486,"1",2919001,"1",
"900150",486,"2",2919001,"1",
"900150",486,"3",2919001,"1",
"900150",486,"4",2919001,"1",
"900150",486,"5",2919001,"1",
"980000",31513,"1",2919001,"1",
"980000",54107,"2",2919001,"1",
"980000",51629,"3",2919001,"1",
"980000",50791,"4",2919001,"1",
"980000",52320,"5",2919001,"1",
"980070",31513,"1",2919001,"1",
"980070",54107,"2",2919001,"1",
"980070",51629,"3",2919001,"1",
"980070",50791,"4",2919001,"1",
"980070",52320,"5",2919001,"1",
"900000",19867,"1",2919002,"1",
"900000",44644,"2",2919002,"1",
"900000",65621,"3",2919002,"1",
"900000",39543,"4",2919002,"1",
"900000",59343,"5",2919002,"1",
"900150",486,"1",2919002,"1",
"900150",486,"2",2919002,"1",
"900150",486,"3",2919002,"1",
"900150",486,"4",2919002,"1",
"900150",486,"5",2919002,"1",
"980000",20353,"1",2919002,"1",
"980000",45130,"2",2919002,"1",
"980000",66107,"3",2919002,"1",
"980000",40029,"4",2919002,"1",
"980000",59829,"5",2919002,"1",
"980070",20353,"1",2919002,"1",
"980070",45130,"2",2919002,"1",
"980070",66107,"3",2919002,"1",
"980070",40029,"4",2919002,"1",
"980070",59829,"5",2919002,"1",
"900000",16800,"1",2919011,"1",
"900000",16800,"2",2919011,"1",
"900000",16800,"3",2919011,"1",
"900000",16800,"4",2919011,"1",
"900000",16800,"5",2919011,"1",
"900150",2268,"1",2919011,"1",
"900150",2268,"2",2919011,"1",
"900150",2268,"3",2919011,"1",
"900150",2268,"4",2919011,"1",
"900150",2268,"5",2919011,"1",
"980000",19068,"1",2919011,"1",
"980000",19068,"2",2919011,"1",
"980000",19068,"3",2919011,"1",
"980000",19068,"4",2919011,"1",
"980000",19068,"5",2919011,"1",
"980070",19068,"1",2919011,"1",
"980070",19068,"2",2919011,"1",
"980070",19068,"3",2919011,"1",
"980070",19068,"4",2919011,"1",
"980070",19068,"5",2919011,"1",
"900000",16800,"1",2919012,"1",
"900000",16800,"2",2919012,"1",
"900000",16800,"3",2919012,"1",
"900000",16800,"4",2919012,"1",
"900000",16800,"5",2919012,"1",
"900150",2268,"1",2919012,"1",
"900150",2268,"2",2919012,"1",
"900150",2268,"3",2919012,"1",
"900150",2268,"4",2919012,"1",
"900150",2268,"5",2919012,"1",
"980000",19068,"1",2919012,"1",
"980000",19068,"2",2919012,"1",
"980000",19068,"3",2919012,"1",
"980000",19068,"4",2919012,"1",
"980000",19068,"5",2919012,"1",
"980070",19068,"1",2919012,"1",
"980070",19068,"2",2919012,"1",
"980070",19068,"3",2919012,"1",
"980070",19068,"4",2919012,"1",
"980070",19068,"5",2919012,"1",
"900000",79000,"1",2919021,"1",
"900000",79000,"2",2919021,"1",
"900000",79000,"3",2919021,"1",
"900000",79000,"4",2919021,"1",
"900000",79000,"5",2919021,"1",
"980000",79000,"1",2919021,"1",
"980000",79000,"2",2919021,"1",
"980000",79000,"3",2919021,"1",
"980000",79000,"4",2919021,"1",
"980000",79000,"5",2919021,"1",
"980070",81600,"1",2919021,"1",
"980070",81600,"2",2919021,"1",
"980070",81600,"3",2919021,"1",
"980070",81600,"4",2919021,"1",
"980070",81600,"5",2919021,"1",
"900000",79000,"1",2919022,"1",
"900000",79000,"2",2919022,"1",
"900000",79000,"3",2919022,"1",
"900000",79000,"4",2919022,"1",
"900000",79000,"5",2919022,"1",
"980000",79000,"1",2919022,"1",
"980000",79000,"2",2919022,"1",
"980000",79000,"3",2919022,"1",
"980000",79000,"4",2919022,"1",
"980000",79000,"5",2919022,"1",
"980070",81600,"1",2919022,"1",
"980070",81600,"2",2919022,"1",
"980070",81600,"3",2919022,"1",
"980070",81600,"4",2919022,"1",
"980070",81600,"5",2919022,"1",
"900030",16296,"1",2919041,"1",
"900030",16080,"2",2919041,"1",
"900030",22128,"3",2919041,"1",
"900030",16320,"4",2919041,"1",
"900030",21192,"5",2919041,"1",
"980000",16296,"1",2919041,"1",
"980000",16080,"2",2919041,"1",
"980000",22128,"3",2919041,"1",
"980000",16320,"4",2919041,"1",
"980000",21192,"5",2919041,"1",
"980070",16296,"1",2919041,"1",
"980070",16080,"2",2919041,"1",
"980070",22128,"3",2919041,"1",
"980070",16320,"4",2919041,"1",
"980070",21192,"5",2919041,"1",
"900030",21204,"1",2919042,"1",
"900030",18192,"2",2919042,"1",
"900030",19692,"3",2919042,"1",
"900030",8856,"4",2919042,"1",
"900030",12528,"5",2919042,"1",
"980000",21204,"1",2919042,"1",
"980000",18192,"2",2919042,"1",
"980000",19692,"3",2919042,"1",
"980000",8856,"4",2919042,"1",
"980000",12528,"5",2919042,"1",
"980070",21204,"1",2919042,"1",
"980070",18192,"2",2919042,"1",
"980070",19692,"3",2919042,"1",
"980070",8856,"4",2919042,"1",
"980070",12528,"5",2919042,"1",
"900030",9000,"1",2919061,"1",
"900030",9000,"2",2919061,"1",
"900030",9000,"3",2919061,"1",
"900030",9000,"4",2919061,"1",
"900030",9000,"5",2919061,"1",
"980000",9000,"1",2919061,"1",
"980000",9000,"2",2919061,"1",
"980000",9000,"3",2919061,"1",
"980000",9000,"4",2919061,"1",
"980000",9000,"5",2919061,"1",
"980070",9000,"1",2919061,"1",
"980070",9000,"2",2919061,"1",
"980070",9000,"3",2919061,"1",
"980070",9000,"4",2919061,"1",
"980070",9000,"5",2919061,"1",
"900030",9000,"1",2919062,"1",
"900030",9000,"2",2919062,"1",
"900030",9000,"3",2919062,"1",
"900030",9000,"4",2919062,"1",
"900030",9000,"5",2919062,"1",
"980000",9000,"1",2919062,"1",
"980000",9000,"2",2919062,"1",
"980000",9000,"3",2919062,"1",
"980000",9000,"4",2919062,"1",
"980000",9000,"5",2919062,"1",
"980070",9000,"1",2919062,"1",
"980070",9000,"2",2919062,"1",
"980070",9000,"3",2919062,"1",
"980070",9000,"4",2919062,"1",
"980070",9000,"5",2919062,"1",
"900000",12415,"1",2919081,"1",
"900000",8181,"2",2919081,"1",
"900000",41092,"3",2919081,"1",
"900000",35824,"4",2919081,"1",
"900000",8793,"5",2919081,"1",
"980000",12415,"1",2919081,"1",
"980000",8181,"2",2919081,"1",
"980000",41092,"3",2919081,"1",
"980000",35824,"4",2919081,"1",
"980000",8793,"5",2919081,"1",
"980070",12415,"1",2919081,"1",
"980070",8181,"2",2919081,"1",
"980070",41092,"3",2919081,"1",
"980070",35824,"4",2919081,"1",
"980070",8793,"5",2919081,"1",
"900000",258212,"1",2919091,"1","T"
"900000",258212,"2",2919091,"1","T"
"900000",258212,"3",2919091,"1","T"
"900000",258212,"4",2919091,"1","T"
"900000",258212,"5",2919091,"1","T"
"980000",258212,"1",2919091,"1","T"
"980000",258212,"2",2919091,"1","T"
"980000",258212,"3",2919091,"1","T"
"980000",258212,"4",2919091,"1","T"
"980000",258212,"5",2919091,"1","T"
"980070",258212,"1",2919091,"1","T"
"980070",258212,"2",2919091,"1","T"
"980070",258212,"3",2919091,"1","T"
"980070",258212,"4",2919091,"1","T"
"980070",258212,"5",2919091,"1","T"
"900000",121930,"1",2919092,"1",
"900000",169369,"2",2919092,"1",
"900000",115487,"3",2919092,"1",
"900000",89568,"4",2919092,"1",
"900000",79355,"5",2919092,"1",
"980000",121930,"1",2919092,"1",
"980000",169369,"2",2919092,"1",
"980000",115487,"3",2919092,"1",
"980000",89568,"4",2919092,"1",
"980000",79355,"5",2919092,"1",
"980070",121930,"1",2919092,"1",
"980070",169369,"2",2919092,"1",
"980070",115487,"3",2919092,"1",
"980070",89568,"4",2919092,"1",
"980070",79355,"5",2919092,"1",
"900000",119577,"1",2919122,"1",
"900000",122477,"2",2919122,"1",
"900000",126574,"3",2919122,"1",
"900000",124772,"4",2919122,"1",
"900000",123663,"5",2919122,"1",
"980000",119577,"1",2919122,"1",
"980000",122477,"2",2919122,"1",
"980000",126574,"3",2919122,"1",
"980000",124772,"4",2919122,"1",
"980000",123663,"5",2919122,"1",
"980070",119577,"1",2919122,"1",
"980070",122477,"2",2919122,"1",
"980070",126574,"3",2919122,"1",
"980070",124772,"4",2919122,"1",
"980070",123663,"5",2919122,"1",
"900030",16859,"1",2919131,"1",
"900030",16859,"2",2919131,"1",
"900030",16859,"3",2919131,"1",
"900030",16859,"4",2919131,"1",
"900030",16859,"5",2919131,"1",
"900150",1800,"1",2919131,"1",
"900150",1800,"2",2919131,"1",
"900150",1800,"3",2919131,"1",
"900150",1800,"4",2919131,"1",
"900150",1800,"5",2919131,"1",
"900170",1300,"1",2919131,"1",
"900170",1300,"2",2919131,"1",
"900170",1300,"3",2919131,"1",
"900170",1300,"4",2919131,"1",
"900170",1300,"5",2919131,"1",
"980000",19959,"1",2919131,"1",
"980000",19959,"2",2919131,"1",
"980000",19959,"3",2919131,"1",
"980000",19959,"4",2919131,"1",
"980000",19959,"5",2919131,"1",
"980070",20859,"1",2919131,"1",
"980070",20859,"2",2919131,"1",
"980070",20859,"3",2919131,"1",
"980070",20859,"4",2919131,"1",
"980070",20859,"5",2919131,"1",
"900030",16859,"1",2919132,"1",
"900030",16859,"2",2919132,"1",
"900030",16859,"3",2919132,"1",
"900030",16859,"4",2919132,"1",
"900030",16859,"5",2919132,"1",
"900150",1800,"1",2919132,"1",
"900150",1800,"2",2919132,"1",
"900150",1800,"3",2919132,"1",
"900150",1800,"4",2919132,"1",
"900150",1800,"5",2919132,"1",
"900170",1300,"1",2919132,"1",
"900170",1300,"2",2919132,"1",
"900170",1300,"3",2919132,"1",
"900170",1300,"4",2919132,"1",
"900170",1300,"5",2919132,"1",
"980000",19959,"1",2919132,"1",
"980000",19959,"2",2919132,"1",
"980000",19959,"3",2919132,"1",
"980000",19959,"4",2919132,"1",
"980000",19959,"5",2919132,"1",
"980070",20859,"1",2919132,"1",
"980070",20859,"2",2919132,"1",
"980070",20859,"3",2919132,"1",
"980070",20859,"4",2919132,"1",
"980070",20859,"5",2919132,"1",
"900030",7259,"1",2919151,"1",
"900030",7259,"2",2919151,"1",
"900030",7259,"3",2919151,"1",
"900030",7259,"4",2919151,"1",
"900030",7259,"5",2919151,"1",
"900170",900,"1",2919151,"1",
"900170",900,"2",2919151,"1",
"900170",900,"3",2919151,"1",
"900170",900,"4",2919151,"1",
"900170",900,"5",2919151,"1",
"980000",8159,"1",2919151,"1",
"980000",8159,"2",2919151,"1",
"980000",8159,"3",2919151,"1",
"980000",8159,"4",2919151,"1",
"980000",8159,"5",2919151,"1",
"980070",8159,"1",2919151,"1",
"980070",8159,"2",2919151,"1",
"980070",8159,"3",2919151,"1",
"980070",8159,"4",2919151,"1",
"980070",8159,"5",2919151,"1",
"900030",7259,"1",2919152,"1",
"900030",7259,"2",2919152,"1",
"900030",7259,"3",2919152,"1",
"900030",7259,"4",2919152,"1",
"900030",7259,"5",2919152,"1",
"900170",900,"1",2919152,"1",
"900170",900,"2",2919152,"1",
"900170",900,"3",2919152,"1",
"900170",900,"4",2919152,"1",
"900170",900,"5",2919152,"1",
"980000",8159,"1",2919152,"1",
"980000",8159,"2",2919152,"1",
"980000",8159,"3",2919152,"1",
"980000",8159,"4",2919152,"1",
"980000",8159,"5",2919152,"1",
"980070",8159,"1",2919152,"1",
"980070",8159,"2",2919152,"1",
"980070",8159,"3",2919152,"1",
"980070",8159,"4",2919152,"1",
"980070",8159,"5",2919152,"1",
"900000",99759,"1",2919181,"1",
"900000",96665,"2",2919181,"1",
"900000",97448,"3",2919181,"1",
"900000",97347,"4",2919181,"1",
"900000",97885,"5",2919181,"1",
"900150",147,"1",2919181,"1",
"900150",1224,"2",2919181,"1",
"900150",94,"3",2919181,"1",
"900150",43,"4",2919181,"1",
"900150",350,"5",2919181,"1",
"980000",99906,"1",2919181,"1",
"980000",97889,"2",2919181,"1",
"980000",97542,"3",2919181,"1",
"980000",97390,"4",2919181,"1",
"980000",98235,"5",2919181,"1",
"980070",102006,"1",2919181,"1",
"980070",99989,"2",2919181,"1",
"980070",99642,"3",2919181,"1",
"980070",99490,"4",2919181,"1",
"980070",100335,"5",2919181,"1",
"900000",96064,"1",2919182,"1",
"900000",96305,"2",2919182,"1",
"900000",95775,"3",2919182,"1",
"900000",95123,"4",2919182,"1",
"900000",96814,"5",2919182,"1",
"900150",124,"1",2919182,"1",
"900150",259,"2",2919182,"1",
"900150",448,"3",2919182,"1",
"900150",181,"4",2919182,"1",
"900150",93,"5",2919182,"1",
"980000",96188,"1",2919182,"1",
"980000",96564,"2",2919182,"1",
"980000",96223,"3",2919182,"1",
"980000",95304,"4",2919182,"1",
"980000",96907,"5",2919182,"1",
"980070",98288,"1",2919182,"1",
"980070",98664,"2",2919182,"1",
"980070",98323,"3",2919182,"1",
"980070",97404,"4",2919182,"1",
"980070",99007,"5",2919182,"1",
"900000",2000,"1",2919201,"1",
"900000",2000,"2",2919201,"1",
"900000",2000,"3",2919201,"1",
"900000",2000,"4",2919201,"1",
"900000",2000,"5",2919201,"1",
"900030",15659,"1",2919201,"1",
"900030",15659,"2",2919201,"1",
"900030",15659,"3",2919201,"1",
"900030",15659,"4",2919201,"1",
"900030",15659,"5",2919201,"1",
"900170",1200,"1",2919201,"1",
"900170",1200,"2",2919201,"1",
"900170",1200,"3",2919201,"1",
"900170",1200,"4",2919201,"1",
"900170",1200,"5",2919201,"1",
"900180",65,"1",2919201,"1",
"900180",61,"2",2919201,"1",
"900180",20,"3",2919201,"1",
"900180",10,"4",2919201,"1",
"900180",1,"5",2919201,"1",
"980000",18924,"1",2919201,"1",
"980000",18920,"2",2919201,"1",
"980000",18879,"3",2919201,"1",
"980000",18869,"4",2919201,"1",
"980000",18860,"5",2919201,"1",
"980070",18984,"1",2919201,"1",
"980070",18980,"2",2919201,"1",
"980070",18939,"3",2919201,"1",
"980070",18929,"4",2919201,"1",
"980070",18920,"5",2919201,"1",
"900000",2000,"1",2919202,"1",
"900000",2000,"2",2919202,"1",
"900000",2000,"3",2919202,"1",
"900000",2000,"4",2919202,"1",
"900000",2000,"5",2919202,"1",
"900030",15659,"1",2919202,"1",
"900030",15659,"2",2919202,"1",
"900030",15659,"3",2919202,"1",
"900030",15659,"4",2919202,"1",
"900030",15659,"5",2919202,"1",
"900170",1200,"1",2919202,"1",
"900170",1200,"2",2919202,"1",
"900170",1200,"3",2919202,"1",
"900170",1200,"4",2919202,"1",
"900170",1200,"5",2919202,"1",
"900180",2,"1",2919202,"1",
"900180",300,"2",2919202,"1",
"900180",30,"3",2919202,"1",
"900180",25,"4",2919202,"1",
"900180",102,"5",2919202,"1",
"980000",18861,"1",2919202,"1",
"980000",19159,"2",2919202,"1",
"980000",18889,"3",2919202,"1",
"980000",18884,"4",2919202,"1",
"980000",18961,"5",2919202,"1",
"980070",18921,"1",2919202,"1",
"980070",19219,"2",2919202,"1",
"980070",18949,"3",2919202,"1",
"980070",18944,"4",2919202,"1",
"980070",19021,"5",2919202,"1",
"900170",1210,"1",2919211,"1",
"900170",53128,"2",2919211,"1",
"900170",21004,"3",2919211,"1",
"900170",741,"4",2919211,"1",
"900170",183,"5",2919211,"1",
"980000",1210,"1",2919211,"1",
"980000",53128,"2",2919211,"1",
"980000",21004,"3",2919211,"1",
"980000",741,"4",2919211,"1",
"980000",183,"5",2919211,"1",
"980070",1210,"1",2919211,"1",
"980070",53128,"2",2919211,"1",
"980070",21004,"3",2919211,"1",
"980070",741,"4",2919211,"1",
"980070",183,"5",2919211,"1",
"900140",1347,"1",2919212,"1",
"900140",2165,"2",2919212,"1",
"900140",3195,"3",2919212,"1",
"900140",1572,"4",2919212,"1",
"900140",1217,"5",2919212,"1",
"900150",1716,"1",2919212,"1",
"900150",3660,"2",2919212,"1",
"900150",2448,"3",2919212,"1",
"900150",2616,"4",2919212,"1",
"900150",2520,"5",2919212,"1",
"980000",3063,"1",2919212,"1",
"980000",5825,"2",2919212,"1",
"980000",5643,"3",2919212,"1",
"980000",4188,"4",2919212,"1",
"980000",3737,"5",2919212,"1",
"980070",3063,"1",2919212,"1",
"980070",5825,"2",2919212,"1",
"980070",5643,"3",2919212,"1",
"980070",4188,"4",2919212,"1",
"980070",3737,"5",2919212,"1",
"900000",49000,"1",2919231,"1",
"900000",49000,"2",2919231,"1",
"900000",49000,"3",2919231,"1",
"900000",49000,"4",2919231,"1",
"900000",49000,"5",2919231,"1",
"980000",49000,"1",2919231,"1",
"980000",49000,"2",2919231,"1",
"980000",49000,"3",2919231,"1",
"980000",49000,"4",2919231,"1",
"980000",49000,"5",2919231,"1",
"980070",49850,"1",2919231,"1",
"980070",49850,"2",2919231,"1",
"980070",49850,"3",2919231,"1",
"980070",49850,"4",2919231,"1",
"980070",49850,"5",2919231,"1",
"900000",49000,"1",2919232,"1",
"900000",49000,"2",2919232,"1",
"900000",49000,"3",2919232,"1",
"900000",49000,"4",2919232,"1",
"900000",49000,"5",2919232,"1",
"980000",49000,"1",2919232,"1",
"980000",49000,"2",2919232,"1",
"980000",49000,"3",2919232,"1",
"980000",49000,"4",2919232,"1",
"980000",49000,"5",2919232,"1",
"980070",49850,"1",2919232,"1",
"980070",49850,"2",2919232,"1",
"980070",49850,"3",2919232,"1",
"980070",49850,"4",2919232,"1",
"980070",49850,"5",2919232,"1",
"900000",32000,"1",2919251,"1",
"900000",32000,"2",2919251,"1",
"900000",32000,"3",2919251,"1",
"900000",32000,"4",2919251,"1",
"900000",32000,"5",2919251,"1",
"900180",39,"1",2919251,"1",
"900180",20,"2",2919251,"1",
"900180",56,"3",2919251,"1",
"900180",35,"4",2919251,"1",
"900180",34,"5",2919251,"1",
"900210",1152,"1",2919251,"1",
"900210",1152,"2",2919251,"1",
"900210",1152,"3",2919251,"1",
"900210",1152,"4",2919251,"1",
"900210",1152,"5",2919251,"1",
"980000",33191,"1",2919251,"1",
"980000",33172,"2",2919251,"1",
"980000",33208,"3",2919251,"1",
"980000",33187,"4",2919251,"1",
"980000",33186,"5",2919251,"1",
"980070",37368,"1",2919251,"1",
"980070",37349,"2",2919251,"1",
"980070",37385,"3",2919251,"1",
"980070",37364,"4",2919251,"1",
"980070",37363,"5",2919251,"1",
"900000",32000,"1",2919252,"1",
"900000",32000,"2",2919252,"1",
"900000",32000,"3",2919252,"1",
"900000",32000,"4",2919252,"1",
"900000",32000,"5",2919252,"1",
"900180",32,"1",2919252,"1",
"900180",20,"2",2919252,"1",
"900180",63,"3",2919252,"1",
"900180",54,"4",2919252,"1",
"900180",662,"5",2919252,"1",
"900210",1152,"1",2919252,"1",
"900210",1152,"2",2919252,"1",
"900210",1152,"3",2919252,"1",
"900210",1152,"4",2919252,"1",
"900210",1152,"5",2919252,"1",
"980000",33184,"1",2919252,"1",
"980000",33172,"2",2919252,"1",
"980000",33215,"3",2919252,"1",
"980000",33206,"4",2919252,"1",
"980000",33814,"5",2919252,"1",
"980070",37361,"1",2919252,"1",
"980070",37349,"2",2919252,"1",
"980070",37392,"3",2919252,"1",
"980070",37383,"4",2919252,"1",
"980070",37991,"5",2919252,"1",
"900000",55000,"1",2919281,"1",
"900000",55000,"2",2919281,"1",
"900000",55000,"3",2919281,"1",
"900000",55000,"4",2919281,"1",
"900000",55000,"5",2919281,"1",
"900210",3614,"1",2919281,"1",
"900210",3629,"2",2919281,"1",
"900210",3325,"3",2919281,"1",
"900210",3904,"4",2919281,"1",
"900210",3806,"5",2919281,"1",
"980000",58614,"1",2919281,"1",
"980000",58629,"2",2919281,"1",
"980000",58325,"3",2919281,"1",
"980000",58904,"4",2919281,"1",
"980000",58806,"5",2919281,"1",
"980070",71192,"1",2919281,"1","T"
"980070",71192,"2",2919281,"1","T"
"980070",71192,"3",2919281,"1","T"
"980070",71192,"4",2919281,"1","T"
"980070",71192,"5",2919281,"1","T"
"900000",55000,"1",2919282,"1",
"900000",55000,"2",2919282,"1",
"900000",55000,"3",2919282,"1",
"900000",55000,"4",2919282,"1",
"900000",55000,"5",2919282,"1",
"900210",3728,"1",2919282,"1",
"900210",3265,"2",2919282,"1",
"900210",3338,"3",2919282,"1",
"900210",3324,"4",2919282,"1",
"900210",3506,"5",2919282,"1",
"980000",58728,"1",2919282,"1",
"980000",58265,"2",2919282,"1",
"980000",58338,"3",2919282,"1",
"980000",58324,"4",2919282,"1",
"980000",58506,"5",2919282,"1",
"980070",70969,"1",2919282,"1","T"
"980070",70969,"2",2919282,"1","T"
"980070",70969,"3",2919282,"1","T"
"980070",70969,"4",2919282,"1","T"
"980070",70969,"5",2919282,"1","T"
"900000",35000,"1",2919321,"1",
"900000",35000,"2",2919321,"1",
"900000",35000,"3",2919321,"1",
"900000",35000,"4",2919321,"1",
"900000",35000,"5",2919321,"1",
"900180",39,"1",2919321,"1",
"900180",118,"2",2919321,"1",
"900180",86,"3",2919321,"1",
"900180",29,"4",2919321,"1",
"900180",287,"5",2919321,"1",
"900210",4200,"1",2919321,"1",
"900210",4200,"2",2919321,"1",
"900210",4200,"3",2919321,"1",
"900210",4200,"4",2919321,"1",
"900210",4200,"5",2919321,"1",
"980000",39239,"1",2919321,"1",
"980000",39318,"2",2919321,"1",
"980000",39286,"3",2919321,"1",
"980000",39229,"4",2919321,"1",
"980000",39487,"5",2919321,"1",
"980070",39239,"1",2919321,"1",
"980070",39318,"2",2919321,"1",
"980070",39286,"3",2919321,"1",
"980070",39229,"4",2919321,"1",
"980070",39487,"5",2919321,"1",
"900000",35000,"1",2919322,"1",
"900000",35000,"2",2919322,"1",
"900000",35000,"3",2919322,"1",
"900000",35000,"4",2919322,"1",
"900000",35000,"5",2919322,"1",
"900180",41,"1",2919322,"1",
"900180",149,"2",2919322,"1",
"900180",261,"3",2919322,"1",
"900180",91,"4",2919322,"1",
"900180",142,"5",2919322,"1",
"900210",4200,"1",2919322,"1",
"900210",4200,"2",2919322,"1",
"900210",4200,"3",2919322,"1",
"900210",4200,"4",2919322,"1",
"900210",4200,"5",2919322,"1",
"980000",39241,"1",2919322,"1",
"980000",39349,"2",2919322,"1",
"980000",39461,"3",2919322,"1",
"980000",39291,"4",2919322,"1",
"980000",39342,"5",2919322,"1",
"980070",39241,"1",2919322,"1",
"980070",39349,"2",2919322,"1",
"980070",39461,"3",2919322,"1",
"980070",39291,"4",2919322,"1",
"980070",39342,"5",2919322,"1",
"900000",1800,"1",2919351,"1",
"900000",5251,"2",2919351,"1",
"900000",3458,"3",2919351,"1",
"900000",10898,"4",2919351,"1",
"900000",1054,"5",2919351,"1",
"900030",13200,"1",2919351,"1",
"900030",13200,"2",2919351,"1",
"900030",13200,"3",2919351,"1",
"900030",13200,"4",2919351,"1",
"900030",13200,"5",2919351,"1",
"980000",15000,"1",2919351,"1",
"980000",18451,"2",2919351,"1",
"980000",16658,"3",2919351,"1",
"980000",24098,"4",2919351,"1",
"980000",14254,"5",2919351,"1",
"980070",15000,"1",2919351,"1",
"980070",18451,"2",2919351,"1",
"980070",16658,"3",2919351,"1",
"980070",24098,"4",2919351,"1",
"980070",14254,"5",2919351,"1",
"900000",10346,"1",2919352,"1",
"900000",5454,"2",2919352,"1",
"900000",17280,"3",2919352,"1",
"900000",41301,"4",2919352,"1",
"900000",3927,"5",2919352,"1",
"900030",13200,"1",2919352,"1",
"900030",13200,"2",2919352,"1",
"900030",13200,"3",2919352,"1",
"900030",13200,"4",2919352,"1",
"900030",13200,"5",2919352,"1",
"980000",23546,"1",2919352,"1",
"980000",18654,"2",2919352,"1",
"980000",30480,"3",2919352,"1",
"980000",54501,"4",2919352,"1",
"980000",17127,"5",2919352,"1",
"980070",23546,"1",2919352,"1",
"980070",18654,"2",2919352,"1",
"980070",30480,"3",2919352,"1",
"980070",54501,"4",2919352,"1",
"980070",17127,"5",2919352,"1",
"900000",221283,"1",2919361,"1",
"900000",65947,"2",2919361,"1",
"900000",188387,"3",2919361,"1",
"900000",152722,"4",2919361,"1",
"900000",162393,"5",2919361,"1",
"980000",221283,"1",2919361,"1",
"980000",65947,"2",2919361,"1",
"980000",188387,"3",2919361,"1",
"980000",152722,"4",2919361,"1",
"980000",162393,"5",2919361,"1",
"980070",221283,"1",2919361,"1",
"980070",65947,"2",2919361,"1",
"980070",188387,"3",2919361,"1",
"980070",152722,"4",2919361,"1",
"980070",162393,"5",2919361,"1",
"900000",141512,"1",2919362,"1",
"900000",58214,"2",2919362,"1",
"900000",76827,"3",2919362,"1",
"900000",110467,"4",2919362,"1",
"900000",151068,"5",2919362,"1",
"980000",141512,"1",2919362,"1",
"980000",58214,"2",2919362,"1",
"980000",76827,"3",2919362,"1",
"980000",110467,"4",2919362,"1",
"980000",151068,"5",2919362,"1",
"980070",141512,"1",2919362,"1",
"980070",58214,"2",2919362,"1",
"980070",76827,"3",2919362,"1",
"980070",110467,"4",2919362,"1",
"980070",151068,"5",2919362,"1",
"900000",50000,"1",2919391,"1",
"900000",50000,"2",2919391,"1",
"900000",50000,"3",2919391,"1",
"900000",50000,"4",2919391,"1",
"900000",50000,"5",2919391,"1",
"980000",50000,"1",2919391,"1",
"980000",50000,"2",2919391,"1",
"980000",50000,"3",2919391,"1",
"980000",50000,"4",2919391,"1",
"980000",50000,"5",2919391,"1",
"980070",51600,"1",2919391,"1",
"980070",51600,"2",2919391,"1",
"980070",51600,"3",2919391,"1",
"980070",51600,"4",2919391,"1",
"980070",51600,"5",2919391,"1",
"900000",50000,"1",2919392,"1",
"900000",50000,"2",2919392,"1",
"900000",50000,"3",2919392,"1",
"900000",50000,"4",2919392,"1",
"900000",50000,"5",2919392,"1",
"980000",50000,"1",2919392,"1",
"980000",50000,"2",2919392,"1",
"980000",50000,"3",2919392,"1",
"980000",50000,"4",2919392,"1",
"980000",50000,"5",2919392,"1",
"980070",51600,"1",2919392,"1",
"980070",51600,"2",2919392,"1",
"980070",51600,"3",2919392,"1",
"980070",51600,"4",2919392,"1",
"980070",51600,"5",2919392,"1",
"900000",83099,"1",2919401,"1",
"900000",7906,"2",2919401,"1",
"900000",32016,"3",2919401,"1",
"900000",80914,"4",2919401,"1",
"900000",39173,"5",2919401,"1",
"980000",83099,"1",2919401,"1",
"980000",7906,"2",2919401,"1",
"980000",32016,"3",2919401,"1",
"980000",80914,"4",2919401,"1",
"980000",39173,"5",2919401,"1",
"980070",83099,"1",2919401,"1",
"980070",7906,"2",2919401,"1",
"980070",32016,"3",2919401,"1",
"980070",80914,"4",2919401,"1",
"980070",39173,"5",2919401,"1",
"900000",66917,"1",2919402,"1",
"900000",67853,"2",2919402,"1",
"900000",32348,"3",2919402,"1",
"900000",30558,"4",2919402,"1",
"900000",57353,"5",2919402,"1",
"980000",66917,"1",2919402,"1",
"980000",67853,"2",2919402,"1",
"980000",32348,"3",2919402,"1",
"980000",30558,"4",2919402,"1",
"980000",57353,"5",2919402,"1",
"980070",66917,"1",2919402,"1",
"980070",67853,"2",2919402,"1",
"980070",32348,"3",2919402,"1",
"980070",30558,"4",2919402,"1",
"980070",57353,"5",2919402,"1",
"900030",14459,"1",2919411,"1",
"900030",14459,"2",2919411,"1",
"900030",14459,"3",2919411,"1",
"900030",14459,"4",2919411,"1",
"900030",14459,"5",2919411,"1",
"900180",4070,"1",2919411,"1",
"900180",697,"2",2919411,"1",
"900180",20,"3",2919411,"1",
"900180",101,"4",2919411,"1",
"900180",786,"5",2919411,"1",
"980000",18529,"1",2919411,"1",
"980000",15156,"2",2919411,"1",
"980000",14479,"3",2919411,"1",
"980000",14560,"4",2919411,"1",
"980000",15245,"5",2919411,"1",
"980070",18529,"1",2919411,"1",
"980070",15156,"2",2919411,"1",
"980070",14479,"3",2919411,"1",
"980070",14560,"4",2919411,"1",
"980070",15245,"5",2919411,"1",
"900030",14459,"1",2919412,"1",
"900030",14459,"2",2919412,"1",
"900030",14459,"3",2919412,"1",
"900030",14459,"4",2919412,"1",
"900030",14459,"5",2919412,"1",
"900180",51,"1",2919412,"1",
"900180",1,"2",2919412,"1",
"900180",5,"3",2919412,"1",
"900180",121,"4",2919412,"1",
"900180",16,"5",2919412,"1",
"980000",14510,"1",2919412,"1",
"980000",14460,"2",2919412,"1",
"980000",14464,"3",2919412,"1",
"980000",14580,"4",2919412,"1",
"980000",14475,"5",2919412,"1",
"980070",14510,"1",2919412,"1",
"980070",14460,"2",2919412,"1",
"980070",14464,"3",2919412,"1",
"980070",14580,"4",2919412,"1",
"980070",14475,"5",2919412,"1",
"900090",26370,"1",2919421,"1",
"900090",26370,"2",2919421,"1",
"900090",26370,"3",2919421,"1",
"900090",26370,"4",2919421,"1",
"900090",26370,"5",2919421,"1",
"900150",180,"1",2919421,"1",
"900150",180,"2",2919421,"1",
"900150",180,"3",2919421,"1",
"900150",180,"4",2919421,"1",
"900150",180,"5",2919421,"1",
"980000",26550,"1",2919421,"1",
"980000",26550,"2",2919421,"1",
"980000",26550,"3",2919421,"1",
"980000",26550,"4",2919421,"1",
"980000",26550,"5",2919421,"1",
"980070",26550,"1",2919421,"1",
"980070",26550,"2",2919421,"1",
"980070",26550,"3",2919421,"1",
"980070",26550,"4",2919421,"1",
"980070",26550,"5",2919421,"1",
"900000",5081,"1",2919452,"1",
"900000",40811,"2",2919452,"1",
"900000",31039,"3",2919452,"1",
"900000",40140,"4",2919452,"1",
"900000",3061,"5",2919452,"1",
"980000",5081,"1",2919452,"1",
"980000",40811,"2",2919452,"1",
"980000",31039,"3",2919452,"1",
"980000",40140,"4",2919452,"1",
"980000",3061,"5",2919452,"1",
"980070",5081,"1",2919452,"1",
"980070",40811,"2",2919452,"1",
"980070",31039,"3",2919452,"1",
"980070",40140,"4",2919452,"1",
"980070",3061,"5",2919452,"1",
"900000",56516,"1",2919461,"1",
"900000",56955,"2",2919461,"1",
"900000",65516,"3",2919461,"1",
"900000",69182,"4",2919461,"1",
"900000",57209,"5",2919461,"1",
"980000",56516,"1",2919461,"1",
"980000",56955,"2",2919461,"1",
"980000",65516,"3",2919461,"1",
"980000",69182,"4",2919461,"1",
"980000",57209,"5",2919461,"1",
"980070",56016,"1",2919461,"1",
"980070",56455,"2",2919461,"1",
"980070",65016,"3",2919461,"1",
"980070",68682,"4",2919461,"1",
"980070",56709,"5",2919461,"1",
"900000",66111,"1",2919462,"1",
"900000",66676,"2",2919462,"1",
"900000",50997,"3",2919462,"1",
"900000",56303,"4",2919462,"1",
"900000",55555,"5",2919462,"1",
"980000",66111,"1",2919462,"1",
"980000",66676,"2",2919462,"1",
"980000",50997,"3",2919462,"1",
"980000",56303,"4",2919462,"1",
"980000",55555,"5",2919462,"1",
"980070",65611,"1",2919462,"1",
"980070",66176,"2",2919462,"1",
"980070",50497,"3",2919462,"1",
"980070",55803,"4",2919462,"1",
"980070",55055,"5",2919462,"1",
"900000",60000,"1",2919501,"1",
"900000",60000,"2",2919501,"1",
"900000",60000,"3",2919501,"1",
"900000",60000,"4",2919501,"1",
"900000",60000,"5",2919501,"1",
"980000",60000,"1",2919501,"1",
"980000",60000,"2",2919501,"1",
"980000",60000,"3",2919501,"1",
"980000",60000,"4",2919501,"1",
"980000",60000,"5",2919501,"1",
"980070",60000,"1",2919501,"1",
"980070",60000,"2",2919501,"1",
"980070",60000,"3",2919501,"1",
"980070",60000,"4",2919501,"1",
"980070",60000,"5",2919501,"1",
"900000",60000,"1",2919502,"1",
"900000",60000,"2",2919502,"1",
"900000",60000,"3",2919502,"1",
"900000",60000,"4",2919502,"1",
"900000",60000,"5",2919502,"1",
"980000",60000,"1",2919502,"1",
"980000",60000,"2",2919502,"1",
"980000",60000,"3",2919502,"1",
"980000",60000,"4",2919502,"1",
"980000",60000,"5",2919502,"1",
"980070",60000,"1",2919502,"1",
"980070",60000,"2",2919502,"1",
"980070",60000,"3",2919502,"1",
"980070",60000,"4",2919502,"1",
"980070",60000,"5",2919502,"1",
"900000",20000,"1",2919541,"1",
"900000",20000,"2",2919541,"1",
"900000",20000,"3",2919541,"1",
"900000",20000,"4",2919541,"1",
"900000",20000,"5",2919541,"1",
"900160",30000,"1",2919541,"1",
"900160",30000,"2",2919541,"1",
"900160",30000,"3",2919541,"1",
"900160",30000,"4",2919541,"1",
"900160",30000,"5",2919541,"1",
"980000",50000,"1",2919541,"1",
"980000",50000,"2",2919541,"1",
"980000",50000,"3",2919541,"1",
"980000",50000,"4",2919541,"1",
"980000",50000,"5",2919541,"1",
"980070",51600,"1",2919541,"1",
"980070",51600,"2",2919541,"1",
"980070",51600,"3",2919541,"1",
"980070",51600,"4",2919541,"1",
"980070",51600,"5",2919541,"1",
"900000",20000,"1",2919542,"1",
"900000",20000,"2",2919542,"1",
"900000",20000,"3",2919542,"1",
"900000",20000,"4",2919542,"1",
"900000",20000,"5",2919542,"1",
"900160",30000,"1",2919542,"1",
"900160",30000,"2",2919542,"1",
"900160",30000,"3",2919542,"1",
"900160",30000,"4",2919542,"1",
"900160",30000,"5",2919542,"1",
"980000",50000,"1",2919542,"1",
"980000",50000,"2",2919542,"1",
"980000",50000,"3",2919542,"1",
"980000",50000,"4",2919542,"1",
"980000",50000,"5",2919542,"1",
"980070",51600,"1",2919542,"1",
"980070",51600,"2",2919542,"1",
"980070",51600,"3",2919542,"1",
"980070",51600,"4",2919542,"1",
"980070",51600,"5",2919542,"1",
"900000",75000,"1",2919561,"1",
"900000",75000,"2",2919561,"1",
"900000",75000,"3",2919561,"1",
"900000",75000,"4",2919561,"1",
"900000",75000,"5",2919561,"1",
"980000",75000,"1",2919561,"1",
"980000",75000,"2",2919561,"1",
"980000",75000,"3",2919561,"1",
"980000",75000,"4",2919561,"1",
"980000",75000,"5",2919561,"1",
"980070",78700,"1",2919561,"1",
"980070",78700,"2",2919561,"1",
"980070",78700,"3",2919561,"1",
"980070",78700,"4",2919561,"1",
"980070",78700,"5",2919561,"1",
"900000",75000,"1",2919562,"1",
"900000",75000,"2",2919562,"1",
"900000",75000,"3",2919562,"1",
"900000",75000,"4",2919562,"1",
"900000",75000,"5",2919562,"1",
"980000",75000,"1",2919562,"1",
"980000",75000,"2",2919562,"1",
"980000",75000,"3",2919562,"1",
"980000",75000,"4",2919562,"1",
"980000",75000,"5",2919562,"1",
"980070",78700,"1",2919562,"1",
"980070",78700,"2",2919562,"1",
"980070",78700,"3",2919562,"1",
"980070",78700,"4",2919562,"1",
"980070",78700,"5",2919562,"1",
"900150",2484,"1",2919582,"1",
"900150",2640,"2",2919582,"1",
"900150",2532,"3",2919582,"1",
"900150",1620,"4",2919582,"1",
"900150",1908,"5",2919582,"1",
"980000",2484,"1",2919582,"1",
"980000",2640,"2",2919582,"1",
"980000",2532,"3",2919582,"1",
"980000",1620,"4",2919582,"1",
"980000",1908,"5",2919582,"1",
"980070",2484,"1",2919582,"1",
"980070",2640,"2",2919582,"1",
"980070",2532,"3",2919582,"1",
"980070",1620,"4",2919582,"1",
"980070",1908,"5",2919582,"1",
"900000",28627,"1",2919611,"1",
"900000",53000,"2",2919611,"1",
"900000",36878,"3",2919611,"1",
"900000",4406,"4",2919611,"1",
"900000",6823,"5",2919611,"1",
"980000",28627,"1",2919611,"1",
"980000",53000,"2",2919611,"1",
"980000",36878,"3",2919611,"1",
"980000",4406,"4",2919611,"1",
"980000",6823,"5",2919611,"1",
"980070",28627,"1",2919611,"1",
"980070",53000,"2",2919611,"1",
"980070",36878,"3",2919611,"1",
"980070",4406,"4",2919611,"1",
"980070",6823,"5",2919611,"1",
"900000",3060,"1",2919612,"1",
"900000",39748,"2",2919612,"1",
"900000",24721,"3",2919612,"1",
"900000",22832,"4",2919612,"1",
"900000",5499,"5",2919612,"1",
"980000",3060,"1",2919612,"1",
"980000",39748,"2",2919612,"1",
"980000",24721,"3",2919612,"1",
"980000",22832,"4",2919612,"1",
"980000",5499,"5",2919612,"1",
"980070",3060,"1",2919612,"1",
"980070",39748,"2",2919612,"1",
"980070",24721,"3",2919612,"1",
"980070",22832,"4",2919612,"1",
"980070",5499,"5",2919612,"1",
"900000",81269,"1",2919621,"1",
"900000",56258,"2",2919621,"1",
"900000",68251,"3",2919621,"1",
"900000",44484,"4",2919621,"1",
"900000",50604,"5",2919621,"1",
"980000",81269,"1",2919621,"1",
"980000",56258,"2",2919621,"1",
"980000",68251,"3",2919621,"1",
"980000",44484,"4",2919621,"1",
"980000",50604,"5",2919621,"1",
"980070",81269,"1",2919621,"1",
"980070",56258,"2",2919621,"1",
"980070",68251,"3",2919621,"1",
"980070",44484,"4",2919621,"1",
"980070",50604,"5",2919621,"1",
"800940",1037,"1",2919631,"1",
"800940",1321,"2",2919631,"1",
"800940",4349,"3",2919631,"1",
"800940",3056,"4",2919631,"1",
"800940",2976,"5",2919631,"1",
"900000",27975,"1",2919631,"1",
"900000",27975,"2",2919631,"1",
"900000",27975,"3",2919631,"1",
"900000",27975,"4",2919631,"1",
"900000",27975,"5",2919631,"1",
"900160",281,"1",2919631,"1",
"900160",2134,"2",2919631,"1",
"900160",21928,"3",2919631,"1",
"900160",13474,"4",2919631,"1",
"900160",12953,"5",2919631,"1",
"980000",28256,"1",2919631,"1",
"980000",30109,"2",2919631,"1",
"980000",49903,"3",2919631,"1",
"980000",41449,"4",2919631,"1",
"980000",40928,"5",2919631,"1",
"980070",28256,"1",2919631,"1",
"980070",30109,"2",2919631,"1",
"980070",49903,"3",2919631,"1",
"980070",41449,"4",2919631,"1",
"980070",40928,"5",2919631,"1",
"800940",949,"1",2919632,"1",
"800940",8248,"2",2919632,"1",
"800940",1785,"3",2919632,"1",
"800940",1010,"4",2919632,"1",
"800940",1497,"5",2919632,"1",
"900000",27975,"1",2919632,"1",
"900000",27975,"2",2919632,"1",
"900000",27975,"3",2919632,"1",
"900000",27975,"4",2919632,"1",
"900000",27975,"5",2919632,"1",
"900160",-297,"1",2919632,"1",
"900160",47406,"2",2919632,"1",
"900160",5167,"3",2919632,"1",
"900160",102,"4",2919632,"1",
"900160",3287,"5",2919632,"1",
"980000",27678,"1",2919632,"1",
"980000",75381,"2",2919632,"1",
"980000",33142,"3",2919632,"1",
"980000",28077,"4",2919632,"1",
"980000",31262,"5",2919632,"1",
"980070",27678,"1",2919632,"1",
"980070",75381,"2",2919632,"1",
"980070",33142,"3",2919632,"1",
"980070",28077,"4",2919632,"1",
"980070",31262,"5",2919632,"1",
"900000",30183,"1",2919651,"1",
"900000",27861,"2",2919651,"1",
"900000",30179,"3",2919651,"1",
"900000",27060,"4",2919651,"1",
"900000",28756,"5",2919651,"1",
"900150",3360,"1",2919651,"1",
"900150",3360,"2",2919651,"1",
"900150",3360,"3",2919651,"1",
"900150",3360,"4",2919651,"1",
"900150",3360,"5",2919651,"1",
"980000",33543,"1",2919651,"1",
"980000",31221,"2",2919651,"1",
"980000",33539,"3",2919651,"1",
"980000",30420,"4",2919651,"1",
"980000",32116,"5",2919651,"1",
"980070",33698,"1",2919651,"1",
"980070",31376,"2",2919651,"1",
"980070",33694,"3",2919651,"1",
"980070",30575,"4",2919651,"1",
"980070",32271,"5",2919651,"1",
"900000",29035,"1",2919652,"1",
"900000",28071,"2",2919652,"1",
"900000",28969,"3",2919652,"1",
"900000",26675,"4",2919652,"1",
"900000",27309,"5",2919652,"1",
"900150",3360,"1",2919652,"1",
"900150",3360,"2",2919652,"1",
"900150",3360,"3",2919652,"1",
"900150",3360,"4",2919652,"1",
"900150",3360,"5",2919652,"1",
"980000",32395,"1",2919652,"1",
"980000",31431,"2",2919652,"1",
"980000",32329,"3",2919652,"1",
"980000",30035,"4",2919652,"1",
"980000",30669,"5",2919652,"1",
"980070",32550,"1",2919652,"1",
"980070",31586,"2",2919652,"1",
"980070",32484,"3",2919652,"1",
"980070",30190,"4",2919652,"1",
"980070",30824,"5",2919652,"1",
"900000",45000,"1",2919691,"1",
"900000",10365,"2",2919691,"1",
"900000",54533,"3",2919691,"1",
"900000",5095,"4",2919691,"1",
"900000",19830,"5",2919691,"1",
"900160",60376,"1",2919691,"1",
"900160",10481,"2",2919691,"1",
"900160",14544,"3",2919691,"1",
"900160",16591,"4",2919691,"1",
"900160",7988,"5",2919691,"1",
"980000",105376,"1",2919691,"1",
"980000",20846,"2",2919691,"1",
"980000",69077,"3",2919691,"1",
"980000",21686,"4",2919691,"1",
"980000",27818,"5",2919691,"1",
"980070",105376,"1",2919691,"1",
"980070",20846,"2",2919691,"1",
"980070",69077,"3",2919691,"1",
"980070",21686,"4",2919691,"1",
"980070",27818,"5",2919691,"1",
"900000",10771,"1",2919692,"1",
"900000",8939,"2",2919692,"1",
"900000",28935,"3",2919692,"1",
"900000",26124,"4",2919692,"1",
"900000",6823,"5",2919692,"1",
"900160",10346,"1",2919692,"1",
"900160",21928,"2",2919692,"1",
"900160",3094,"3",2919692,"1",
"900160",9479,"4",2919692,"1",
"900160",10797,"5",2919692,"1",
"980000",21117,"1",2919692,"1",
"980000",30867,"2",2919692,"1",
"980000",32029,"3",2919692,"1",
"980000",35603,"4",2919692,"1",
"980000",17620,"5",2919692,"1",
"980070",21117,"1",2919692,"1",
"980070",30867,"2",2919692,"1",
"980070",32029,"3",2919692,"1",
"980070",35603,"4",2919692,"1",
"980070",17620,"5",2919692,"1",
"900000",4339,"1",2919711,"1",
"900000",32558,"2",2919711,"1",
"900000",3272,"3",2919711,"1",
"900000",34150,"4",2919711,"1",
"900000",7099,"5",2919711,"1",
"980000",4339,"1",2919711,"1",
"980000",32558,"2",2919711,"1",
"980000",3272,"3",2919711,"1",
"980000",34150,"4",2919711,"1",
"980000",7099,"5",2919711,"1",
"980070",4339,"1",2919711,"1",
"980070",32558,"2",2919711,"1",
"980070",3272,"3",2919711,"1",
"980070",34150,"4",2919711,"1",
"980070",7099,"5",2919711,"1",
"900000",22793,"1",2919712,"1",
"900000",14734,"2",2919712,"1",
"900000",47295,"3",2919712,"1",
"900000",36205,"4",2919712,"1",
"900000",62663,"5",2919712,"1",
"980000",22793,"1",2919712,"1",
"980000",14734,"2",2919712,"1",
"980000",47295,"3",2919712,"1",
"980000",36205,"4",2919712,"1",
"980000",62663,"5",2919712,"1",
"980070",22793,"1",2919712,"1",
"980070",14734,"2",2919712,"1",
"980070",47295,"3",2919712,"1",
"980070",36205,"4",2919712,"1",
"980070",62663,"5",2919712,"1",
"900030",16379,"1",2919721,"1",
"900030",15311,"2",2919721,"1",
"900030",13523,"3",2919721,"1",
"900030",15971,"4",2919721,"1",
"900030",13295,"5",2919721,"1",
"980000",16379,"1",2919721,"1",
"980000",15311,"2",2919721,"1",
"980000",13523,"3",2919721,"1",
"980000",15971,"4",2919721,"1",
"980000",13295,"5",2919721,"1",
"980070",16379,"1",2919721,"1",
"980070",15311,"2",2919721,"1",
"980070",13523,"3",2919721,"1",
"980070",15971,"4",2919721,"1",
"980070",13295,"5",2919721,"1",
"900030",15719,"1",2919722,"1",
"900030",15707,"2",2919722,"1",
"900030",16535,"3",2919722,"1",
"900030",16811,"4",2919722,"1",
"900030",13271,"5",2919722,"1",
"980000",15719,"1",2919722,"1",
"980000",15707,"2",2919722,"1",
"980000",16535,"3",2919722,"1",
"980000",16811,"4",2919722,"1",
"980000",13271,"5",2919722,"1",
"980070",15719,"1",2919722,"1",
"980070",15707,"2",2919722,"1",
"980070",16535,"3",2919722,"1",
"980070",16811,"4",2919722,"1",
"980070",13271,"5",2919722,"1",
"900150",2160,"1",2919731,"1",
"900150",2160,"2",2919731,"1",
"900150",2160,"3",2919731,"1",
"900150",2160,"4",2919731,"1",
"900150",2160,"5",2919731,"1",
"980000",2160,"1",2919731,"1",
"980000",2160,"2",2919731,"1",
"980000",2160,"3",2919731,"1",
"980000",2160,"4",2919731,"1",
"980000",2160,"5",2919731,"1",
"980070",2880,"1",2919731,"1",
"980070",2880,"2",2919731,"1",
"980070",2880,"3",2919731,"1",
"980070",2880,"4",2919731,"1",
"980070",2880,"5",2919731,"1",
"900150",2160,"1",2919732,"1",
"900150",2160,"2",2919732,"1",
"900150",2160,"3",2919732,"1",
"900150",2160,"4",2919732,"1",
"900150",2160,"5",2919732,"1",
"980000",2160,"1",2919732,"1",
"980000",2160,"2",2919732,"1",
"980000",2160,"3",2919732,"1",
"980000",2160,"4",2919732,"1",
"980000",2160,"5",2919732,"1",
"980070",2880,"1",2919732,"1",
"980070",2880,"2",2919732,"1",
"980070",2880,"3",2919732,"1",
"980070",2880,"4",2919732,"1",
"980070",2880,"5",2919732,"1",
"900000",27000,"1",2919751,"1",
"900000",27000,"2",2919751,"1",
"900000",27000,"3",2919751,"1",
"900000",27000,"4",2919751,"1",
"900000",27000,"5",2919751,"1",
"900030",11317,"1",2919751,"1",
"900030",11575,"2",2919751,"1",
"900030",11555,"3",2919751,"1",
"900030",11375,"4",2919751,"1",
"900030",11609,"5",2919751,"1",
"980000",38317,"1",2919751,"1",
"980000",38575,"2",2919751,"1",
"980000",38555,"3",2919751,"1",
"980000",38375,"4",2919751,"1",
"980000",38609,"5",2919751,"1",
"980070",40017,"1",2919751,"1",
"980070",40275,"2",2919751,"1",
"980070",40255,"3",2919751,"1",
"980070",40075,"4",2919751,"1",
"980070",40309,"5",2919751,"1",
"900000",27000,"1",2919752,"1",
"900000",27000,"2",2919752,"1",
"900000",27000,"3",2919752,"1",
"900000",27000,"4",2919752,"1",
"900000",27000,"5",2919752,"1",
"900030",11689,"1",2919752,"1",
"900030",11433,"2",2919752,"1",
"900030",11191,"3",2919752,"1",
"900030",11591,"4",2919752,"1",
"900030",11471,"5",2919752,"1",
"980000",38689,"1",2919752,"1",
"980000",38433,"2",2919752,"1",
"980000",38191,"3",2919752,"1",
"980000",38591,"4",2919752,"1",
"980000",38471,"5",2919752,"1",
"980070",40389,"1",2919752,"1",
"980070",40133,"2",2919752,"1",
"980070",39891,"3",2919752,"1",
"980070",40291,"4",2919752,"1",
"980070",40171,"5",2919752,"1",
"900030",33118,"1",2919781,"1",
"900030",33118,"2",2919781,"1",
"900030",33118,"3",2919781,"1",
"900030",33118,"4",2919781,"1",
"900030",33118,"5",2919781,"1",
"900170",35000,"1",2919781,"1",
"900170",35000,"2",2919781,"1",
"900170",35000,"3",2919781,"1",
"900170",35000,"4",2919781,"1",
"900170",35000,"5",2919781,"1",
"900180",11041,"1",2919781,"1",
"900180",11195,"2",2919781,"1",
"900180",13809,"3",2919781,"1",
"900180",10204,"4",2919781,"1",
"900180",11191,"5",2919781,"1",
"980000",79159,"1",2919781,"1",
"980000",79313,"2",2919781,"1",
"980000",81927,"3",2919781,"1",
"980000",78322,"4",2919781,"1",
"980000",79309,"5",2919781,"1",
"980070",79159,"1",2919781,"1",
"980070",79313,"2",2919781,"1",
"980070",81927,"3",2919781,"1",
"980070",78322,"4",2919781,"1",
"980070",79309,"5",2919781,"1",
"900030",33118,"1",2919782,"1",
"900030",33118,"2",2919782,"1",
"900030",33118,"3",2919782,"1",
"900030",33118,"4",2919782,"1",
"900030",33118,"5",2919782,"1",
"900170",35000,"1",2919782,"1",
"900170",35000,"2",2919782,"1",
"900170",35000,"3",2919782,"1",
"900170",35000,"4",2919782,"1",
"900170",35000,"5",2919782,"1",
"900180",10610,"1",2919782,"1",
"900180",10596,"2",2919782,"1",
"900180",10292,"3",2919782,"1",
"900180",10096,"4",2919782,"1",
"900180",10696,"5",2919782,"1",
"980000",78728,"1",2919782,"1",
"980000",78714,"2",2919782,"1",
"980000",78410,"3",2919782,"1",
"980000",78214,"4",2919782,"1",
"980000",78814,"5",2919782,"1",
"980070",78728,"1",2919782,"1",
"980070",78714,"2",2919782,"1",
"980070",78410,"3",2919782,"1",
"980070",78214,"4",2919782,"1",
"980070",78814,"5",2919782,"1",
"900090",8400,"1",2919791,"1",
"900090",8400,"2",2919791,"1",
"900090",8400,"3",2919791,"1",
"900090",8400,"4",2919791,"1",
"900090",8400,"5",2919791,"1",
"900120",650,"1",2919791,"1",
"900120",650,"2",2919791,"1",
"900120",650,"3",2919791,"1",
"900120",650,"4",2919791,"1",
"900120",650,"5",2919791,"1",
"900150",3600,"1",2919791,"1",
"900150",3600,"2",2919791,"1",
"900150",3600,"3",2919791,"1",
"900150",3600,"4",2919791,"1",
"900150",3600,"5",2919791,"1",
"980000",12650,"1",2919791,"1",
"980000",12650,"2",2919791,"1",
"980000",12650,"3",2919791,"1",
"980000",12650,"4",2919791,"1",
"980000",12650,"5",2919791,"1",
"980070",12650,"1",2919791,"1",
"980070",12650,"2",2919791,"1",
"980070",12650,"3",2919791,"1",
"980070",12650,"4",2919791,"1",
"980070",12650,"5",2919791,"1",
"900090",8400,"1",2919792,"1",
"900090",8400,"2",2919792,"1",
"900090",8400,"3",2919792,"1",
"900090",8400,"4",2919792,"1",
"900090",8400,"5",2919792,"1",
"900120",650,"1",2919792,"1",
"900120",650,"2",2919792,"1",
"900120",650,"3",2919792,"1",
"900120",650,"4",2919792,"1",
"900120",650,"5",2919792,"1",
"900150",3600,"1",2919792,"1",
"900150",3600,"2",2919792,"1",
"900150",3600,"3",2919792,"1",
"900150",3600,"4",2919792,"1",
"900150",3600,"5",2919792,"1",
"980000",12650,"1",2919792,"1",
"980000",12650,"2",2919792,"1",
"980000",12650,"3",2919792,"1",
"980000",12650,"4",2919792,"1",
"980000",12650,"5",2919792,"1",
"980070",12650,"1",2919792,"1",
"980070",12650,"2",2919792,"1",
"980070",12650,"3",2919792,"1",
"980070",12650,"4",2919792,"1",
"980070",12650,"5",2919792,"1",
"900000",12368,"1",2919801,"1",
"900000",10933,"2",2919801,"1",
"900000",10681,"3",2919801,"1",
"900000",14498,"4",2919801,"1",
"900000",11959,"5",2919801,"1",
"900030",17027,"1",2919801,"1",
"900030",17027,"2",2919801,"1",
"900030",17027,"3",2919801,"1",
"900030",17027,"4",2919801,"1",
"900030",17027,"5",2919801,"1",
"900170",72,"1",2919801,"1",
"900170",72,"2",2919801,"1",
"900170",72,"3",2919801,"1",
"900170",72,"4",2919801,"1",
"900170",72,"5",2919801,"1",
"900180",118,"1",2919801,"1",
"900180",48,"2",2919801,"1",
"900180",88,"3",2919801,"1",
"900180",60,"4",2919801,"1",
"900180",971,"5",2919801,"1",
"980000",29585,"1",2919801,"1",
"980000",28080,"2",2919801,"1",
"980000",27868,"3",2919801,"1",
"980000",31657,"4",2919801,"1",
"980000",30029,"5",2919801,"1",
"980070",29585,"1",2919801,"1",
"980070",28080,"2",2919801,"1",
"980070",27868,"3",2919801,"1",
"980070",31657,"4",2919801,"1",
"980070",30029,"5",2919801,"1",
"900000",14026,"1",2919802,"1",
"900000",10226,"2",2919802,"1",
"900000",13575,"3",2919802,"1",
"900000",11517,"4",2919802,"1",
"900000",10902,"5",2919802,"1",
"900030",17027,"1",2919802,"1",
"900030",17027,"2",2919802,"1",
"900030",17027,"3",2919802,"1",
"900030",17027,"4",2919802,"1",
"900030",17027,"5",2919802,"1",
"900170",72,"1",2919802,"1",
"900170",72,"2",2919802,"1",
"900170",72,"3",2919802,"1",
"900170",72,"4",2919802,"1",
"900170",72,"5",2919802,"1",
"900180",27,"1",2919802,"1",
"900180",7,"2",2919802,"1",
"900180",71,"3",2919802,"1",
"900180",613,"4",2919802,"1",
"900180",39,"5",2919802,"1",
"980000",31152,"1",2919802,"1",
"980000",27332,"2",2919802,"1",
"980000",30745,"3",2919802,"1",
"980000",29229,"4",2919802,"1",
"980000",28040,"5",2919802,"1",
"980070",31152,"1",2919802,"1",
"980070",27332,"2",2919802,"1",
"980070",30745,"3",2919802,"1",
"980070",29229,"4",2919802,"1",
"980070",28040,"5",2919802,"1",
"900090",12225,"1",2919831,"1",
"900090",35076,"2",2919831,"1",
"900090",8065,"3",2919831,"1",
"900090",9089,"4",2919831,"1",
"900090",8425,"5",2919831,"1",
"980000",12225,"1",2919831,"1",
"980000",35076,"2",2919831,"1",
"980000",8065,"3",2919831,"1",
"980000",9089,"4",2919831,"1",
"980000",8425,"5",2919831,"1",
"980070",12225,"1",2919831,"1",
"980070",35076,"2",2919831,"1",
"980070",8065,"3",2919831,"1",
"980070",9089,"4",2919831,"1",
"980070",8425,"5",2919831,"1",
"900090",612,"1",2919832,"1",
"900090",619,"2",2919832,"1",
"900090",9185,"3",2919832,"1",
"900090",8589,"4",2919832,"1",
"900090",9555,"5",2919832,"1",
"980000",612,"1",2919832,"1",
"980000",619,"2",2919832,"1",
"980000",9185,"3",2919832,"1",
"980000",8589,"4",2919832,"1",
"980000",9555,"5",2919832,"1",
"980070",612,"1",2919832,"1",
"980070",619,"2",2919832,"1",
"980070",9185,"3",2919832,"1",
"980070",8589,"4",2919832,"1",
"980070",9555,"5",2919832,"1",
"900000",3088,"1",2919841,"1",
"900000",3088,"2",2919841,"1",
"900000",3088,"3",2919841,"1",
"900000",3088,"4",2919841,"1",
"900000",3088,"5",2919841,"1",
"900170",1500,"1",2919841,"1",
"900170",1500,"2",2919841,"1",
"900170",1500,"3",2919841,"1",
"900170",1500,"4",2919841,"1",
"900170",1500,"5",2919841,"1",
"900210",1935,"1",2919841,"1",
"900210",1935,"2",2919841,"1",
"900210",1935,"3",2919841,"1",
"900210",1935,"4",2919841,"1",
"900210",1935,"5",2919841,"1",
"980000",6523,"1",2919841,"1",
"980000",6523,"2",2919841,"1",
"980000",6523,"3",2919841,"1",
"980000",6523,"4",2919841,"1",
"980000",6523,"5",2919841,"1",
"980070",6923,"1",2919841,"1",
"980070",6923,"2",2919841,"1",
"980070",6923,"3",2919841,"1",
"980070",6923,"4",2919841,"1",
"980070",6923,"5",2919841,"1",
"900000",3088,"1",2919842,"1",
"900000",3088,"2",2919842,"1",
"900000",3088,"3",2919842,"1",
"900000",3088,"4",2919842,"1",
"900000",3088,"5",2919842,"1",
"900170",1500,"1",2919842,"1",
"900170",1500,"2",2919842,"1",
"900170",1500,"3",2919842,"1",
"900170",1500,"4",2919842,"1",
"900170",1500,"5",2919842,"1",
"900210",1935,"1",2919842,"1",
"900210",1935,"2",2919842,"1",
"900210",1935,"3",2919842,"1",
"900210",1935,"4",2919842,"1",
"900210",1935,"5",2919842,"1",
"980000",6523,"1",2919842,"1",
"980000",6523,"2",2919842,"1",
"980000",6523,"3",2919842,"1",
"980000",6523,"4",2919842,"1",
"980000",6523,"5",2919842,"1",
"980070",6923,"1",2919842,"1",
"980070",6923,"2",2919842,"1",
"980070",6923,"3",2919842,"1",
"980070",6923,"4",2919842,"1",
"980070",6923,"5",2919842,"1",
"900000",10000,"1",2919851,"1",
"900000",10000,"2",2919851,"1",
"900000",10000,"3",2919851,"1",
"900000",10000,"4",2919851,"1",
"900000",10000,"5",2919851,"1",
"900160",30000,"1",2919851,"1",
"900160",30000,"2",2919851,"1",
"900160",30000,"3",2919851,"1",
"900160",30000,"4",2919851,"1",
"900160",30000,"5",2919851,"1",
"900190",-1,"1",2919851,"1",
"900190",-1,"2",2919851,"1",
"900190",-1,"3",2919851,"1",
"900190",-1,"4",2919851,"1",
"900190",-1,"5",2919851,"1",
"980000",39999,"1",2919851,"1",
"980000",39999,"2",2919851,"1",
"980000",39999,"3",2919851,"1",
"980000",39999,"4",2919851,"1",
"980000",39999,"5",2919851,"1",
"980070",39799,"1",2919851,"1",
"980070",39799,"2",2919851,"1",
"980070",39799,"3",2919851,"1",
"980070",39799,"4",2919851,"1",
"980070",39799,"5",2919851,"1",
"900000",10000,"1",2919852,"1",
"900000",10000,"2",2919852,"1",
"900000",10000,"3",2919852,"1",
"900000",10000,"4",2919852,"1",
"900000",10000,"5",2919852,"1",
"900160",30000,"1",2919852,"1",
"900160",30000,"2",2919852,"1",
"900160",30000,"3",2919852,"1",
"900160",30000,"4",2919852,"1",
"900160",30000,"5",2919852,"1",
"900190",-1,"1",2919852,"1",
"900190",-1,"2",2919852,"1",
"900190",-1,"3",2919852,"1",
"900190",-1,"4",2919852,"1",
"900190",-1,"5",2919852,"1",
"980000",39999,"1",2919852,"1",
"980000",39999,"2",2919852,"1",
"980000",39999,"3",2919852,"1",
"980000",39999,"4",2919852,"1",
"980000",39999,"5",2919852,"1",
"980070",39799,"1",2919852,"1",
"980070",39799,"2",2919852,"1",
"980070",39799,"3",2919852,"1",
"980070",39799,"4",2919852,"1",
"980070",39799,"5",2919852,"1",
"900000",300,"1",2919861,"1",
"900000",300,"2",2919861,"1",
"900000",300,"3",2919861,"1",
"900000",300,"4",2919861,"1",
"900000",300,"5",2919861,"1",
"980000",300,"1",2919861,"1",
"980000",300,"2",2919861,"1",
"980000",300,"3",2919861,"1",
"980000",300,"4",2919861,"1",
"980000",300,"5",2919861,"1",
"980070",-1000,"1",2919861,"1",
"980070",-1000,"2",2919861,"1",
"980070",-1000,"3",2919861,"1",
"980070",-1000,"4",2919861,"1",
"980070",-1000,"5",2919861,"1",
"900000",300,"1",2919862,"1",
"900000",300,"2",2919862,"1",
"900000",300,"3",2919862,"1",
"900000",300,"4",2919862,"1",
"900000",300,"5",2919862,"1",
"980000",300,"1",2919862,"1",
"980000",300,"2",2919862,"1",
"980000",300,"3",2919862,"1",
"980000",300,"4",2919862,"1",
"980000",300,"5",2919862,"1",
"980070",-1000,"1",2919862,"1",
"980070",-1000,"2",2919862,"1",
"980070",-1000,"3",2919862,"1",
"980070",-1000,"4",2919862,"1",
"980070",-1000,"5",2919862,"1",
"900000",202000,"1",2919871,"1",
"900000",202000,"2",2919871,"1",
"900000",202000,"3",2919871,"1",
"900000",202000,"4",2919871,"1",
"900000",202000,"5",2919871,"1",
"980000",202000,"1",2919871,"1",
"980000",202000,"2",2919871,"1",
"980000",202000,"3",2919871,"1",
"980000",202000,"4",2919871,"1",
"980000",202000,"5",2919871,"1",
"980070",211012,"1",2919871,"1",
"980070",211012,"2",2919871,"1",
"980070",211012,"3",2919871,"1",
"980070",211012,"4",2919871,"1",
"980070",211012,"5",2919871,"1",
"900000",202000,"1",2919872,"1",
"900000",202000,"2",2919872,"1",
"900000",202000,"3",2919872,"1",
"900000",202000,"4",2919872,"1",
"900000",202000,"5",2919872,"1",
"980000",202000,"1",2919872,"1",
"980000",202000,"2",2919872,"1",
"980000",202000,"3",2919872,"1",
"980000",202000,"4",2919872,"1",
"980000",202000,"5",2919872,"1",
"980070",211012,"1",2919872,"1",
"980070",211012,"2",2919872,"1",
"980070",211012,"3",2919872,"1",
"980070",211012,"4",2919872,"1",
"980070",211012,"5",2919872,"1",
"900000",8000,"1",2919881,"1",
"900000",8000,"2",2919881,"1",
"900000",8000,"3",2919881,"1",
"900000",8000,"4",2919881,"1",
"900000",8000,"5",2919881,"1",
"900150",4800,"1",2919881,"1",
"900150",4800,"2",2919881,"1",
"900150",4800,"3",2919881,"1",
"900150",4800,"4",2919881,"1",
"900150",4800,"5",2919881,"1",
"980000",12800,"1",2919881,"1",
"980000",12800,"2",2919881,"1",
"980000",12800,"3",2919881,"1",
"980000",12800,"4",2919881,"1",
"980000",12800,"5",2919881,"1",
"980070",12800,"1",2919881,"1",
"980070",12800,"2",2919881,"1",
"980070",12800,"3",2919881,"1",
"980070",12800,"4",2919881,"1",
"980070",12800,"5",2919881,"1",
"900000",8000,"1",2919882,"1",
"900000",8000,"2",2919882,"1",
"900000",8000,"3",2919882,"1",
"900000",8000,"4",2919882,"1",
"900000",8000,"5",2919882,"1",
"900150",4800,"1",2919882,"1",
"900150",4800,"2",2919882,"1",
"900150",4800,"3",2919882,"1",
"900150",4800,"4",2919882,"1",
"900150",4800,"5",2919882,"1",
"980000",12800,"1",2919882,"1",
"980000",12800,"2",2919882,"1",
"980000",12800,"3",2919882,"1",
"980000",12800,"4",2919882,"1",
"980000",12800,"5",2919882,"1",
"980070",12800,"1",2919882,"1",
"980070",12800,"2",2919882,"1",
"980070",12800,"3",2919882,"1",
"980070",12800,"4",2919882,"1",
"980070",12800,"5",2919882,"1",
"900170",27524,"1",2919921,"1",
"900170",10509,"2",2919921,"1",
"900170",3962,"3",2919921,"1",
"900170",8673,"4",2919921,"1",
"900170",22310,"5",2919921,"1",
"980000",27524,"1",2919921,"1",
"980000",10509,"2",2919921,"1",
"980000",3962,"3",2919921,"1",
"980000",8673,"4",2919921,"1",
"980000",22310,"5",2919921,"1",
"980070",27524,"1",2919921,"1",
"980070",10509,"2",2919921,"1",
"980070",3962,"3",2919921,"1",
"980070",8673,"4",2919921,"1",
"980070",22310,"5",2919921,"1",
"900030",16440,"1",2919922,"1",
"900030",19812,"2",2919922,"1",
"900030",16968,"3",2919922,"1",
"900030",22212,"4",2919922,"1",
"900030",23592,"5",2919922,"1",
"980000",16440,"1",2919922,"1",
"980000",19812,"2",2919922,"1",
"980000",16968,"3",2919922,"1",
"980000",22212,"4",2919922,"1",
"980000",23592,"5",2919922,"1",
"980070",16440,"1",2919922,"1",
"980070",19812,"2",2919922,"1",
"980070",16968,"3",2919922,"1",
"980070",22212,"4",2919922,"1",
"980070",23592,"5",2919922,"1",
"900000",5858,"1",2919931,"1",
"900000",38061,"2",2919931,"1",
"900000",5189,"3",2919931,"1",
"900000",7517,"4",2919931,"1",
"900000",2540,"5",2919931,"1",
"900160",12098,"1",2919931,"1",
"900160",1868,"2",2919931,"1",
"900160",47230,"3",2919931,"1",
"900160",2202,"4",2919931,"1",
"900160",5038,"5",2919931,"1",
"980000",17956,"1",2919931,"1",
"980000",39929,"2",2919931,"1",
"980000",52419,"3",2919931,"1",
"980000",9719,"4",2919931,"1",
"980000",7578,"5",2919931,"1",
"980070",17956,"1",2919931,"1",
"980070",39929,"2",2919931,"1",
"980070",52419,"3",2919931,"1",
"980070",9719,"4",2919931,"1",
"980070",7578,"5",2919931,"1",
"900000",26380,"1",2919932,"1",
"900000",11418,"2",2919932,"1",
"900000",23,"3",2919932,"1",
"900000",26329,"4",2919932,"1",
"900000",80,"5",2919932,"1",
"900160",508,"1",2919932,"1",
"900160",11442,"2",2919932,"1",
"900160",10361,"3",2919932,"1",
"900160",459,"4",2919932,"1",
"900160",18708,"5",2919932,"1",
"980000",26888,"1",2919932,"1",
"980000",22860,"2",2919932,"1",
"980000",10384,"3",2919932,"1",
"980000",26788,"4",2919932,"1",
"980000",18788,"5",2919932,"1",
"980070",26888,"1",2919932,"1",
"980070",22860,"2",2919932,"1",
"980070",10384,"3",2919932,"1",
"980070",26788,"4",2919932,"1",
"980070",18788,"5",2919932,"1",
"900000",46000,"1",2919942,"1",
"900000",46000,"2",2919942,"1",
"900000",46000,"3",2919942,"1",
"900000",46000,"4",2919942,"1",
"900000",46000,"5",2919942,"1",
"980000",46000,"1",2919942,"1",
"980000",46000,"2",2919942,"1",
"980000",46000,"3",2919942,"1",
"980000",46000,"4",2919942,"1",
"980000",46000,"5",2919942,"1",
"980070",51000,"1",2919942,"1",
"980070",51000,"2",2919942,"1",
"980070",51000,"3",2919942,"1",
"980070",51000,"4",2919942,"1",
"980070",51000,"5",2919942,"1",
"900000",91000,"1",2919961,"1",
"900000",91000,"2",2919961,"1",
"900000",91000,"3",2919961,"1",
"900000",91000,"4",2919961,"1",
"900000",91000,"5",2919961,"1",
"980000",91000,"1",2919961,"1",
"980000",91000,"2",2919961,"1",
"980000",91000,"3",2919961,"1",
"980000",91000,"4",2919961,"1",
"980000",91000,"5",2919961,"1",
"980070",91200,"1",2919961,"1",
"980070",91200,"2",2919961,"1",
"980070",91200,"3",2919961,"1",
"980070",91200,"4",2919961,"1",
"980070",91200,"5",2919961,"1",
"900000",91000,"1",2919962,"1",
"900000",91000,"2",2919962,"1",
"900000",91000,"3",2919962,"1",
"900000",91000,"4",2919962,"1",
"900000",91000,"5",2919962,"1",
"980000",91000,"1",2919962,"1",
"980000",91000,"2",2919962,"1",
"980000",91000,"3",2919962,"1",
"980000",91000,"4",2919962,"1",
"980000",91000,"5",2919962,"1",
"980070",91200,"1",2919962,"1",
"980070",91200,"2",2919962,"1",
"980070",91200,"3",2919962,"1",
"980070",91200,"4",2919962,"1",
"980070",91200,"5",2919962,"1",
"900000",9800,"1",2919971,"1",
"900000",29627,"2",2919971,"1",
"900000",5775,"3",2919971,"1",
"900000",12000,"4",2919971,"1",
"900000",1034,"5",2919971,"1",
"900030",13427,"1",2919971,"1",
"900030",16571,"2",2919971,"1",
"900030",14075,"3",2919971,"1",
"900030",14963,"4",2919971,"1",
"900030",14159,"5",2919971,"1",
"980000",23227,"1",2919971,"1",
"980000",46198,"2",2919971,"1",
"980000",19850,"3",2919971,"1",
"980000",26963,"4",2919971,"1",
"980000",15193,"5",2919971,"1",
"980070",23227,"1",2919971,"1",
"980070",46198,"2",2919971,"1",
"980070",19850,"3",2919971,"1",
"980070",26963,"4",2919971,"1",
"980070",15193,"5",2919971,"1",
"900000",3225,"1",2919972,"1",
"900000",4731,"2",2919972,"1",
"900000",10492,"3",2919972,"1",
"900000",7998,"4",2919972,"1",
"900000",201,"5",2919972,"1",
"900030",14399,"1",2919972,"1",
"900030",15731,"2",2919972,"1",
"900030",16847,"3",2919972,"1",
"900030",16679,"4",2919972,"1",
"900030",13919,"5",2919972,"1",
"980000",17624,"1",2919972,"1",
"980000",20462,"2",2919972,"1",
"980000",27339,"3",2919972,"1",
"980000",24677,"4",2919972,"1",
"980000",14120,"5",2919972,"1",
"980070",17624,"1",2919972,"1",
"980070",20462,"2",2919972,"1",
"980070",27339,"3",2919972,"1",
"980070",24677,"4",2919972,"1",
"980070",14120,"5",2919972,"1",
"900140",875,"1",2919982,"1",
"900140",5456,"2",2919982,"1",
"900140",219,"3",2919982,"1",
"900140",544,"4",2919982,"1",
"900140",793,"5",2919982,"1",
"980000",875,"1",2919982,"1",
"980000",5456,"2",2919982,"1",
"980000",219,"3",2919982,"1",
"980000",544,"4",2919982,"1",
"980000",793,"5",2919982,"1",
"980070",875,"1",2919982,"1",
"980070",5456,"2",2919982,"1",
"980070",219,"3",2919982,"1",
"980070",544,"4",2919982,"1",
"980070",793,"5",2919982,"1",
"900000",112000,"1",2919991,"1",
"900000",112000,"2",2919991,"1",
"900000",112000,"3",2919991,"1",
"900000",112000,"4",2919991,"1",
"900000",112000,"5",2919991,"1",
"900180",12,"1",2919991,"1",
"900180",82,"2",2919991,"1",
"900180",52,"3",2919991,"1",
"900180",107,"4",2919991,"1",
"900180",112,"5",2919991,"1",
"980000",112012,"1",2919991,"1",
"980000",112082,"2",2919991,"1",
"980000",112052,"3",2919991,"1",
"980000",112107,"4",2919991,"1",
"980000",112112,"5",2919991,"1",
"980070",115112,"1",2919991,"1",
"980070",115182,"2",2919991,"1",
"980070",115152,"3",2919991,"1",
"980070",115207,"4",2919991,"1",
"980070",115212,"5",2919991,"1",
"900000",112000,"1",2919992,"1",
"900000",112000,"2",2919992,"1",
"900000",112000,"3",2919992,"1",
"900000",112000,"4",2919992,"1",
"900000",112000,"5",2919992,"1",
"900180",17,"1",2919992,"1",
"900180",799,"2",2919992,"1",
"900180",119,"3",2919992,"1",
"900180",134,"4",2919992,"1",
"900180",93,"5",2919992,"1",
"980000",112017,"1",2919992,"1",
"980000",112799,"2",2919992,"1",
"980000",112119,"3",2919992,"1",
"980000",112134,"4",2919992,"1",
"980000",112093,"5",2919992,"1",
"980070",115117,"1",2919992,"1",
"980070",115899,"2",2919992,"1",
"980070",115219,"3",2919992,"1",
"980070",115234,"4",2919992,"1",
"980070",115193,"5",2919992,"1",
"900000",90000,"1",2920001,"1",
"900000",90000,"2",2920001,"1",
"900000",90000,"3",2920001,"1",
"900000",90000,"4",2920001,"1",
"900000",90000,"5",2920001,"1",
"980000",90000,"1",2920001,"1",
"980000",90000,"2",2920001,"1",
"980000",90000,"3",2920001,"1",
"980000",90000,"4",2920001,"1",
"980000",90000,"5",2920001,"1",
"980070",94500,"1",2920001,"1",
"980070",94500,"2",2920001,"1",
"980070",94500,"3",2920001,"1",
"980070",94500,"4",2920001,"1",
"980070",94500,"5",2920001,"1",
"900000",90000,"1",2920002,"1",
"900000",90000,"2",2920002,"1",
"900000",90000,"3",2920002,"1",
"900000",90000,"4",2920002,"1",
"900000",90000,"5",2920002,"1",
"980000",90000,"1",2920002,"1",
"980000",90000,"2",2920002,"1",
"980000",90000,"3",2920002,"1",
"980000",90000,"4",2920002,"1",
"980000",90000,"5",2920002,"1",
"980070",94500,"1",2920002,"1",
"980070",94500,"2",2920002,"1",
"980070",94500,"3",2920002,"1",
"980070",94500,"4",2920002,"1",
"980070",94500,"5",2920002,"1",
"900000",122000,"1",2920011,"1",
"900000",122000,"2",2920011,"1",
"900000",122000,"3",2920011,"1",
"900000",122000,"4",2920011,"1",
"900000",122000,"5",2920011,"1",
"900030",27659,"1",2920011,"1",
"900030",27659,"2",2920011,"1",
"900030",27659,"3",2920011,"1",
"900030",27659,"4",2920011,"1",
"900030",27659,"5",2920011,"1",
"900180",125,"1",2920011,"1",
"900180",125,"2",2920011,"1",
"900180",125,"3",2920011,"1",
"900180",125,"4",2920011,"1",
"900180",125,"5",2920011,"1",
"950002",15461,"1",2920011,"1",
"950002",15461,"2",2920011,"1",
"950002",15461,"3",2920011,"1",
"950002",15461,"4",2920011,"1",
"950002",15461,"5",2920011,"1",
"950012",5652,"1",2920011,"1",
"950012",5652,"2",2920011,"1",
"950012",5652,"3",2920011,"1",
"950012",5652,"4",2920011,"1",
"950012",5652,"5",2920011,"1",
"980000",149784,"1",2920011,"1",
"980000",149784,"2",2920011,"1",
"980000",149784,"3",2920011,"1",
"980000",149784,"4",2920011,"1",
"980000",149784,"5",2920011,"1",
"980070",127471,"1",2920011,"1",
"980070",127471,"2",2920011,"1",
"980070",127471,"3",2920011,"1",
"980070",127471,"4",2920011,"1",
"980070",127471,"5",2920011,"1",
"900000",122000,"1",2920012,"1",
"900000",122000,"2",2920012,"1",
"900000",122000,"3",2920012,"1",
"900000",122000,"4",2920012,"1",
"900000",122000,"5",2920012,"1",
"900030",27659,"1",2920012,"1",
"900030",27659,"2",2920012,"1",
"900030",27659,"3",2920012,"1",
"900030",27659,"4",2920012,"1",
"900030",27659,"5",2920012,"1",
"900180",125,"1",2920012,"1",
"900180",125,"2",2920012,"1",
"900180",125,"3",2920012,"1",
"900180",125,"4",2920012,"1",
"900180",125,"5",2920012,"1",
"950002",15461,"1",2920012,"1",
"950002",15461,"2",2920012,"1",
"950002",15461,"3",2920012,"1",
"950002",15461,"4",2920012,"1",
"950002",15461,"5",2920012,"1",
"950012",5652,"1",2920012,"1",
"950012",5652,"2",2920012,"1",
"950012",5652,"3",2920012,"1",
"950012",5652,"4",2920012,"1",
"950012",5652,"5",2920012,"1",
"980000",149784,"1",2920012,"1",
"980000",149784,"2",2920012,"1",
"980000",149784,"3",2920012,"1",
"980000",149784,"4",2920012,"1",
"980000",149784,"5",2920012,"1",
"980070",127471,"1",2920012,"1",
"980070",127471,"2",2920012,"1",
"980070",127471,"3",2920012,"1",
"980070",127471,"4",2920012,"1",
"980070",127471,"5",2920012,"1",
"900000",205487,"1",2920031,"1","T"
"900000",205487,"2",2920031,"1","T"
"900000",205487,"3",2920031,"1","T"
"900000",205487,"4",2920031,"1","T"
"900000",205487,"5",2920031,"1","T"
"900030",3863,"1",2920031,"1",
"900030",3863,"2",2920031,"1",
"900030",3863,"3",2920031,"1",
"900030",3863,"4",2920031,"1",
"900030",3863,"5",2920031,"1",
"980000",209350,"1",2920031,"1","T"
"980000",209350,"2",2920031,"1","T"
"980000",209350,"3",2920031,"1","T"
"980000",209350,"4",2920031,"1","T"
"980000",209350,"5",2920031,"1","T"
"980070",221511,"1",2920031,"1","T"
"980070",221511,"2",2920031,"1","T"
"980070",221511,"3",2920031,"1","T"
"980070",221511,"4",2920031,"1","T"
"980070",221511,"5",2920031,"1","T"
"900000",205487,"1",2920032,"1","T"
"900000",205487,"2",2920032,"1","T"
"900000",205487,"3",2920032,"1","T"
"900000",205487,"4",2920032,"1","T"
"900000",205487,"5",2920032,"1","T"
"900030",3863,"1",2920032,"1",
"900030",3863,"2",2920032,"1",
"900030",3863,"3",2920032,"1",
"900030",3863,"4",2920032,"1",
"900030",3863,"5",2920032,"1",
"980000",209350,"1",2920032,"1","T"
"980000",209350,"2",2920032,"1","T"
"980000",209350,"3",2920032,"1","T"
"980000",209350,"4",2920032,"1","T"
"980000",209350,"5",2920032,"1","T"
"980070",221511,"1",2920032,"1","T"
"980070",221511,"2",2920032,"1","T"
"980070",221511,"3",2920032,"1","T"
"980070",221511,"4",2920032,"1","T"
"980070",221511,"5",2920032,"1","T"
"900000",112000,"1",2920041,"1",
"900000",112000,"2",2920041,"1",
"900000",112000,"3",2920041,"1",
"900000",112000,"4",2920041,"1",
"900000",112000,"5",2920041,"1",
"980000",112000,"1",2920041,"1",
"980000",112000,"2",2920041,"1",
"980000",112000,"3",2920041,"1",
"980000",112000,"4",2920041,"1",
"980000",112000,"5",2920041,"1",
"980070",112300,"1",2920041,"1",
"980070",112300,"2",2920041,"1",
"980070",112300,"3",2920041,"1",
"980070",112300,"4",2920041,"1",
"980070",112300,"5",2920041,"1",
"900000",112000,"1",2920042,"1",
"900000",112000,"2",2920042,"1",
"900000",112000,"3",2920042,"1",
"900000",112000,"4",2920042,"1",
"900000",112000,"5",2920042,"1",
"980000",112000,"1",2920042,"1",
"980000",112000,"2",2920042,"1",
"980000",112000,"3",2920042,"1",
"980000",112000,"4",2920042,"1",
"980000",112000,"5",2920042,"1",
"980070",112300,"1",2920042,"1",
"980070",112300,"2",2920042,"1",
"980070",112300,"3",2920042,"1",
"980070",112300,"4",2920042,"1",
"980070",112300,"5",2920042,"1",
"900000",24000,"1",2920061,"1",
"900000",24000,"2",2920061,"1",
"900000",24000,"3",2920061,"1",
"900000",24000,"4",2920061,"1",
"900000",24000,"5",2920061,"1",
"900180",1500,"1",2920061,"1",
"900180",1500,"2",2920061,"1",
"900180",1500,"3",2920061,"1",
"900180",1500,"4",2920061,"1",
"900180",1500,"5",2920061,"1",
"980000",25500,"1",2920061,"1",
"980000",25500,"2",2920061,"1",
"980000",25500,"3",2920061,"1",
"980000",25500,"4",2920061,"1",
"980000",25500,"5",2920061,"1",
"980070",19300,"1",2920061,"1",
"980070",19300,"2",2920061,"1",
"980070",19300,"3",2920061,"1",
"980070",19300,"4",2920061,"1",
"980070",19300,"5",2920061,"1",
"900000",24000,"1",2920062,"1",
"900000",24000,"2",2920062,"1",
"900000",24000,"3",2920062,"1",
"900000",24000,"4",2920062,"1",
"900000",24000,"5",2920062,"1",
"900180",1500,"1",2920062,"1",
"900180",1500,"2",2920062,"1",
"900180",1500,"3",2920062,"1",
"900180",1500,"4",2920062,"1",
"900180",1500,"5",2920062,"1",
"980000",25500,"1",2920062,"1",
"980000",25500,"2",2920062,"1",
"980000",25500,"3",2920062,"1",
"980000",25500,"4",2920062,"1",
"980000",25500,"5",2920062,"1",
"980070",19300,"1",2920062,"1",
"980070",19300,"2",2920062,"1",
"980070",19300,"3",2920062,"1",
"980070",19300,"4",2920062,"1",
"980070",19300,"5",2920062,"1",
"900030",16259,"1",2920071,"1",
"900030",16259,"2",2920071,"1",
"900030",16259,"3",2920071,"1",
"900030",16259,"4",2920071,"1",
"900030",16259,"5",2920071,"1",
"900180",62,"1",2920071,"1",
"900180",72,"2",2920071,"1",
"900180",110,"3",2920071,"1",
"900180",82,"4",2920071,"1",
"900180",127,"5",2920071,"1",
"900210",7200,"1",2920071,"1",
"900210",7200,"2",2920071,"1",
"900210",7200,"3",2920071,"1",
"900210",7200,"4",2920071,"1",
"900210",7200,"5",2920071,"1",
"980000",23521,"1",2920071,"1",
"980000",23531,"2",2920071,"1",
"980000",23569,"3",2920071,"1",
"980000",23541,"4",2920071,"1",
"980000",23586,"5",2920071,"1",
"980070",24521,"1",2920071,"1",
"980070",24531,"2",2920071,"1",
"980070",24569,"3",2920071,"1",
"980070",24541,"4",2920071,"1",
"980070",24586,"5",2920071,"1",
"900030",16259,"1",2920072,"1",
"900030",16259,"2",2920072,"1",
"900030",16259,"3",2920072,"1",
"900030",16259,"4",2920072,"1",
"900030",16259,"5",2920072,"1",
"900180",99,"1",2920072,"1",
"900180",97,"2",2920072,"1",
"900180",99,"3",2920072,"1",
"900180",22,"4",2920072,"1",
"900180",122,"5",2920072,"1",
"900210",7200,"1",2920072,"1",
"900210",7200,"2",2920072,"1",
"900210",7200,"3",2920072,"1",
"900210",7200,"4",2920072,"1",
"900210",7200,"5",2920072,"1",
"980000",23558,"1",2920072,"1",
"980000",23556,"2",2920072,"1",
"980000",23558,"3",2920072,"1",
"980000",23481,"4",2920072,"1",
"980000",23581,"5",2920072,"1",
"980070",24558,"1",2920072,"1",
"980070",24556,"2",2920072,"1",
"980070",24558,"3",2920072,"1",
"980070",24481,"4",2920072,"1",
"980070",24581,"5",2920072,"1",
"900000",67132,"1",2920101,"1",
"900000",53265,"2",2920101,"1",
"900000",30605,"3",2920101,"1",
"900000",78919,"4",2920101,"1",
"900000",6480,"5",2920101,"1",
"900160",20946,"1",2920101,"1",
"900160",56759,"2",2920101,"1",
"900160",85034,"3",2920101,"1",
"900160",115213,"4",2920101,"1",
"900160",6124,"5",2920101,"1",
"980000",88078,"1",2920101,"1",
"980000",110024,"2",2920101,"1",
"980000",115639,"3",2920101,"1",
"980000",194132,"4",2920101,"1",
"980000",12604,"5",2920101,"1",
"980070",88078,"1",2920101,"1",
"980070",110024,"2",2920101,"1",
"980070",115639,"3",2920101,"1",
"980070",194132,"4",2920101,"1",
"980070",12604,"5",2920101,"1",
"900000",37687,"1",2920102,"1",
"900000",120751,"2",2920102,"1",
"900000",26306,"3",2920102,"1",
"900000",65000,"4",2920102,"1",
"900000",46998,"5",2920102,"1",
"900160",21420,"1",2920102,"1",
"900160",55278,"2",2920102,"1",
"900160",35000,"3",2920102,"1",
"900160",32913,"4",2920102,"1",
"900160",54715,"5",2920102,"1",
"980000",59107,"1",2920102,"1",
"980000",176029,"2",2920102,"1",
"980000",61306,"3",2920102,"1",
"980000",97913,"4",2920102,"1",
"980000",101713,"5",2920102,"1",
"980070",59107,"1",2920102,"1",
"980070",176029,"2",2920102,"1",
"980070",61306,"3",2920102,"1",
"980070",97913,"4",2920102,"1",
"980070",101713,"5",2920102,"1",
"900000",12561,"1",2920111,"1",
"900000",12561,"2",2920111,"1",
"900000",12561,"3",2920111,"1",
"900000",12561,"4",2920111,"1",
"900000",12561,"5",2920111,"1",
"900030",34812,"1",2920111,"1",
"900030",34812,"2",2920111,"1",
"900030",34812,"3",2920111,"1",
"900030",34812,"4",2920111,"1",
"900030",34812,"5",2920111,"1",
"900170",70070,"1",2920111,"1",
"900170",70070,"2",2920111,"1",
"900170",70070,"3",2920111,"1",
"900170",70070,"4",2920111,"1",
"900170",70070,"5",2920111,"1",
"900180",25472,"1",2920111,"1",
"900180",25472,"2",2920111,"1",
"900180",25472,"3",2920111,"1",
"900180",25472,"4",2920111,"1",
"900180",25472,"5",2920111,"1",
"980000",142915,"1",2920111,"1",
"980000",142915,"2",2920111,"1",
"980000",142915,"3",2920111,"1",
"980000",142915,"4",2920111,"1",
"980000",142915,"5",2920111,"1",
"980070",126645,"1",2920111,"1",
"980070",126645,"2",2920111,"1",
"980070",126645,"3",2920111,"1",
"980070",126645,"4",2920111,"1",
"980070",126645,"5",2920111,"1",
"900000",12561,"1",2920112,"1",
"900000",12561,"2",2920112,"1",
"900000",12561,"3",2920112,"1",
"900000",12561,"4",2920112,"1",
"900000",12561,"5",2920112,"1",
"900030",34812,"1",2920112,"1",
"900030",34812,"2",2920112,"1",
"900030",34812,"3",2920112,"1",
"900030",34812,"4",2920112,"1",
"900030",34812,"5",2920112,"1",
"900170",70070,"1",2920112,"1",
"900170",70070,"2",2920112,"1",
"900170",70070,"3",2920112,"1",
"900170",70070,"4",2920112,"1",
"900170",70070,"5",2920112,"1",
"900180",25472,"1",2920112,"1",
"900180",25472,"2",2920112,"1",
"900180",25472,"3",2920112,"1",
"900180",25472,"4",2920112,"1",
"900180",25472,"5",2920112,"1",
"980000",142915,"1",2920112,"1",
"980000",142915,"2",2920112,"1",
"980000",142915,"3",2920112,"1",
"980000",142915,"4",2920112,"1",
"980000",142915,"5",2920112,"1",
"980070",126645,"1",2920112,"1",
"980070",126645,"2",2920112,"1",
"980070",126645,"3",2920112,"1",
"980070",126645,"4",2920112,"1",
"980070",126645,"5",2920112,"1",
"900000",117360,"1",2920121,"1",
"900000",117360,"2",2920121,"1",
"900000",117360,"3",2920121,"1",
"900000",117360,"4",2920121,"1",
"900000",117360,"5",2920121,"1",
"900160",3000,"1",2920121,"1",
"900160",3000,"2",2920121,"1",
"900160",3000,"3",2920121,"1",
"900160",3000,"4",2920121,"1",
"900160",3000,"5",2920121,"1",
"900170",1500,"1",2920121,"1",
"900170",1500,"2",2920121,"1",
"900170",1500,"3",2920121,"1",
"900170",1500,"4",2920121,"1",
"900170",1500,"5",2920121,"1",
"900210",8022,"1",2920121,"1",
"900210",8022,"2",2920121,"1",
"900210",8022,"3",2920121,"1",
"900210",8022,"4",2920121,"1",
"900210",8022,"5",2920121,"1",
"950002",6817,"1",2920121,"1",
"950002",6817,"2",2920121,"1",
"950002",6817,"3",2920121,"1",
"950002",6817,"4",2920121,"1",
"950002",6817,"5",2920121,"1",
"950012",4973,"1",2920121,"1",
"950012",4973,"2",2920121,"1",
"950012",4973,"3",2920121,"1",
"950012",4973,"4",2920121,"1",
"950012",4973,"5",2920121,"1",
"980000",129882,"1",2920121,"1",
"980000",129882,"2",2920121,"1",
"980000",129882,"3",2920121,"1",
"980000",129882,"4",2920121,"1",
"980000",129882,"5",2920121,"1",
"980070",125632,"1",2920121,"1",
"980070",125632,"2",2920121,"1",
"980070",125632,"3",2920121,"1",
"980070",125632,"4",2920121,"1",
"980070",125632,"5",2920121,"1",
"900000",117360,"1",2920122,"1",
"900000",117360,"2",2920122,"1",
"900000",117360,"3",2920122,"1",
"900000",117360,"4",2920122,"1",
"900000",117360,"5",2920122,"1",
"900160",3000,"1",2920122,"1",
"900160",3000,"2",2920122,"1",
"900160",3000,"3",2920122,"1",
"900160",3000,"4",2920122,"1",
"900160",3000,"5",2920122,"1",
"900170",1500,"1",2920122,"1",
"900170",1500,"2",2920122,"1",
"900170",1500,"3",2920122,"1",
"900170",1500,"4",2920122,"1",
"900170",1500,"5",2920122,"1",
"900210",8022,"1",2920122,"1",
"900210",8022,"2",2920122,"1",
"900210",8022,"3",2920122,"1",
"900210",8022,"4",2920122,"1",
"900210",8022,"5",2920122,"1",
"950002",6817,"1",2920122,"1",
"950002",6817,"2",2920122,"1",
"950002",6817,"3",2920122,"1",
"950002",6817,"4",2920122,"1",
"950002",6817,"5",2920122,"1",
"950012",4973,"1",2920122,"1",
"950012",4973,"2",2920122,"1",
"950012",4973,"3",2920122,"1",
"950012",4973,"4",2920122,"1",
"950012",4973,"5",2920122,"1",
"980000",129882,"1",2920122,"1",
"980000",129882,"2",2920122,"1",
"980000",129882,"3",2920122,"1",
"980000",129882,"4",2920122,"1",
"980000",129882,"5",2920122,"1",
"980070",125632,"1",2920122,"1",
"980070",125632,"2",2920122,"1",
"980070",125632,"3",2920122,"1",
"980070",125632,"4",2920122,"1",
"980070",125632,"5",2920122,"1",
"900000",53000,"1",2920131,"1",
"900000",53000,"2",2920131,"1",
"900000",53000,"3",2920131,"1",
"900000",53000,"4",2920131,"1",
"900000",53000,"5",2920131,"1",
"980000",53000,"1",2920131,"1",
"980000",53000,"2",2920131,"1",
"980000",53000,"3",2920131,"1",
"980000",53000,"4",2920131,"1",
"980000",53000,"5",2920131,"1",
"980070",58500,"1",2920131,"1",
"980070",58500,"2",2920131,"1",
"980070",58500,"3",2920131,"1",
"980070",58500,"4",2920131,"1",
"980070",58500,"5",2920131,"1",
"900000",53000,"1",2920132,"1",
"900000",53000,"2",2920132,"1",
"900000",53000,"3",2920132,"1",
"900000",53000,"4",2920132,"1",
"900000",53000,"5",2920132,"1",
"980000",53000,"1",2920132,"1",
"980000",53000,"2",2920132,"1",
"980000",53000,"3",2920132,"1",
"980000",53000,"4",2920132,"1",
"980000",53000,"5",2920132,"1",
"980070",58500,"1",2920132,"1",
"980070",58500,"2",2920132,"1",
"980070",58500,"3",2920132,"1",
"980070",58500,"4",2920132,"1",
"980070",58500,"5",2920132,"1",
"900030",15503,"1",2920141,"1",
"900030",15503,"2",2920141,"1",
"900030",15503,"3",2920141,"1",
"900030",15503,"4",2920141,"1",
"900030",15503,"5",2920141,"1",
"900180",5000,"1",2920141,"1",
"900180",5000,"2",2920141,"1",
"900180",5000,"3",2920141,"1",
"900180",5000,"4",2920141,"1",
"900180",5000,"5",2920141,"1",
"980000",20503,"1",2920141,"1",
"980000",20503,"2",2920141,"1",
"980000",20503,"3",2920141,"1",
"980000",20503,"4",2920141,"1",
"980000",20503,"5",2920141,"1",
"980070",20503,"1",2920141,"1",
"980070",20503,"2",2920141,"1",
"980070",20503,"3",2920141,"1",
"980070",20503,"4",2920141,"1",
"980070",20503,"5",2920141,"1",
"900030",15503,"1",2920142,"1",
"900030",15503,"2",2920142,"1",
"900030",15503,"3",2920142,"1",
"900030",15503,"4",2920142,"1",
"900030",15503,"5",2920142,"1",
"900180",5000,"1",2920142,"1",
"900180",5000,"2",2920142,"1",
"900180",5000,"3",2920142,"1",
"900180",5000,"4",2920142,"1",
"900180",5000,"5",2920142,"1",
"980000",20503,"1",2920142,"1",
"980000",20503,"2",2920142,"1",
"980000",20503,"3",2920142,"1",
"980000",20503,"4",2920142,"1",
"980000",20503,"5",2920142,"1",
"980070",20503,"1",2920142,"1",
"980070",20503,"2",2920142,"1",
"980070",20503,"3",2920142,"1",
"980070",20503,"4",2920142,"1",
"980070",20503,"5",2920142,"1",
"800940",10967,"1",2920161,"1","T"
"800940",10967,"2",2920161,"1","T"
"800940",10967,"3",2920161,"1","T"
"800940",10967,"4",2920161,"1","T"
"800940",10967,"5",2920161,"1","T"
"900000",56000,"1",2920161,"1",
"900000",56000,"2",2920161,"1",
"900000",56000,"3",2920161,"1",
"900000",56000,"4",2920161,"1",
"900000",56000,"5",2920161,"1",
"900030",36814,"1",2920161,"1",
"900030",36814,"2",2920161,"1",
"900030",36814,"3",2920161,"1",
"900030",36814,"4",2920161,"1",
"900030",36814,"5",2920161,"1",
"900160",10891,"1",2920161,"1",
"900160",39705,"2",2920161,"1",
"900160",70877,"3",2920161,"1",
"900160",21003,"4",2920161,"1",
"900160",109,"5",2920161,"1",
"900170",76000,"1",2920161,"1",
"900170",76000,"2",2920161,"1",
"900170",76000,"3",2920161,"1",
"900170",76000,"4",2920161,"1",
"900170",76000,"5",2920161,"1",
"900180",120,"1",2920161,"1",
"900180",120,"2",2920161,"1",
"900180",120,"3",2920161,"1",
"900180",120,"4",2920161,"1",
"900180",120,"5",2920161,"1",
"900200",2655,"1",2920161,"1",
"900200",2655,"2",2920161,"1",
"900200",2655,"3",2920161,"1",
"900200",2655,"4",2920161,"1",
"900200",2655,"5",2920161,"1",
"980000",182480,"1",2920161,"1",
"980000",211294,"2",2920161,"1",
"980000",242466,"3",2920161,"1",
"980000",192592,"4",2920161,"1",
"980000",171698,"5",2920161,"1",
"980070",136346,"1",2920161,"1","T"
"980070",136346,"2",2920161,"1","T"
"980070",136346,"3",2920161,"1","T"
"980070",136346,"4",2920161,"1","T"
"980070",136346,"5",2920161,"1","T"
"800940",10967,"1",2920162,"1","T"
"800940",10967,"2",2920162,"1","T"
"800940",10967,"3",2920162,"1","T"
"800940",10967,"4",2920162,"1","T"
"800940",10967,"5",2920162,"1","T"
"900000",56000,"1",2920162,"1",
"900000",56000,"2",2920162,"1",
"900000",56000,"3",2920162,"1",
"900000",56000,"4",2920162,"1",
"900000",56000,"5",2920162,"1",
"900030",36814,"1",2920162,"1",
"900030",36814,"2",2920162,"1",
"900030",36814,"3",2920162,"1",
"900030",36814,"4",2920162,"1",
"900030",36814,"5",2920162,"1",
"900160",1041,"1",2920162,"1",
"900160",15444,"2",2920162,"1",
"900160",25303,"3",2920162,"1",
"900160",17136,"4",2920162,"1",
"900160",52576,"5",2920162,"1",
"900170",76000,"1",2920162,"1",
"900170",76000,"2",2920162,"1",
"900170",76000,"3",2920162,"1",
"900170",76000,"4",2920162,"1",
"900170",76000,"5",2920162,"1",
"900180",120,"1",2920162,"1",
"900180",120,"2",2920162,"1",
"900180",120,"3",2920162,"1",
"900180",120,"4",2920162,"1",
"900180",120,"5",2920162,"1",
"900200",2655,"1",2920162,"1",
"900200",2655,"2",2920162,"1",
"900200",2655,"3",2920162,"1",
"900200",2655,"4",2920162,"1",
"900200",2655,"5",2920162,"1",
"980000",172630,"1",2920162,"1",
"980000",187033,"2",2920162,"1",
"980000",196892,"3",2920162,"1",
"980000",188725,"4",2920162,"1",
"980000",224165,"5",2920162,"1",
"980070",130129,"1",2920162,"1","T"
"980070",130129,"2",2920162,"1","T"
"980070",130129,"3",2920162,"1","T"
"980070",130129,"4",2920162,"1","T"
"980070",130129,"5",2920162,"1","T"
"800940",3509,"1",2920171,"1",
"800940",3614,"2",2920171,"1",
"800940",354,"3",2920171,"1",
"800940",4244,"4",2920171,"1",
"800940",2036,"5",2920171,"1",
"900000",100740,"1",2920171,"1",
"900000",95223,"2",2920171,"1",
"900000",96424,"3",2920171,"1",
"900000",94969,"4",2920171,"1",
"900000",98873,"5",2920171,"1",
"900160",5436,"1",2920171,"1",
"900160",6124,"2",2920171,"1",
"900160",-15185,"3",2920171,"1",
"900160",10241,"4",2920171,"1",
"900160",-4195,"5",2920171,"1",
"900180",96,"1",2920171,"1",
"900180",109,"2",2920171,"1",
"900180",93,"3",2920171,"1",
"900180",142,"4",2920171,"1",
"900180",74,"5",2920171,"1",
"900210",472,"1",2920171,"1",
"900210",472,"2",2920171,"1",
"900210",472,"3",2920171,"1",
"900210",472,"4",2920171,"1",
"900210",472,"5",2920171,"1",
"980000",106744,"1",2920171,"1",
"980000",101928,"2",2920171,"1",
"980000",81804,"3",2920171,"1",
"980000",105824,"4",2920171,"1",
"980000",95224,"5",2920171,"1",
"980070",112444,"1",2920171,"1",
"980070",107628,"2",2920171,"1",
"980070",87504,"3",2920171,"1",
"980070",111524,"4",2920171,"1",
"980070",100924,"5",2920171,"1",
"800940",3316,"1",2920172,"1",
"800940",4699,"2",2920172,"1",
"800940",3616,"3",2920172,"1",
"800940",6582,"4",2920172,"1",
"800940",2992,"5",2920172,"1",
"900000",93328,"1",2920172,"1",
"900000",100805,"2",2920172,"1",
"900000",86090,"3",2920172,"1",
"900000",85636,"4",2920172,"1",
"900000",92881,"5",2920172,"1",
"900160",4172,"1",2920172,"1",
"900160",13212,"2",2920172,"1",
"900160",6134,"3",2920172,"1",
"900160",25521,"4",2920172,"1",
"900160",2056,"5",2920172,"1",
"900180",99,"1",2920172,"1",
"900180",138,"2",2920172,"1",
"900180",57,"3",2920172,"1",
"900180",138,"4",2920172,"1",
"900180",967,"5",2920172,"1",
"900210",472,"1",2920172,"1",
"900210",472,"2",2920172,"1",
"900210",472,"3",2920172,"1",
"900210",472,"4",2920172,"1",
"900210",472,"5",2920172,"1",
"980000",98071,"1",2920172,"1",
"980000",114627,"2",2920172,"1",
"980000",92753,"3",2920172,"1",
"980000",111767,"4",2920172,"1",
"980000",96376,"5",2920172,"1",
"980070",103771,"1",2920172,"1",
"980070",120327,"2",2920172,"1",
"980070",98453,"3",2920172,"1",
"980070",117467,"4",2920172,"1",
"980070",102076,"5",2920172,"1",
"900150",444,"1",2920182,"1",
"900150",2880,"2",2920182,"1",
"900150",2304,"3",2920182,"1",
"900150",2616,"4",2920182,"1",
"900150",1824,"5",2920182,"1",
"980000",444,"1",2920182,"1",
"980000",2880,"2",2920182,"1",
"980000",2304,"3",2920182,"1",
"980000",2616,"4",2920182,"1",
"980000",1824,"5",2920182,"1",
"980070",444,"1",2920182,"1",
"980070",2880,"2",2920182,"1",
"980070",2304,"3",2920182,"1",
"980070",2616,"4",2920182,"1",
"980070",1824,"5",2920182,"1",
"900090",2540,"1",2920191,"1",
"900090",2540,"2",2920191,"1",
"900090",2540,"3",2920191,"1",
"900090",2540,"4",2920191,"1",
"900090",2540,"5",2920191,"1",
"900150",4152,"1",2920191,"1",
"900150",4152,"2",2920191,"1",
"900150",4152,"3",2920191,"1",
"900150",4152,"4",2920191,"1",
"900150",4152,"5",2920191,"1",
"980000",6692,"1",2920191,"1",
"980000",6692,"2",2920191,"1",
"980000",6692,"3",2920191,"1",
"980000",6692,"4",2920191,"1",
"980000",6692,"5",2920191,"1",
"980070",6692,"1",2920191,"1",
"980070",6692,"2",2920191,"1",
"980070",6692,"3",2920191,"1",
"980070",6692,"4",2920191,"1",
"980070",6692,"5",2920191,"1",
"900090",2540,"1",2920192,"1",
"900090",2540,"2",2920192,"1",
"900090",2540,"3",2920192,"1",
"900090",2540,"4",2920192,"1",
"900090",2540,"5",2920192,"1",
"900150",4152,"1",2920192,"1",
"900150",4152,"2",2920192,"1",
"900150",4152,"3",2920192,"1",
"900150",4152,"4",2920192,"1",
"900150",4152,"5",2920192,"1",
"980000",6692,"1",2920192,"1",
"980000",6692,"2",2920192,"1",
"980000",6692,"3",2920192,"1",
"980000",6692,"4",2920192,"1",
"980000",6692,"5",2920192,"1",
"980070",6692,"1",2920192,"1",
"980070",6692,"2",2920192,"1",
"980070",6692,"3",2920192,"1",
"980070",6692,"4",2920192,"1",
"980070",6692,"5",2920192,"1",
"900030",27766,"1",2920221,"1",
"900030",27766,"2",2920221,"1",
"900030",27766,"3",2920221,"1",
"900030",27766,"4",2920221,"1",
"900030",27766,"5",2920221,"1",
"900180",10000,"1",2920221,"1",
"900180",10000,"2",2920221,"1",
"900180",10000,"3",2920221,"1",
"900180",10000,"4",2920221,"1",
"900180",10000,"5",2920221,"1",
"980000",37766,"1",2920221,"1",
"980000",37766,"2",2920221,"1",
"980000",37766,"3",2920221,"1",
"980000",37766,"4",2920221,"1",
"980000",37766,"5",2920221,"1",
"980070",40866,"1",2920221,"1",
"980070",40866,"2",2920221,"1",
"980070",40866,"3",2920221,"1",
"980070",40866,"4",2920221,"1",
"980070",40866,"5",2920221,"1",
"900030",27766,"1",2920222,"1",
"900030",27766,"2",2920222,"1",
"900030",27766,"3",2920222,"1",
"900030",27766,"4",2920222,"1",
"900030",27766,"5",2920222,"1",
"900180",10000,"1",2920222,"1",
"900180",10000,"2",2920222,"1",
"900180",10000,"3",2920222,"1",
"900180",10000,"4",2920222,"1",
"900180",10000,"5",2920222,"1",
"980000",37766,"1",2920222,"1",
"980000",37766,"2",2920222,"1",
"980000",37766,"3",2920222,"1",
"980000",37766,"4",2920222,"1",
"980000",37766,"5",2920222,"1",
"980070",40866,"1",2920222,"1",
"980070",40866,"2",2920222,"1",
"980070",40866,"3",2920222,"1",
"980070",40866,"4",2920222,"1",
"980070",40866,"5",2920222,"1",
"900030",14459,"1",2920241,"1",
"900030",14459,"2",2920241,"1",
"900030",14459,"3",2920241,"1",
"900030",14459,"4",2920241,"1",
"900030",14459,"5",2920241,"1",
"900210",300,"1",2920241,"1",
"900210",300,"2",2920241,"1",
"900210",300,"3",2920241,"1",
"900210",300,"4",2920241,"1",
"900210",300,"5",2920241,"1",
"980000",14759,"1",2920241,"1",
"980000",14759,"2",2920241,"1",
"980000",14759,"3",2920241,"1",
"980000",14759,"4",2920241,"1",
"980000",14759,"5",2920241,"1",
"980070",14759,"1",2920241,"1",
"980070",14759,"2",2920241,"1",
"980070",14759,"3",2920241,"1",
"980070",14759,"4",2920241,"1",
"980070",14759,"5",2920241,"1",
"900030",14459,"1",2920242,"1",
"900030",14459,"2",2920242,"1",
"900030",14459,"3",2920242,"1",
"900030",14459,"4",2920242,"1",
"900030",14459,"5",2920242,"1",
"900210",300,"1",2920242,"1",
"900210",300,"2",2920242,"1",
"900210",300,"3",2920242,"1",
"900210",300,"4",2920242,"1",
"900210",300,"5",2920242,"1",
"980000",14759,"1",2920242,"1",
"980000",14759,"2",2920242,"1",
"980000",14759,"3",2920242,"1",
"980000",14759,"4",2920242,"1",
"980000",14759,"5",2920242,"1",
"980070",14759,"1",2920242,"1",
"980070",14759,"2",2920242,"1",
"980070",14759,"3",2920242,"1",
"980070",14759,"4",2920242,"1",
"980070",14759,"5",2920242,"1",
"900030",10152,"1",2920252,"1",
"900030",17880,"2",2920252,"1",
"900030",20328,"3",2920252,"1",
"900030",14664,"4",2920252,"1",
"900030",22440,"5",2920252,"1",
"900170",65841,"1",2920252,"1",
"900170",2821,"2",2920252,"1",
"900170",3933,"3",2920252,"1",
"900170",70054,"4",2920252,"1",
"900170",996,"5",2920252,"1",
"900180",38657,"1",2920252,"1","T"
"900180",38657,"2",2920252,"1","T"
"900180",38657,"3",2920252,"1","T"
"900180",38657,"4",2920252,"1","T"
"900180",38657,"5",2920252,"1","T"
"980000",84479,"1",2920252,"1","T"
"980000",84479,"2",2920252,"1","T"
"980000",84479,"3",2920252,"1","T"
"980000",84479,"4",2920252,"1","T"
"980000",84479,"5",2920252,"1","T"
"980070",84479,"1",2920252,"1","T"
"980070",84479,"2",2920252,"1","T"
"980070",84479,"3",2920252,"1","T"
"980070",84479,"4",2920252,"1","T"
"980070",84479,"5",2920252,"1","T"
"900000",50000,"1",2920261,"1",
"900000",50000,"2",2920261,"1",
"900000",50000,"3",2920261,"1",
"900000",50000,"4",2920261,"1",
"900000",50000,"5",2920261,"1",
"900180",300,"1",2920261,"1",
"900180",300,"2",2920261,"1",
"900180",300,"3",2920261,"1",
"900180",300,"4",2920261,"1",
"900180",300,"5",2920261,"1",
"980000",50300,"1",2920261,"1",
"980000",50300,"2",2920261,"1",
"980000",50300,"3",2920261,"1",
"980000",50300,"4",2920261,"1",
"980000",50300,"5",2920261,"1",
"980070",51245,"1",2920261,"1",
"980070",51245,"2",2920261,"1",
"980070",51245,"3",2920261,"1",
"980070",51245,"4",2920261,"1",
"980070",51245,"5",2920261,"1",
"900000",50000,"1",2920262,"1",
"900000",50000,"2",2920262,"1",
"900000",50000,"3",2920262,"1",
"900000",50000,"4",2920262,"1",
"900000",50000,"5",2920262,"1",
"900180",300,"1",2920262,"1",
"900180",300,"2",2920262,"1",
"900180",300,"3",2920262,"1",
"900180",300,"4",2920262,"1",
"900180",300,"5",2920262,"1",
"980000",50300,"1",2920262,"1",
"980000",50300,"2",2920262,"1",
"980000",50300,"3",2920262,"1",
"980000",50300,"4",2920262,"1",
"980000",50300,"5",2920262,"1",
"980070",51245,"1",2920262,"1",
"980070",51245,"2",2920262,"1",
"980070",51245,"3",2920262,"1",
"980070",51245,"4",2920262,"1",
"980070",51245,"5",2920262,"1",
"900030",31582,"1",2920271,"1",
"900030",31582,"2",2920271,"1",
"900030",31582,"3",2920271,"1",
"900030",31582,"4",2920271,"1",
"900030",31582,"5",2920271,"1",
"900170",1450,"1",2920271,"1",
"900170",1450,"2",2920271,"1",
"900170",1450,"3",2920271,"1",
"900170",1450,"4",2920271,"1",
"900170",1450,"5",2920271,"1",
"980000",33032,"1",2920271,"1",
"980000",33032,"2",2920271,"1",
"980000",33032,"3",2920271,"1",
"980000",33032,"4",2920271,"1",
"980000",33032,"5",2920271,"1",
"980070",33032,"1",2920271,"1",
"980070",33032,"2",2920271,"1",
"980070",33032,"3",2920271,"1",
"980070",33032,"4",2920271,"1",
"980070",33032,"5",2920271,"1",
"900030",31582,"1",2920272,"1",
"900030",31582,"2",2920272,"1",
"900030",31582,"3",2920272,"1",
"900030",31582,"4",2920272,"1",
"900030",31582,"5",2920272,"1",
"900170",1450,"1",2920272,"1",
"900170",1450,"2",2920272,"1",
"900170",1450,"3",2920272,"1",
"900170",1450,"4",2920272,"1",
"900170",1450,"5",2920272,"1",
"980000",33032,"1",2920272,"1",
"980000",33032,"2",2920272,"1",
"980000",33032,"3",2920272,"1",
"980000",33032,"4",2920272,"1",
"980000",33032,"5",2920272,"1",
"980070",33032,"1",2920272,"1",
"980070",33032,"2",2920272,"1",
"980070",33032,"3",2920272,"1",
"980070",33032,"4",2920272,"1",
"980070",33032,"5",2920272,"1",
"900000",133000,"1",2920291,"1",
"900000",133000,"2",2920291,"1",
"900000",133000,"3",2920291,"1",
"900000",133000,"4",2920291,"1",
"900000",133000,"5",2920291,"1",
"980000",133000,"1",2920291,"1",
"980000",133000,"2",2920291,"1",
"980000",133000,"3",2920291,"1",
"980000",133000,"4",2920291,"1",
"980000",133000,"5",2920291,"1",
"980070",135000,"1",2920291,"1",
"980070",135000,"2",2920291,"1",
"980070",135000,"3",2920291,"1",
"980070",135000,"4",2920291,"1",
"980070",135000,"5",2920291,"1",
"900030",17159,"1",2920321,"1",
"900030",17159,"2",2920321,"1",
"900030",17159,"3",2920321,"1",
"900030",17159,"4",2920321,"1",
"900030",17159,"5",2920321,"1",
"900180",17000,"1",2920321,"1",
"900180",17000,"2",2920321,"1",
"900180",17000,"3",2920321,"1",
"900180",17000,"4",2920321,"1",
"900180",17000,"5",2920321,"1",
"980000",34159,"1",2920321,"1",
"980000",34159,"2",2920321,"1",
"980000",34159,"3",2920321,"1",
"980000",34159,"4",2920321,"1",
"980000",34159,"5",2920321,"1",
"980070",24189,"1",2920321,"1",
"980070",24189,"2",2920321,"1",
"980070",24189,"3",2920321,"1",
"980070",24189,"4",2920321,"1",
"980070",24189,"5",2920321,"1",
"900030",17159,"1",2920322,"1",
"900030",17159,"2",2920322,"1",
"900030",17159,"3",2920322,"1",
"900030",17159,"4",2920322,"1",
"900030",17159,"5",2920322,"1",
"900180",17000,"1",2920322,"1",
"900180",17000,"2",2920322,"1",
"900180",17000,"3",2920322,"1",
"900180",17000,"4",2920322,"1",
"900180",17000,"5",2920322,"1",
"980000",34159,"1",2920322,"1",
"980000",34159,"2",2920322,"1",
"980000",34159,"3",2920322,"1",
"980000",34159,"4",2920322,"1",
"980000",34159,"5",2920322,"1",
"980070",24189,"1",2920322,"1",
"980070",24189,"2",2920322,"1",
"980070",24189,"3",2920322,"1",
"980070",24189,"4",2920322,"1",
"980070",24189,"5",2920322,"1",
"900000",19000,"1",2920361,"1",
"900000",19000,"2",2920361,"1",
"900000",19000,"3",2920361,"1",
"900000",19000,"4",2920361,"1",
"900000",19000,"5",2920361,"1",
"900150",6000,"1",2920361,"1",
"900150",6000,"2",2920361,"1",
"900150",6000,"3",2920361,"1",
"900150",6000,"4",2920361,"1",
"900150",6000,"5",2920361,"1",
"900210",3200,"1",2920361,"1",
"900210",3200,"2",2920361,"1",
"900210",3200,"3",2920361,"1",
"900210",3200,"4",2920361,"1",
"900210",3200,"5",2920361,"1",
"980000",28200,"1",2920361,"1",
"980000",28200,"2",2920361,"1",
"980000",28200,"3",2920361,"1",
"980000",28200,"4",2920361,"1",
"980000",28200,"5",2920361,"1",
"980070",37200,"1",2920361,"1",
"980070",37200,"2",2920361,"1",
"980070",37200,"3",2920361,"1",
"980070",37200,"4",2920361,"1",
"980070",37200,"5",2920361,"1",
"900000",19000,"1",2920362,"1",
"900000",19000,"2",2920362,"1",
"900000",19000,"3",2920362,"1",
"900000",19000,"4",2920362,"1",
"900000",19000,"5",2920362,"1",
"900150",6000,"1",2920362,"1",
"900150",6000,"2",2920362,"1",
"900150",6000,"3",2920362,"1",
"900150",6000,"4",2920362,"1",
"900150",6000,"5",2920362,"1",
"900210",3200,"1",2920362,"1",
"900210",3200,"2",2920362,"1",
"900210",3200,"3",2920362,"1",
"900210",3200,"4",2920362,"1",
"900210",3200,"5",2920362,"1",
"980000",28200,"1",2920362,"1",
"980000",28200,"2",2920362,"1",
"980000",28200,"3",2920362,"1",
"980000",28200,"4",2920362,"1",
"980000",28200,"5",2920362,"1",
"980070",37200,"1",2920362,"1",
"980070",37200,"2",2920362,"1",
"980070",37200,"3",2920362,"1",
"980070",37200,"4",2920362,"1",
"980070",37200,"5",2920362,"1",
"900000",85000,"1",2920371,"1",
"900000",85000,"2",2920371,"1",
"900000",85000,"3",2920371,"1",
"900000",85000,"4",2920371,"1",
"900000",85000,"5",2920371,"1",
"900030",24923,"1",2920371,"1",
"900030",24923,"2",2920371,"1",
"900030",24923,"3",2920371,"1",
"900030",24923,"4",2920371,"1",
"900030",24923,"5",2920371,"1",
"900170",32000,"1",2920371,"1",
"900170",32000,"2",2920371,"1",
"900170",32000,"3",2920371,"1",
"900170",32000,"4",2920371,"1",
"900170",32000,"5",2920371,"1",
"900180",10006,"1",2920371,"1",
"900180",10093,"2",2920371,"1",
"900180",10267,"3",2920371,"1",
"900180",14870,"4",2920371,"1",
"900180",10884,"5",2920371,"1",
"980000",151929,"1",2920371,"1",
"980000",152016,"2",2920371,"1",
"980000",152190,"3",2920371,"1",
"980000",156793,"4",2920371,"1",
"980000",152807,"5",2920371,"1",
"980070",152629,"1",2920371,"1",
"980070",152716,"2",2920371,"1",
"980070",152890,"3",2920371,"1",
"980070",157493,"4",2920371,"1",
"980070",153507,"5",2920371,"1",
"900000",85000,"1",2920372,"1",
"900000",85000,"2",2920372,"1",
"900000",85000,"3",2920372,"1",
"900000",85000,"4",2920372,"1",
"900000",85000,"5",2920372,"1",
"900030",24923,"1",2920372,"1",
"900030",24923,"2",2920372,"1",
"900030",24923,"3",2920372,"1",
"900030",24923,"4",2920372,"1",
"900030",24923,"5",2920372,"1",
"900170",32000,"1",2920372,"1",
"900170",32000,"2",2920372,"1",
"900170",32000,"3",2920372,"1",
"900170",32000,"4",2920372,"1",
"900170",32000,"5",2920372,"1",
"900180",12064,"1",2920372,"1",
"900180",10339,"2",2920372,"1",
"900180",11204,"3",2920372,"1",
"900180",10991,"4",2920372,"1",
"900180",11069,"5",2920372,"1",
"980000",153987,"1",2920372,"1",
"980000",152262,"2",2920372,"1",
"980000",153127,"3",2920372,"1",
"980000",152914,"4",2920372,"1",
"980000",152992,"5",2920372,"1",
"980070",154687,"1",2920372,"1",
"980070",152962,"2",2920372,"1",
"980070",153827,"3",2920372,"1",
"980070",153614,"4",2920372,"1",
"980070",153692,"5",2920372,"1",
"900000",55000,"1",2920401,"1",
"900000",55000,"2",2920401,"1",
"900000",55000,"3",2920401,"1",
"900000",55000,"4",2920401,"1",
"900000",55000,"5",2920401,"1",
"950002",9143,"1",2920401,"1",
"950002",9143,"2",2920401,"1",
"950002",9143,"3",2920401,"1",
"950002",9143,"4",2920401,"1",
"950002",9143,"5",2920401,"1",
"950012",5550,"1",2920401,"1",
"950012",5550,"2",2920401,"1",
"950012",5550,"3",2920401,"1",
"950012",5550,"4",2920401,"1",
"950012",5550,"5",2920401,"1",
"980000",55000,"1",2920401,"1",
"980000",55000,"2",2920401,"1",
"980000",55000,"3",2920401,"1",
"980000",55000,"4",2920401,"1",
"980000",55000,"5",2920401,"1",
"980070",50094,"1",2920401,"1","T"
"980070",50094,"2",2920401,"1","T"
"980070",50094,"3",2920401,"1","T"
"980070",50094,"4",2920401,"1","T"
"980070",50094,"5",2920401,"1","T"
"900000",55000,"1",2920402,"1",
"900000",55000,"2",2920402,"1",
"900000",55000,"3",2920402,"1",
"900000",55000,"4",2920402,"1",
"900000",55000,"5",2920402,"1",
"950002",9143,"1",2920402,"1",
"950002",9143,"2",2920402,"1",
"950002",9143,"3",2920402,"1",
"950002",9143,"4",2920402,"1",
"950002",9143,"5",2920402,"1",
"950012",5550,"1",2920402,"1",
"950012",5550,"2",2920402,"1",
"950012",5550,"3",2920402,"1",
"950012",5550,"4",2920402,"1",
"950012",5550,"5",2920402,"1",
"980000",55000,"1",2920402,"1",
"980000",55000,"2",2920402,"1",
"980000",55000,"3",2920402,"1",
"980000",55000,"4",2920402,"1",
"980000",55000,"5",2920402,"1",
"980070",50094,"1",2920402,"1","T"
"980070",50094,"2",2920402,"1","T"
"980070",50094,"3",2920402,"1","T"
"980070",50094,"4",2920402,"1","T"
"980070",50094,"5",2920402,"1","T"
"900000",24315,"1",2920451,"1",
"900000",28296,"2",2920451,"1",
"900000",29889,"3",2920451,"1",
"900000",28005,"4",2920451,"1",
"900000",29362,"5",2920451,"1",
"980000",24315,"1",2920451,"1",
"980000",28296,"2",2920451,"1",
"980000",29889,"3",2920451,"1",
"980000",28005,"4",2920451,"1",
"980000",29362,"5",2920451,"1",
"980070",24315,"1",2920451,"1",
"980070",28296,"2",2920451,"1",
"980070",29889,"3",2920451,"1",
"980070",28005,"4",2920451,"1",
"980070",29362,"5",2920451,"1",
"900000",29502,"1",2920452,"1",
"900000",22517,"2",2920452,"1",
"900000",26252,"3",2920452,"1",
"900000",25622,"4",2920452,"1",
"900000",20495,"5",2920452,"1",
"980000",29502,"1",2920452,"1",
"980000",22517,"2",2920452,"1",
"980000",26252,"3",2920452,"1",
"980000",25622,"4",2920452,"1",
"980000",20495,"5",2920452,"1",
"980070",29502,"1",2920452,"1",
"980070",22517,"2",2920452,"1",
"980070",26252,"3",2920452,"1",
"980070",25622,"4",2920452,"1",
"980070",20495,"5",2920452,"1",
"900000",44685,"1",2920461,"1",
"900000",44685,"2",2920461,"1",
"900000",44685,"3",2920461,"1",
"900000",44685,"4",2920461,"1",
"900000",44685,"5",2920461,"1",
"900180",20,"1",2920461,"1",
"900180",20,"2",2920461,"1",
"900180",20,"3",2920461,"1",
"900180",20,"4",2920461,"1",
"900180",20,"5",2920461,"1",
"980000",44705,"1",2920461,"1",
"980000",44705,"2",2920461,"1",
"980000",44705,"3",2920461,"1",
"980000",44705,"4",2920461,"1",
"980000",44705,"5",2920461,"1",
"980070",47105,"1",2920461,"1",
"980070",47105,"2",2920461,"1",
"980070",47105,"3",2920461,"1",
"980070",47105,"4",2920461,"1",
"980070",47105,"5",2920461,"1",
"900000",44685,"1",2920462,"1",
"900000",44685,"2",2920462,"1",
"900000",44685,"3",2920462,"1",
"900000",44685,"4",2920462,"1",
"900000",44685,"5",2920462,"1",
"900180",20,"1",2920462,"1",
"900180",20,"2",2920462,"1",
"900180",20,"3",2920462,"1",
"900180",20,"4",2920462,"1",
"900180",20,"5",2920462,"1",
"980000",44705,"1",2920462,"1",
"980000",44705,"2",2920462,"1",
"980000",44705,"3",2920462,"1",
"980000",44705,"4",2920462,"1",
"980000",44705,"5",2920462,"1",
"980070",47105,"1",2920462,"1",
"980070",47105,"2",2920462,"1",
"980070",47105,"3",2920462,"1",
"980070",47105,"4",2920462,"1",
"980070",47105,"5",2920462,"1",
"900000",49000,"1",2920471,"1",
"900000",49000,"2",2920471,"1",
"900000",49000,"3",2920471,"1",
"900000",49000,"4",2920471,"1",
"900000",49000,"5",2920471,"1",
"900090",26244,"1",2920471,"1",
"900090",26244,"2",2920471,"1",
"900090",26244,"3",2920471,"1",
"900090",26244,"4",2920471,"1",
"900090",26244,"5",2920471,"1",
"900150",6804,"1",2920471,"1",
"900150",6804,"2",2920471,"1",
"900150",6804,"3",2920471,"1",
"900150",6804,"4",2920471,"1",
"900150",6804,"5",2920471,"1",
"900180",38657,"1",2920471,"1","T"
"900180",38657,"2",2920471,"1","T"
"900180",38657,"3",2920471,"1","T"
"900180",38657,"4",2920471,"1","T"
"900180",38657,"5",2920471,"1","T"
"980000",120705,"1",2920471,"1","T"
"980000",120705,"2",2920471,"1","T"
"980000",120705,"3",2920471,"1","T"
"980000",120705,"4",2920471,"1","T"
"980000",120705,"5",2920471,"1","T"
"980070",125985,"1",2920471,"1","T"
"980070",125985,"2",2920471,"1","T"
"980070",125985,"3",2920471,"1","T"
"980070",125985,"4",2920471,"1","T"
"980070",125985,"5",2920471,"1","T"
"900000",49000,"1",2920472,"1",
"900000",49000,"2",2920472,"1",
"900000",49000,"3",2920472,"1",
"900000",49000,"4",2920472,"1",
"900000",49000,"5",2920472,"1",
"900090",26244,"1",2920472,"1",
"900090",26244,"2",2920472,"1",
"900090",26244,"3",2920472,"1",
"900090",26244,"4",2920472,"1",
"900090",26244,"5",2920472,"1",
"900150",6804,"1",2920472,"1",
"900150",6804,"2",2920472,"1",
"900150",6804,"3",2920472,"1",
"900150",6804,"4",2920472,"1",
"900150",6804,"5",2920472,"1",
"900180",38657,"1",2920472,"1","T"
"900180",38657,"2",2920472,"1","T"
"900180",38657,"3",2920472,"1","T"
"900180",38657,"4",2920472,"1","T"
"900180",38657,"5",2920472,"1","T"
"980000",120705,"1",2920472,"1","T"
"980000",120705,"2",2920472,"1","T"
"980000",120705,"3",2920472,"1","T"
"980000",120705,"4",2920472,"1","T"
"980000",120705,"5",2920472,"1","T"
"980070",125985,"1",2920472,"1","T"
"980070",125985,"2",2920472,"1","T"
"980070",125985,"3",2920472,"1","T"
"980070",125985,"4",2920472,"1","T"
"980070",125985,"5",2920472,"1","T"
"900030",15371,"1",2920491,"1",
"900030",15371,"2",2920491,"1",
"900030",15371,"3",2920491,"1",
"900030",15371,"4",2920491,"1",
"900030",15371,"5",2920491,"1",
"900150",180,"1",2920491,"1",
"900150",180,"2",2920491,"1",
"900150",180,"3",2920491,"1",
"900150",180,"4",2920491,"1",
"900150",180,"5",2920491,"1",
"980000",15551,"1",2920491,"1",
"980000",15551,"2",2920491,"1",
"980000",15551,"3",2920491,"1",
"980000",15551,"4",2920491,"1",
"980000",15551,"5",2920491,"1",
"980070",15551,"1",2920491,"1",
"980070",15551,"2",2920491,"1",
"980070",15551,"3",2920491,"1",
"980070",15551,"4",2920491,"1",
"980070",15551,"5",2920491,"1",
"900030",15371,"1",2920492,"1",
"900030",15371,"2",2920492,"1",
"900030",15371,"3",2920492,"1",
"900030",15371,"4",2920492,"1",
"900030",15371,"5",2920492,"1",
"900150",180,"1",2920492,"1",
"900150",180,"2",2920492,"1",
"900150",180,"3",2920492,"1",
"900150",180,"4",2920492,"1",
"900150",180,"5",2920492,"1",
"980000",15551,"1",2920492,"1",
"980000",15551,"2",2920492,"1",
"980000",15551,"3",2920492,"1",
"980000",15551,"4",2920492,"1",
"980000",15551,"5",2920492,"1",
"980070",15551,"1",2920492,"1",
"980070",15551,"2",2920492,"1",
"980070",15551,"3",2920492,"1",
"980070",15551,"4",2920492,"1",
"980070",15551,"5",2920492,"1",
"900000",78206,"1",2920501,"1",
"900000",63263,"2",2920501,"1",
"900000",71727,"3",2920501,"1",
"900000",62627,"4",2920501,"1",
"900000",59447,"5",2920501,"1",
"980000",78206,"1",2920501,"1",
"980000",63263,"2",2920501,"1",
"980000",71727,"3",2920501,"1",
"980000",62627,"4",2920501,"1",
"980000",59447,"5",2920501,"1",
"980070",78206,"1",2920501,"1",
"980070",63263,"2",2920501,"1",
"980070",71727,"3",2920501,"1",
"980070",62627,"4",2920501,"1",
"980070",59447,"5",2920501,"1",
"900000",71639,"1",2920502,"1",
"900000",66388,"2",2920502,"1",
"900000",74870,"3",2920502,"1",
"900000",76238,"4",2920502,"1",
"900000",116006,"5",2920502,"1",
"980000",71639,"1",2920502,"1",
"980000",66388,"2",2920502,"1",
"980000",74870,"3",2920502,"1",
"980000",76238,"4",2920502,"1",
"980000",116006,"5",2920502,"1",
"980070",71639,"1",2920502,"1",
"980070",66388,"2",2920502,"1",
"980070",74870,"3",2920502,"1",
"980070",76238,"4",2920502,"1",
"980070",116006,"5",2920502,"1",
"800940",5209,"1",2920511,"1",
"800940",9563,"2",2920511,"1",
"800940",2422,"3",2920511,"1",
"800940",3117,"4",2920511,"1",
"800940",3225,"5",2920511,"1",
"900000",27954,"1",2920511,"1",
"900000",23603,"2",2920511,"1",
"900000",25249,"3",2920511,"1",
"900000",25784,"4",2920511,"1",
"900000",27135,"5",2920511,"1",
"900160",25043,"1",2920511,"1",
"900160",53500,"2",2920511,"1",
"900160",6829,"3",2920511,"1",
"900160",11373,"4",2920511,"1",
"900160",12077,"5",2920511,"1",
"980000",52997,"1",2920511,"1",
"980000",77103,"2",2920511,"1",
"980000",32078,"3",2920511,"1",
"980000",37157,"4",2920511,"1",
"980000",39212,"5",2920511,"1",
"980070",52997,"1",2920511,"1",
"980070",77103,"2",2920511,"1",
"980070",32078,"3",2920511,"1",
"980070",37157,"4",2920511,"1",
"980070",39212,"5",2920511,"1",
"800940",2315,"1",2920512,"1",
"800940",7814,"2",2920512,"1",
"800940",5965,"3",2920512,"1",
"800940",5067,"4",2920512,"1",
"800940",5528,"5",2920512,"1",
"900000",27229,"1",2920512,"1",
"900000",25954,"2",2920512,"1",
"900000",23236,"3",2920512,"1",
"900000",24826,"4",2920512,"1",
"900000",24787,"5",2920512,"1",
"900160",6130,"1",2920512,"1",
"900160",42074,"2",2920512,"1",
"900160",29989,"3",2920512,"1",
"900160",24118,"4",2920512,"1",
"900160",27128,"5",2920512,"1",
"980000",33359,"1",2920512,"1",
"980000",68028,"2",2920512,"1",
"980000",53225,"3",2920512,"1",
"980000",48944,"4",2920512,"1",
"980000",51915,"5",2920512,"1",
"980070",33359,"1",2920512,"1",
"980070",68028,"2",2920512,"1",
"980070",53225,"3",2920512,"1",
"980070",48944,"4",2920512,"1",
"980070",51915,"5",2920512,"1",
"900000",18474,"1",2920541,"1",
"900000",22706,"2",2920541,"1",
"900000",20692,"3",2920541,"1",
"900000",14272,"4",2920541,"1",
"900000",21734,"5",2920541,"1",
"980000",18474,"1",2920541,"1",
"980000",22706,"2",2920541,"1",
"980000",20692,"3",2920541,"1",
"980000",14272,"4",2920541,"1",
"980000",21734,"5",2920541,"1",
"980070",18474,"1",2920541,"1",
"980070",22706,"2",2920541,"1",
"980070",20692,"3",2920541,"1",
"980070",14272,"4",2920541,"1",
"980070",21734,"5",2920541,"1",
"900000",6129,"1",2920542,"1",
"900000",15272,"2",2920542,"1",
"900000",17369,"3",2920542,"1",
"900000",16361,"4",2920542,"1",
"900000",19817,"5",2920542,"1",
"980000",6129,"1",2920542,"1",
"980000",15272,"2",2920542,"1",
"980000",17369,"3",2920542,"1",
"980000",16361,"4",2920542,"1",
"980000",19817,"5",2920542,"1",
"980070",6129,"1",2920542,"1",
"980070",15272,"2",2920542,"1",
"980070",17369,"3",2920542,"1",
"980070",16361,"4",2920542,"1",
"980070",19817,"5",2920542,"1",
"900000",69766,"1",2920581,"1",
"900000",76277,"2",2920581,"1",
"900000",67147,"3",2920581,"1",
"900000",67968,"4",2920581,"1",
"900000",75137,"5",2920581,"1",
"980000",69766,"1",2920581,"1",
"980000",76277,"2",2920581,"1",
"980000",67147,"3",2920581,"1",
"980000",67968,"4",2920581,"1",
"980000",75137,"5",2920581,"1",
"980070",72366,"1",2920581,"1",
"980070",78877,"2",2920581,"1",
"980070",69747,"3",2920581,"1",
"980070",70568,"4",2920581,"1",
"980070",77737,"5",2920581,"1",
"900000",72824,"1",2920582,"1",
"900000",76255,"2",2920582,"1",
"900000",69872,"3",2920582,"1",
"900000",69965,"4",2920582,"1",
"900000",68587,"5",2920582,"1",
"980000",72824,"1",2920582,"1",
"980000",76255,"2",2920582,"1",
"980000",69872,"3",2920582,"1",
"980000",69965,"4",2920582,"1",
"980000",68587,"5",2920582,"1",
"980070",75424,"1",2920582,"1",
"980070",78855,"2",2920582,"1",
"980070",72472,"3",2920582,"1",
"980070",72565,"4",2920582,"1",
"980070",71187,"5",2920582,"1",
"900000",17013,"1",2920591,"1",
"900000",21442,"2",2920591,"1",
"900000",18803,"3",2920591,"1",
"900000",19150,"4",2920591,"1",
"900000",17193,"5",2920591,"1",
"980000",17013,"1",2920591,"1",
"980000",21442,"2",2920591,"1",
"980000",18803,"3",2920591,"1",
"980000",19150,"4",2920591,"1",
"980000",17193,"5",2920591,"1",
"980070",17013,"1",2920591,"1",
"980070",21442,"2",2920591,"1",
"980070",18803,"3",2920591,"1",
"980070",19150,"4",2920591,"1",
"980070",17193,"5",2920591,"1",
"900000",17725,"1",2920592,"1",
"900000",17509,"2",2920592,"1",
"900000",18880,"3",2920592,"1",
"900000",17035,"4",2920592,"1",
"900000",21997,"5",2920592,"1",
"980000",17725,"1",2920592,"1",
"980000",17509,"2",2920592,"1",
"980000",18880,"3",2920592,"1",
"980000",17035,"4",2920592,"1",
"980000",21997,"5",2920592,"1",
"980070",17725,"1",2920592,"1",
"980070",17509,"2",2920592,"1",
"980070",18880,"3",2920592,"1",
"980070",17035,"4",2920592,"1",
"980070",21997,"5",2920592,"1",
"900000",22600,"1",2920632,"1",
"900000",22600,"2",2920632,"1",
"900000",22600,"3",2920632,"1",
"900000",22600,"4",2920632,"1",
"900000",22600,"5",2920632,"1",
"900140",1000,"1",2920632,"1",
"900140",1000,"2",2920632,"1",
"900140",1000,"3",2920632,"1",
"900140",1000,"4",2920632,"1",
"900140",1000,"5",2920632,"1",
"950002",1379,"1",2920632,"1",
"950002",1379,"2",2920632,"1",
"950002",1379,"3",2920632,"1",
"950002",1379,"4",2920632,"1",
"950002",1379,"5",2920632,"1",
"980000",23600,"1",2920632,"1",
"980000",23600,"2",2920632,"1",
"980000",23600,"3",2920632,"1",
"980000",23600,"4",2920632,"1",
"980000",23600,"5",2920632,"1",
"980070",22721,"1",2920632,"1",
"980070",22721,"2",2920632,"1",
"980070",22721,"3",2920632,"1",
"980070",22721,"4",2920632,"1",
"980070",22721,"5",2920632,"1",
"900000",107728,"1",2920651,"1",
"900000",62679,"2",2920651,"1",
"900000",101910,"3",2920651,"1",
"900000",112524,"4",2920651,"1",
"900000",60275,"5",2920651,"1",
"980000",107728,"1",2920651,"1",
"980000",62679,"2",2920651,"1",
"980000",101910,"3",2920651,"1",
"980000",112524,"4",2920651,"1",
"980000",60275,"5",2920651,"1",
"980070",107728,"1",2920651,"1",
"980070",62679,"2",2920651,"1",
"980070",101910,"3",2920651,"1",
"980070",112524,"4",2920651,"1",
"980070",60275,"5",2920651,"1",
"900000",30496,"1",2920652,"1",
"900000",26099,"2",2920652,"1",
"900000",48861,"3",2920652,"1",
"900000",76398,"4",2920652,"1",
"900000",62288,"5",2920652,"1",
"980000",30496,"1",2920652,"1",
"980000",26099,"2",2920652,"1",
"980000",48861,"3",2920652,"1",
"980000",76398,"4",2920652,"1",
"980000",62288,"5",2920652,"1",
"980070",30496,"1",2920652,"1",
"980070",26099,"2",2920652,"1",
"980070",48861,"3",2920652,"1",
"980070",76398,"4",2920652,"1",
"980070",62288,"5",2920652,"1",
"900000",9516,"1",2920671,"1",
"900000",5893,"2",2920671,"1",
"900000",7100,"3",2920671,"1",
"900000",7015,"4",2920671,"1",
"900000",9487,"5",2920671,"1",
"900030",26400,"1",2920671,"1",
"900030",26400,"2",2920671,"1",
"900030",26400,"3",2920671,"1",
"900030",26400,"4",2920671,"1",
"900030",26400,"5",2920671,"1",
"900170",24999,"1",2920671,"1",
"900170",24999,"2",2920671,"1",
"900170",24999,"3",2920671,"1",
"900170",24999,"4",2920671,"1",
"900170",24999,"5",2920671,"1",
"900190",24000,"1",2920671,"1",
"900190",24000,"2",2920671,"1",
"900190",24000,"3",2920671,"1",
"900190",24000,"4",2920671,"1",
"900190",24000,"5",2920671,"1",
"980000",84915,"1",2920671,"1",
"980000",81292,"2",2920671,"1",
"980000",82499,"3",2920671,"1",
"980000",82414,"4",2920671,"1",
"980000",84886,"5",2920671,"1",
"980070",83615,"1",2920671,"1",
"980070",79992,"2",2920671,"1",
"980070",81199,"3",2920671,"1",
"980070",81114,"4",2920671,"1",
"980070",83586,"5",2920671,"1",
"900000",6318,"1",2920672,"1",
"900000",9633,"2",2920672,"1",
"900000",9123,"3",2920672,"1",
"900000",8987,"4",2920672,"1",
"900000",5800,"5",2920672,"1",
"900030",26400,"1",2920672,"1",
"900030",26400,"2",2920672,"1",
"900030",26400,"3",2920672,"1",
"900030",26400,"4",2920672,"1",
"900030",26400,"5",2920672,"1",
"900170",24999,"1",2920672,"1",
"900170",24999,"2",2920672,"1",
"900170",24999,"3",2920672,"1",
"900170",24999,"4",2920672,"1",
"900170",24999,"5",2920672,"1",
"900190",24000,"1",2920672,"1",
"900190",24000,"2",2920672,"1",
"900190",24000,"3",2920672,"1",
"900190",24000,"4",2920672,"1",
"900190",24000,"5",2920672,"1",
"980000",81717,"1",2920672,"1",
"980000",85032,"2",2920672,"1",
"980000",84522,"3",2920672,"1",
"980000",84386,"4",2920672,"1",
"980000",81199,"5",2920672,"1",
"980070",80417,"1",2920672,"1",
"980070",83732,"2",2920672,"1",
"980070",83222,"3",2920672,"1",
"980070",83086,"4",2920672,"1",
"980070",79899,"5",2920672,"1",
"900000",40000,"1",2920681,"1",
"900000",40000,"2",2920681,"1",
"900000",40000,"3",2920681,"1",
"900000",40000,"4",2920681,"1",
"900000",40000,"5",2920681,"1",
"900170",15600,"1",2920681,"1",
"900170",15600,"2",2920681,"1",
"900170",15600,"3",2920681,"1",
"900170",15600,"4",2920681,"1",
"900170",15600,"5",2920681,"1",
"980000",55600,"1",2920681,"1",
"980000",55600,"2",2920681,"1",
"980000",55600,"3",2920681,"1",
"980000",55600,"4",2920681,"1",
"980000",55600,"5",2920681,"1",
"980070",57700,"1",2920681,"1",
"980070",57700,"2",2920681,"1",
"980070",57700,"3",2920681,"1",
"980070",57700,"4",2920681,"1",
"980070",57700,"5",2920681,"1",
"900000",40000,"1",2920682,"1",
"900000",40000,"2",2920682,"1",
"900000",40000,"3",2920682,"1",
"900000",40000,"4",2920682,"1",
"900000",40000,"5",2920682,"1",
"900170",15600,"1",2920682,"1",
"900170",15600,"2",2920682,"1",
"900170",15600,"3",2920682,"1",
"900170",15600,"4",2920682,"1",
"900170",15600,"5",2920682,"1",
"980000",55600,"1",2920682,"1",
"980000",55600,"2",2920682,"1",
"980000",55600,"3",2920682,"1",
"980000",55600,"4",2920682,"1",
"980000",55600,"5",2920682,"1",
"980070",57700,"1",2920682,"1",
"980070",57700,"2",2920682,"1",
"980070",57700,"3",2920682,"1",
"980070",57700,"4",2920682,"1",
"980070",57700,"5",2920682,"1",
"900090",728,"1",2920711,"1",
"900090",728,"2",2920711,"1",
"900090",728,"3",2920711,"1",
"900090",728,"4",2920711,"1",
"900090",728,"5",2920711,"1",
"900150",600,"1",2920711,"1",
"900150",600,"2",2920711,"1",
"900150",600,"3",2920711,"1",
"900150",600,"4",2920711,"1",
"900150",600,"5",2920711,"1",
"980000",1328,"1",2920711,"1",
"980000",1328,"2",2920711,"1",
"980000",1328,"3",2920711,"1",
"980000",1328,"4",2920711,"1",
"980000",1328,"5",2920711,"1",
"980070",1328,"1",2920711,"1",
"980070",1328,"2",2920711,"1",
"980070",1328,"3",2920711,"1",
"980070",1328,"4",2920711,"1",
"980070",1328,"5",2920711,"1",
"900090",728,"1",2920712,"1",
"900090",728,"2",2920712,"1",
"900090",728,"3",2920712,"1",
"900090",728,"4",2920712,"1",
"900090",728,"5",2920712,"1",
"900150",600,"1",2920712,"1",
"900150",600,"2",2920712,"1",
"900150",600,"3",2920712,"1",
"900150",600,"4",2920712,"1",
"900150",600,"5",2920712,"1",
"980000",1328,"1",2920712,"1",
"980000",1328,"2",2920712,"1",
"980000",1328,"3",2920712,"1",
"980000",1328,"4",2920712,"1",
"980000",1328,"5",2920712,"1",
"980070",1328,"1",2920712,"1",
"980070",1328,"2",2920712,"1",
"980070",1328,"3",2920712,"1",
"980070",1328,"4",2920712,"1",
"980070",1328,"5",2920712,"1",
"900000",220000,"1",2920721,"1",
"900000",220000,"2",2920721,"1",
"900000",220000,"3",2920721,"1",
"900000",220000,"4",2920721,"1",
"900000",220000,"5",2920721,"1",
"900180",38657,"1",2920721,"1","T"
"900180",38657,"2",2920721,"1","T"
"900180",38657,"3",2920721,"1","T"
"900180",38657,"4",2920721,"1","T"
"900180",38657,"5",2920721,"1","T"
"980000",258657,"1",2920721,"1","T"
"980000",258657,"2",2920721,"1","T"
"980000",258657,"3",2920721,"1","T"
"980000",258657,"4",2920721,"1","T"
"980000",258657,"5",2920721,"1","T"
"980070",233657,"1",2920721,"1","T"
"980070",233657,"2",2920721,"1","T"
"980070",233657,"3",2920721,"1","T"
"980070",233657,"4",2920721,"1","T"
"980070",233657,"5",2920721,"1","T"
"900000",220000,"1",2920722,"1",
"900000",220000,"2",2920722,"1",
"900000",220000,"3",2920722,"1",
"900000",220000,"4",2920722,"1",
"900000",220000,"5",2920722,"1",
"900180",38657,"1",2920722,"1","T"
"900180",38657,"2",2920722,"1","T"
"900180",38657,"3",2920722,"1","T"
"900180",38657,"4",2920722,"1","T"
"900180",38657,"5",2920722,"1","T"
"980000",258657,"1",2920722,"1","T"
"980000",258657,"2",2920722,"1","T"
"980000",258657,"3",2920722,"1","T"
"980000",258657,"4",2920722,"1","T"
"980000",258657,"5",2920722,"1","T"
"980070",233657,"1",2920722,"1","T"
"980070",233657,"2",2920722,"1","T"
"980070",233657,"3",2920722,"1","T"
"980070",233657,"4",2920722,"1","T"
"980070",233657,"5",2920722,"1","T"
"900000",94000,"1",2920741,"1",
"900000",94000,"2",2920741,"1",
"900000",94000,"3",2920741,"1",
"900000",94000,"4",2920741,"1",
"900000",94000,"5",2920741,"1",
"980000",94000,"1",2920741,"1",
"980000",94000,"2",2920741,"1",
"980000",94000,"3",2920741,"1",
"980000",94000,"4",2920741,"1",
"980000",94000,"5",2920741,"1",
"980070",96200,"1",2920741,"1",
"980070",96200,"2",2920741,"1",
"980070",96200,"3",2920741,"1",
"980070",96200,"4",2920741,"1",
"980070",96200,"5",2920741,"1",
"900000",94000,"1",2920742,"1",
"900000",94000,"2",2920742,"1",
"900000",94000,"3",2920742,"1",
"900000",94000,"4",2920742,"1",
"900000",94000,"5",2920742,"1",
"980000",94000,"1",2920742,"1",
"980000",94000,"2",2920742,"1",
"980000",94000,"3",2920742,"1",
"980000",94000,"4",2920742,"1",
"980000",94000,"5",2920742,"1",
"980070",96200,"1",2920742,"1",
"980070",96200,"2",2920742,"1",
"980070",96200,"3",2920742,"1",
"980070",96200,"4",2920742,"1",
"980070",96200,"5",2920742,"1",
"900000",84000,"1",2920751,"1",
"900000",84000,"2",2920751,"1",
"900000",84000,"3",2920751,"1",
"900000",84000,"4",2920751,"1",
"900000",84000,"5",2920751,"1",
"900030",1305,"1",2920751,"1",
"900030",1305,"2",2920751,"1",
"900030",1305,"3",2920751,"1",
"900030",1305,"4",2920751,"1",
"900030",1305,"5",2920751,"1",
"900180",2000,"1",2920751,"1",
"900180",2000,"2",2920751,"1",
"900180",2000,"3",2920751,"1",
"900180",2000,"4",2920751,"1",
"900180",2000,"5",2920751,"1",
"980000",87305,"1",2920751,"1",
"980000",87305,"2",2920751,"1",
"980000",87305,"3",2920751,"1",
"980000",87305,"4",2920751,"1",
"980000",87305,"5",2920751,"1",
"980070",88795,"1",2920751,"1",
"980070",88795,"2",2920751,"1",
"980070",88795,"3",2920751,"1",
"980070",88795,"4",2920751,"1",
"980070",88795,"5",2920751,"1",
"900000",84000,"1",2920752,"1",
"900000",84000,"2",2920752,"1",
"900000",84000,"3",2920752,"1",
"900000",84000,"4",2920752,"1",
"900000",84000,"5",2920752,"1",
"900030",1305,"1",2920752,"1",
"900030",1305,"2",2920752,"1",
"900030",1305,"3",2920752,"1",
"900030",1305,"4",2920752,"1",
"900030",1305,"5",2920752,"1",
"900180",2000,"1",2920752,"1",
"900180",2000,"2",2920752,"1",
"900180",2000,"3",2920752,"1",
"900180",2000,"4",2920752,"1",
"900180",2000,"5",2920752,"1",
"980000",87305,"1",2920752,"1",
"980000",87305,"2",2920752,"1",
"980000",87305,"3",2920752,"1",
"980000",87305,"4",2920752,"1",
"980000",87305,"5",2920752,"1",
"980070",88795,"1",2920752,"1",
"980070",88795,"2",2920752,"1",
"980070",88795,"3",2920752,"1",
"980070",88795,"4",2920752,"1",
"980070",88795,"5",2920752,"1",
"900000",12000,"1",2920761,"1",
"900000",12000,"2",2920761,"1",
"900000",12000,"3",2920761,"1",
"900000",12000,"4",2920761,"1",
"900000",12000,"5",2920761,"1",
"900150",500,"1",2920761,"1",
"900150",500,"2",2920761,"1",
"900150",500,"3",2920761,"1",
"900150",500,"4",2920761,"1",
"900150",500,"5",2920761,"1",
"950002",347,"1",2920761,"1",
"950002",347,"2",2920761,"1",
"950002",347,"3",2920761,"1",
"950002",347,"4",2920761,"1",
"950002",347,"5",2920761,"1",
"950012",445,"1",2920761,"1",
"950012",445,"2",2920761,"1",
"950012",445,"3",2920761,"1",
"950012",445,"4",2920761,"1",
"950012",445,"5",2920761,"1",
"980000",12500,"1",2920761,"1",
"980000",12500,"2",2920761,"1",
"980000",12500,"3",2920761,"1",
"980000",12500,"4",2920761,"1",
"980000",12500,"5",2920761,"1",
"980070",20858,"1",2920761,"1",
"980070",20858,"2",2920761,"1",
"980070",20858,"3",2920761,"1",
"980070",20858,"4",2920761,"1",
"980070",20858,"5",2920761,"1",
"900000",12000,"1",2920762,"1",
"900000",12000,"2",2920762,"1",
"900000",12000,"3",2920762,"1",
"900000",12000,"4",2920762,"1",
"900000",12000,"5",2920762,"1",
"900150",500,"1",2920762,"1",
"900150",500,"2",2920762,"1",
"900150",500,"3",2920762,"1",
"900150",500,"4",2920762,"1",
"900150",500,"5",2920762,"1",
"950002",347,"1",2920762,"1",
"950002",347,"2",2920762,"1",
"950002",347,"3",2920762,"1",
"950002",347,"4",2920762,"1",
"950002",347,"5",2920762,"1",
"950012",445,"1",2920762,"1",
"950012",445,"2",2920762,"1",
"950012",445,"3",2920762,"1",
"950012",445,"4",2920762,"1",
"950012",445,"5",2920762,"1",
"980000",12500,"1",2920762,"1",
"980000",12500,"2",2920762,"1",
"980000",12500,"3",2920762,"1",
"980000",12500,"4",2920762,"1",
"980000",12500,"5",2920762,"1",
"980070",20858,"1",2920762,"1",
"980070",20858,"2",2920762,"1",
"980070",20858,"3",2920762,"1",
"980070",20858,"4",2920762,"1",
"980070",20858,"5",2920762,"1",
"900000",20312,"1",2920791,"1",
"900000",20924,"2",2920791,"1",
"900000",22826,"3",2920791,"1",
"900000",20640,"4",2920791,"1",
"900000",22960,"5",2920791,"1",
"900030",21659,"1",2920791,"1",
"900030",21659,"2",2920791,"1",
"900030",21659,"3",2920791,"1",
"900030",21659,"4",2920791,"1",
"900030",21659,"5",2920791,"1",
"980000",41971,"1",2920791,"1",
"980000",42583,"2",2920791,"1",
"980000",44485,"3",2920791,"1",
"980000",42299,"4",2920791,"1",
"980000",44619,"5",2920791,"1",
"980070",42971,"1",2920791,"1",
"980070",43583,"2",2920791,"1",
"980070",45485,"3",2920791,"1",
"980070",43299,"4",2920791,"1",
"980070",45619,"5",2920791,"1",
"900000",19357,"1",2920792,"1",
"900000",18924,"2",2920792,"1",
"900000",20530,"3",2920792,"1",
"900000",21712,"4",2920792,"1",
"900000",19289,"5",2920792,"1",
"900030",21659,"1",2920792,"1",
"900030",21659,"2",2920792,"1",
"900030",21659,"3",2920792,"1",
"900030",21659,"4",2920792,"1",
"900030",21659,"5",2920792,"1",
"980000",41016,"1",2920792,"1",
"980000",40583,"2",2920792,"1",
"980000",42189,"3",2920792,"1",
"980000",43371,"4",2920792,"1",
"980000",40948,"5",2920792,"1",
"980070",42016,"1",2920792,"1",
"980070",41583,"2",2920792,"1",
"980070",43189,"3",2920792,"1",
"980070",44371,"4",2920792,"1",
"980070",41948,"5",2920792,"1",
"900030",17926,"1",2920801,"1",
"900030",24802,"2",2920801,"1",
"900030",22318,"3",2920801,"1",
"900030",22918,"4",2920801,"1",
"900030",23566,"5",2920801,"1",
"900170",25593,"1",2920801,"1",
"900170",13229,"2",2920801,"1",
"900170",1018,"3",2920801,"1",
"900170",12627,"4",2920801,"1",
"900170",32587,"5",2920801,"1",
"900180",2135,"1",2920801,"1",
"900180",1015,"2",2920801,"1",
"900180",2626,"3",2920801,"1",
"900180",93,"4",2920801,"1",
"900180",1017,"5",2920801,"1",
"980000",45654,"1",2920801,"1",
"980000",39046,"2",2920801,"1",
"980000",25962,"3",2920801,"1",
"980000",35638,"4",2920801,"1",
"980000",57170,"5",2920801,"1",
"980070",45654,"1",2920801,"1",
"980070",39046,"2",2920801,"1",
"980070",25962,"3",2920801,"1",
"980070",35638,"4",2920801,"1",
"980070",57170,"5",2920801,"1",
"900030",25318,"1",2920802,"1",
"900030",28798,"2",2920802,"1",
"900030",26278,"3",2920802,"1",
"900030",25294,"4",2920802,"1",
"900030",24070,"5",2920802,"1",
"900170",6100,"1",2920802,"1",
"900170",16811,"2",2920802,"1",
"900170",3049,"3",2920802,"1",
"900170",43026,"4",2920802,"1",
"900170",10809,"5",2920802,"1",
"900180",5088,"1",2920802,"1",
"900180",2104,"2",2920802,"1",
"900180",509,"3",2920802,"1",
"900180",102,"4",2920802,"1",
"900180",1221,"5",2920802,"1",
"980000",36506,"1",2920802,"1",
"980000",47713,"2",2920802,"1",
"980000",29836,"3",2920802,"1",
"980000",68422,"4",2920802,"1",
"980000",36100,"5",2920802,"1",
"980070",36506,"1",2920802,"1",
"980070",47713,"2",2920802,"1",
"980070",29836,"3",2920802,"1",
"980070",68422,"4",2920802,"1",
"980070",36100,"5",2920802,"1",
"900030",13679,"1",2920821,"1",
"900030",16859,"2",2920821,"1",
"900030",13811,"3",2920821,"1",
"900030",24731,"4",2920821,"1",
"900030",18695,"5",2920821,"1",
"980000",13679,"1",2920821,"1",
"980000",16859,"2",2920821,"1",
"980000",13811,"3",2920821,"1",
"980000",24731,"4",2920821,"1",
"980000",18695,"5",2920821,"1",
"980070",13647,"1",2920821,"1",
"980070",16827,"2",2920821,"1",
"980070",13779,"3",2920821,"1",
"980070",24699,"4",2920821,"1",
"980070",18663,"5",2920821,"1",
"900000",50000,"1",2920831,"1",
"900000",50000,"2",2920831,"1",
"900000",50000,"3",2920831,"1",
"900000",50000,"4",2920831,"1",
"900000",50000,"5",2920831,"1",
"900210",14400,"1",2920831,"1",
"900210",14400,"2",2920831,"1",
"900210",14400,"3",2920831,"1",
"900210",14400,"4",2920831,"1",
"900210",14400,"5",2920831,"1",
"980000",64400,"1",2920831,"1",
"980000",64400,"2",2920831,"1",
"980000",64400,"3",2920831,"1",
"980000",64400,"4",2920831,"1",
"980000",64400,"5",2920831,"1",
"980070",65300,"1",2920831,"1",
"980070",65300,"2",2920831,"1",
"980070",65300,"3",2920831,"1",
"980070",65300,"4",2920831,"1",
"980070",65300,"5",2920831,"1",
"900000",50000,"1",2920832,"1",
"900000",50000,"2",2920832,"1",
"900000",50000,"3",2920832,"1",
"900000",50000,"4",2920832,"1",
"900000",50000,"5",2920832,"1",
"900210",14400,"1",2920832,"1",
"900210",14400,"2",2920832,"1",
"900210",14400,"3",2920832,"1",
"900210",14400,"4",2920832,"1",
"900210",14400,"5",2920832,"1",
"980000",64400,"1",2920832,"1",
"980000",64400,"2",2920832,"1",
"980000",64400,"3",2920832,"1",
"980000",64400,"4",2920832,"1",
"980000",64400,"5",2920832,"1",
"980070",65300,"1",2920832,"1",
"980070",65300,"2",2920832,"1",
"980070",65300,"3",2920832,"1",
"980070",65300,"4",2920832,"1",
"980070",65300,"5",2920832,"1",
"900000",194571,"1",2920871,"1",
"900000",84217,"2",2920871,"1",
"900000",81699,"3",2920871,"1",
"900000",116407,"4",2920871,"1",
"900000",162388,"5",2920871,"1",
"980000",194571,"1",2920871,"1",
"980000",84217,"2",2920871,"1",
"980000",81699,"3",2920871,"1",
"980000",116407,"4",2920871,"1",
"980000",162388,"5",2920871,"1",
"980070",194571,"1",2920871,"1",
"980070",84217,"2",2920871,"1",
"980070",81699,"3",2920871,"1",
"980070",116407,"4",2920871,"1",
"980070",162388,"5",2920871,"1",
"900000",75014,"1",2920872,"1",
"900000",139177,"2",2920872,"1",
"900000",138547,"3",2920872,"1",
"900000",121286,"4",2920872,"1",
"900000",102526,"5",2920872,"1",
"980000",75014,"1",2920872,"1",
"980000",139177,"2",2920872,"1",
"980000",138547,"3",2920872,"1",
"980000",121286,"4",2920872,"1",
"980000",102526,"5",2920872,"1",
"980070",75014,"1",2920872,"1",
"980070",139177,"2",2920872,"1",
"980070",138547,"3",2920872,"1",
"980070",121286,"4",2920872,"1",
"980070",102526,"5",2920872,"1",
"900030",20484,"1",2920891,"1",
"900030",19932,"2",2920891,"1",
"900030",24204,"3",2920891,"1",
"900030",22092,"4",2920891,"1",
"900030",30456,"5",2920891,"1",
"900170",71786,"1",2920891,"1","T"
"900170",71786,"2",2920891,"1","T"
"900170",71786,"3",2920891,"1","T"
"900170",71786,"4",2920891,"1","T"
"900170",71786,"5",2920891,"1","T"
"980000",95220,"1",2920891,"1","T"
"980000",95220,"2",2920891,"1","T"
"980000",95220,"3",2920891,"1","T"
"980000",95220,"4",2920891,"1","T"
"980000",95220,"5",2920891,"1","T"
"980070",95220,"1",2920891,"1","T"
"980070",95220,"2",2920891,"1","T"
"980070",95220,"3",2920891,"1","T"
"980070",95220,"4",2920891,"1","T"
"980070",95220,"5",2920891,"1","T"
"900030",11172,"1",2920892,"1",
"900030",22104,"2",2920892,"1",
"900030",21732,"3",2920892,"1",
"900030",12132,"4",2920892,"1",
"900030",25428,"5",2920892,"1",
"900170",6604,"1",2920892,"1",
"900170",7937,"2",2920892,"1",
"900170",2452,"3",2920892,"1",
"900170",10163,"4",2920892,"1",
"900170",75387,"5",2920892,"1",
"980000",17776,"1",2920892,"1",
"980000",30041,"2",2920892,"1",
"980000",24184,"3",2920892,"1",
"980000",22295,"4",2920892,"1",
"980000",100815,"5",2920892,"1",
"980070",17776,"1",2920892,"1",
"980070",30041,"2",2920892,"1",
"980070",24184,"3",2920892,"1",
"980070",22295,"4",2920892,"1",
"980070",100815,"5",2920892,"1",
"900000",16318,"1",2920901,"1",
"900000",15715,"2",2920901,"1",
"900000",18241,"3",2920901,"1",
"900000",17227,"4",2920901,"1",
"900000",17724,"5",2920901,"1",
"980000",16318,"1",2920901,"1",
"980000",15715,"2",2920901,"1",
"980000",18241,"3",2920901,"1",
"980000",17227,"4",2920901,"1",
"980000",17724,"5",2920901,"1",
"980070",16318,"1",2920901,"1",
"980070",15715,"2",2920901,"1",
"980070",18241,"3",2920901,"1",
"980070",17227,"4",2920901,"1",
"980070",17724,"5",2920901,"1",
"900000",18108,"1",2920902,"1",
"900000",18611,"2",2920902,"1",
"900000",15210,"3",2920902,"1",
"900000",19094,"4",2920902,"1",
"900000",18675,"5",2920902,"1",
"980000",18108,"1",2920902,"1",
"980000",18611,"2",2920902,"1",
"980000",15210,"3",2920902,"1",
"980000",19094,"4",2920902,"1",
"980000",18675,"5",2920902,"1",
"980070",18108,"1",2920902,"1",
"980070",18611,"2",2920902,"1",
"980070",15210,"3",2920902,"1",
"980070",19094,"4",2920902,"1",
"980070",18675,"5",2920902,"1",
"900000",102386,"1",2920911,"1",
"900000",120480,"2",2920911,"1",
"900000",111013,"3",2920911,"1",
"900000",103021,"4",2920911,"1",
"900000",105559,"5",2920911,"1",
"900180",37,"1",2920911,"1",
"900180",56,"2",2920911,"1",
"900180",76,"3",2920911,"1",
"900180",10,"4",2920911,"1",
"900180",74,"5",2920911,"1",
"980000",102423,"1",2920911,"1",
"980000",120536,"2",2920911,"1",
"980000",111089,"3",2920911,"1",
"980000",103031,"4",2920911,"1",
"980000",105633,"5",2920911,"1",
"980070",102423,"1",2920911,"1",
"980070",120536,"2",2920911,"1",
"980070",111089,"3",2920911,"1",
"980070",103031,"4",2920911,"1",
"980070",105633,"5",2920911,"1",
"900000",108730,"1",2920912,"1",
"900000",98292,"2",2920912,"1",
"900000",107498,"3",2920912,"1",
"900000",102189,"4",2920912,"1",
"900000",101026,"5",2920912,"1",
"900180",57,"1",2920912,"1",
"900180",43,"2",2920912,"1",
"900180",61,"3",2920912,"1",
"900180",23,"4",2920912,"1",
"900180",3,"5",2920912,"1",
"980000",108787,"1",2920912,"1",
"980000",98335,"2",2920912,"1",
"980000",107559,"3",2920912,"1",
"980000",102212,"4",2920912,"1",
"980000",101029,"5",2920912,"1",
"980070",108787,"1",2920912,"1",
"980070",98335,"2",2920912,"1",
"980070",107559,"3",2920912,"1",
"980070",102212,"4",2920912,"1",
"980070",101029,"5",2920912,"1",
"900000",21713,"1",2920921,"1",
"900000",26809,"2",2920921,"1",
"900000",27522,"3",2920921,"1",
"900000",28252,"4",2920921,"1",
"900000",26648,"5",2920921,"1",
"980000",21713,"1",2920921,"1",
"980000",26809,"2",2920921,"1",
"980000",27522,"3",2920921,"1",
"980000",28252,"4",2920921,"1",
"980000",26648,"5",2920921,"1",
"980070",21713,"1",2920921,"1",
"980070",26809,"2",2920921,"1",
"980070",27522,"3",2920921,"1",
"980070",28252,"4",2920921,"1",
"980070",26648,"5",2920921,"1",
"900000",23749,"1",2920922,"1",
"900000",25205,"2",2920922,"1",
"900000",26676,"3",2920922,"1",
"900000",24493,"4",2920922,"1",
"900000",25433,"5",2920922,"1",
"980000",23749,"1",2920922,"1",
"980000",25205,"2",2920922,"1",
"980000",26676,"3",2920922,"1",
"980000",24493,"4",2920922,"1",
"980000",25433,"5",2920922,"1",
"980070",23749,"1",2920922,"1",
"980070",25205,"2",2920922,"1",
"980070",26676,"3",2920922,"1",
"980070",24493,"4",2920922,"1",
"980070",25433,"5",2920922,"1",
"900000",203624,"1",2920931,"1",
"900000",203624,"2",2920931,"1",
"900000",203624,"3",2920931,"1",
"900000",203624,"4",2920931,"1",
"900000",203624,"5",2920931,"1",
"900090",721,"1",2920931,"1",
"900090",721,"2",2920931,"1",
"900090",721,"3",2920931,"1",
"900090",721,"4",2920931,"1",
"900090",721,"5",2920931,"1",
"950002",137,"1",2920931,"1",
"950002",137,"2",2920931,"1",
"950002",137,"3",2920931,"1",
"950002",137,"4",2920931,"1",
"950002",137,"5",2920931,"1",
"980000",204345,"1",2920931,"1",
"980000",204345,"2",2920931,"1",
"980000",204345,"3",2920931,"1",
"980000",204345,"4",2920931,"1",
"980000",204345,"5",2920931,"1",
"980070",204458,"1",2920931,"1",
"980070",204458,"2",2920931,"1",
"980070",204458,"3",2920931,"1",
"980070",204458,"4",2920931,"1",
"980070",204458,"5",2920931,"1",
"900000",203624,"1",2920932,"1",
"900000",203624,"2",2920932,"1",
"900000",203624,"3",2920932,"1",
"900000",203624,"4",2920932,"1",
"900000",203624,"5",2920932,"1",
"900090",721,"1",2920932,"1",
"900090",721,"2",2920932,"1",
"900090",721,"3",2920932,"1",
"900090",721,"4",2920932,"1",
"900090",721,"5",2920932,"1",
"950002",137,"1",2920932,"1",
"950002",137,"2",2920932,"1",
"950002",137,"3",2920932,"1",
"950002",137,"4",2920932,"1",
"950002",137,"5",2920932,"1",
"980000",204345,"1",2920932,"1",
"980000",204345,"2",2920932,"1",
"980000",204345,"3",2920932,"1",
"980000",204345,"4",2920932,"1",
"980000",204345,"5",2920932,"1",
"980070",204458,"1",2920932,"1",
"980070",204458,"2",2920932,"1",
"980070",204458,"3",2920932,"1",
"980070",204458,"4",2920932,"1",
"980070",204458,"5",2920932,"1",
"900000",60000,"1",2920941,"1",
"900000",60000,"2",2920941,"1",
"900000",60000,"3",2920941,"1",
"900000",60000,"4",2920941,"1",
"900000",60000,"5",2920941,"1",
"900030",44146,"1",2920941,"1",
"900030",40030,"2",2920941,"1",
"900030",29302,"3",2920941,"1",
"900030",38902,"4",2920941,"1",
"900030",30970,"5",2920941,"1",
"980000",104146,"1",2920941,"1",
"980000",100030,"2",2920941,"1",
"980000",89302,"3",2920941,"1",
"980000",98902,"4",2920941,"1",
"980000",90970,"5",2920941,"1",
"980070",104146,"1",2920941,"1",
"980070",100030,"2",2920941,"1",
"980070",89302,"3",2920941,"1",
"980070",98902,"4",2920941,"1",
"980070",90970,"5",2920941,"1",
"900000",60000,"1",2920942,"1",
"900000",60000,"2",2920942,"1",
"900000",60000,"3",2920942,"1",
"900000",60000,"4",2920942,"1",
"900000",60000,"5",2920942,"1",
"900030",32698,"1",2920942,"1",
"900030",41446,"2",2920942,"1",
"900030",20794,"3",2920942,"1",
"900030",26698,"4",2920942,"1",
"900030",37546,"5",2920942,"1",
"980000",92698,"1",2920942,"1",
"980000",101446,"2",2920942,"1",
"980000",80794,"3",2920942,"1",
"980000",86698,"4",2920942,"1",
"980000",97546,"5",2920942,"1",
"980070",92698,"1",2920942,"1",
"980070",101446,"2",2920942,"1",
"980070",80794,"3",2920942,"1",
"980070",86698,"4",2920942,"1",
"980070",97546,"5",2920942,"1",
"900000",95800,"1",2920951,"1",
"900000",95800,"2",2920951,"1",
"900000",95800,"3",2920951,"1",
"900000",95800,"4",2920951,"1",
"900000",95800,"5",2920951,"1",
"900190",-1,"1",2920951,"1",
"900190",-1,"2",2920951,"1",
"900190",-1,"3",2920951,"1",
"900190",-1,"4",2920951,"1",
"900190",-1,"5",2920951,"1",
"980000",95799,"1",2920951,"1",
"980000",95799,"2",2920951,"1",
"980000",95799,"3",2920951,"1",
"980000",95799,"4",2920951,"1",
"980000",95799,"5",2920951,"1",
"980070",97799,"1",2920951,"1",
"980070",97799,"2",2920951,"1",
"980070",97799,"3",2920951,"1",
"980070",97799,"4",2920951,"1",
"980070",97799,"5",2920951,"1",
"900000",95800,"1",2920952,"1",
"900000",95800,"2",2920952,"1",
"900000",95800,"3",2920952,"1",
"900000",95800,"4",2920952,"1",
"900000",95800,"5",2920952,"1",
"900190",-1,"1",2920952,"1",
"900190",-1,"2",2920952,"1",
"900190",-1,"3",2920952,"1",
"900190",-1,"4",2920952,"1",
"900190",-1,"5",2920952,"1",
"980000",95799,"1",2920952,"1",
"980000",95799,"2",2920952,"1",
"980000",95799,"3",2920952,"1",
"980000",95799,"4",2920952,"1",
"980000",95799,"5",2920952,"1",
"980070",97799,"1",2920952,"1",
"980070",97799,"2",2920952,"1",
"980070",97799,"3",2920952,"1",
"980070",97799,"4",2920952,"1",
"980070",97799,"5",2920952,"1",
"900170",33411,"1",2920961,"1",
"900170",8828,"2",2920961,"1",
"900170",18627,"3",2920961,"1",
"900170",2448,"4",2920961,"1",
"900170",47965,"5",2920961,"1",
"980000",33411,"1",2920961,"1",
"980000",8828,"2",2920961,"1",
"980000",18627,"3",2920961,"1",
"980000",2448,"4",2920961,"1",
"980000",47965,"5",2920961,"1",
"980070",33411,"1",2920961,"1",
"980070",8828,"2",2920961,"1",
"980070",18627,"3",2920961,"1",
"980070",2448,"4",2920961,"1",
"980070",47965,"5",2920961,"1",
"900170",62776,"1",2920962,"1",
"900170",60616,"2",2920962,"1",
"900170",70740,"3",2920962,"1",
"900170",33168,"4",2920962,"1",
"900170",5727,"5",2920962,"1",
"980000",62776,"1",2920962,"1",
"980000",60616,"2",2920962,"1",
"980000",70740,"3",2920962,"1",
"980000",33168,"4",2920962,"1",
"980000",5727,"5",2920962,"1",
"980070",62776,"1",2920962,"1",
"980070",60616,"2",2920962,"1",
"980070",70740,"3",2920962,"1",
"980070",33168,"4",2920962,"1",
"980070",5727,"5",2920962,"1",
"900000",103000,"1",2920971,"1",
"900000",103000,"2",2920971,"1",
"900000",103000,"3",2920971,"1",
"900000",103000,"4",2920971,"1",
"900000",103000,"5",2920971,"1",
"900210",7200,"1",2920971,"1",
"900210",7200,"2",2920971,"1",
"900210",7200,"3",2920971,"1",
"900210",7200,"4",2920971,"1",
"900210",7200,"5",2920971,"1",
"980000",110200,"1",2920971,"1",
"980000",110200,"2",2920971,"1",
"980000",110200,"3",2920971,"1",
"980000",110200,"4",2920971,"1",
"980000",110200,"5",2920971,"1",
"980070",110200,"1",2920971,"1",
"980070",110200,"2",2920971,"1",
"980070",110200,"3",2920971,"1",
"980070",110200,"4",2920971,"1",
"980070",110200,"5",2920971,"1",
"900000",103000,"1",2920972,"1",
"900000",103000,"2",2920972,"1",
"900000",103000,"3",2920972,"1",
"900000",103000,"4",2920972,"1",
"900000",103000,"5",2920972,"1",
"900210",7200,"1",2920972,"1",
"900210",7200,"2",2920972,"1",
"900210",7200,"3",2920972,"1",
"900210",7200,"4",2920972,"1",
"900210",7200,"5",2920972,"1",
"980000",110200,"1",2920972,"1",
"980000",110200,"2",2920972,"1",
"980000",110200,"3",2920972,"1",
"980000",110200,"4",2920972,"1",
"980000",110200,"5",2920972,"1",
"980070",110200,"1",2920972,"1",
"980070",110200,"2",2920972,"1",
"980070",110200,"3",2920972,"1",
"980070",110200,"4",2920972,"1",
"980070",110200,"5",2920972,"1",
"900000",15311,"1",2920981,"1",
"900000",38470,"2",2920981,"1",
"900000",19674,"3",2920981,"1",
"900000",39347,"4",2920981,"1",
"900000",3303,"5",2920981,"1",
"980000",15311,"1",2920981,"1",
"980000",38470,"2",2920981,"1",
"980000",19674,"3",2920981,"1",
"980000",39347,"4",2920981,"1",
"980000",3303,"5",2920981,"1",
"980070",15311,"1",2920981,"1",
"980070",38470,"2",2920981,"1",
"980070",19674,"3",2920981,"1",
"980070",39347,"4",2920981,"1",
"980070",3303,"5",2920981,"1",
"900000",4354,"1",2920982,"1",
"900000",43892,"2",2920982,"1",
"900000",23555,"3",2920982,"1",
"900000",42098,"4",2920982,"1",
"900000",10571,"5",2920982,"1",
"980000",4354,"1",2920982,"1",
"980000",43892,"2",2920982,"1",
"980000",23555,"3",2920982,"1",
"980000",42098,"4",2920982,"1",
"980000",10571,"5",2920982,"1",
"980070",4354,"1",2920982,"1",
"980070",43892,"2",2920982,"1",
"980070",23555,"3",2920982,"1",
"980070",42098,"4",2920982,"1",
"980070",10571,"5",2920982,"1",
"900000",32000,"1",2920991,"1",
"900000",32000,"2",2920991,"1",
"900000",32000,"3",2920991,"1",
"900000",32000,"4",2920991,"1",
"900000",32000,"5",2920991,"1",
"980000",32000,"1",2920991,"1",
"980000",32000,"2",2920991,"1",
"980000",32000,"3",2920991,"1",
"980000",32000,"4",2920991,"1",
"980000",32000,"5",2920991,"1",
"980070",36225,"1",2920991,"1",
"980070",36225,"2",2920991,"1",
"980070",36225,"3",2920991,"1",
"980070",36225,"4",2920991,"1",
"980070",36225,"5",2920991,"1",
"900000",32000,"1",2920992,"1",
"900000",32000,"2",2920992,"1",
"900000",32000,"3",2920992,"1",
"900000",32000,"4",2920992,"1",
"900000",32000,"5",2920992,"1",
"980000",32000,"1",2920992,"1",
"980000",32000,"2",2920992,"1",
"980000",32000,"3",2920992,"1",
"980000",32000,"4",2920992,"1",
"980000",32000,"5",2920992,"1",
"980070",36225,"1",2920992,"1",
"980070",36225,"2",2920992,"1",
"980070",36225,"3",2920992,"1",
"980070",36225,"4",2920992,"1",
"980070",36225,"5",2920992,"1",
"900000",21311,"1",2921001,"1",
"900000",21415,"2",2921001,"1",
"900000",7327,"3",2921001,"1",
"900000",14588,"4",2921001,"1",
"900000",7993,"5",2921001,"1",
"980000",21311,"1",2921001,"1",
"980000",21415,"2",2921001,"1",
"980000",7327,"3",2921001,"1",
"980000",14588,"4",2921001,"1",
"980000",7993,"5",2921001,"1",
"980070",21311,"1",2921001,"1",
"980070",21415,"2",2921001,"1",
"980070",7327,"3",2921001,"1",
"980070",14588,"4",2921001,"1",
"980070",7993,"5",2921001,"1",
"900000",20681,"1",2921002,"1",
"900000",28496,"2",2921002,"1",
"900000",12290,"3",2921002,"1",
"900000",34357,"4",2921002,"1",
"900000",22524,"5",2921002,"1",
"980000",20681,"1",2921002,"1",
"980000",28496,"2",2921002,"1",
"980000",12290,"3",2921002,"1",
"980000",34357,"4",2921002,"1",
"980000",22524,"5",2921002,"1",
"980070",20681,"1",2921002,"1",
"980070",28496,"2",2921002,"1",
"980070",12290,"3",2921002,"1",
"980070",34357,"4",2921002,"1",
"980070",22524,"5",2921002,"1",
"900000",77000,"1",2921031,"1",
"900000",77000,"2",2921031,"1",
"900000",77000,"3",2921031,"1",
"900000",77000,"4",2921031,"1",
"900000",77000,"5",2921031,"1",
"980000",77000,"1",2921031,"1",
"980000",77000,"2",2921031,"1",
"980000",77000,"3",2921031,"1",
"980000",77000,"4",2921031,"1",
"980000",77000,"5",2921031,"1",
"980070",82000,"1",2921031,"1",
"980070",82000,"2",2921031,"1",
"980070",82000,"3",2921031,"1",
"980070",82000,"4",2921031,"1",
"980070",82000,"5",2921031,"1",
"900000",77000,"1",2921032,"1",
"900000",77000,"2",2921032,"1",
"900000",77000,"3",2921032,"1",
"900000",77000,"4",2921032,"1",
"900000",77000,"5",2921032,"1",
"980000",77000,"1",2921032,"1",
"980000",77000,"2",2921032,"1",
"980000",77000,"3",2921032,"1",
"980000",77000,"4",2921032,"1",
"980000",77000,"5",2921032,"1",
"980070",82000,"1",2921032,"1",
"980070",82000,"2",2921032,"1",
"980070",82000,"3",2921032,"1",
"980070",82000,"4",2921032,"1",
"980070",82000,"5",2921032,"1",
"900000",50000,"1",2921041,"1",
"900000",50000,"2",2921041,"1",
"900000",50000,"3",2921041,"1",
"900000",50000,"4",2921041,"1",
"900000",50000,"5",2921041,"1",
"950002",741,"1",2921041,"1",
"950002",741,"2",2921041,"1",
"950002",741,"3",2921041,"1",
"950002",741,"4",2921041,"1",
"950002",741,"5",2921041,"1",
"950012",309,"1",2921041,"1",
"950012",309,"2",2921041,"1",
"950012",309,"3",2921041,"1",
"950012",309,"4",2921041,"1",
"950012",309,"5",2921041,"1",
"980000",50000,"1",2921041,"1",
"980000",50000,"2",2921041,"1",
"980000",50000,"3",2921041,"1",
"980000",50000,"4",2921041,"1",
"980000",50000,"5",2921041,"1",
"980070",51335,"1",2921041,"1",
"980070",51335,"2",2921041,"1",
"980070",51335,"3",2921041,"1",
"980070",51335,"4",2921041,"1",
"980070",51335,"5",2921041,"1",
"900000",50000,"1",2921042,"1",
"900000",50000,"2",2921042,"1",
"900000",50000,"3",2921042,"1",
"900000",50000,"4",2921042,"1",
"900000",50000,"5",2921042,"1",
"950002",741,"1",2921042,"1",
"950002",741,"2",2921042,"1",
"950002",741,"3",2921042,"1",
"950002",741,"4",2921042,"1",
"950002",741,"5",2921042,"1",
"950012",309,"1",2921042,"1",
"950012",309,"2",2921042,"1",
"950012",309,"3",2921042,"1",
"950012",309,"4",2921042,"1",
"950012",309,"5",2921042,"1",
"980000",50000,"1",2921042,"1",
"980000",50000,"2",2921042,"1",
"980000",50000,"3",2921042,"1",
"980000",50000,"4",2921042,"1",
"980000",50000,"5",2921042,"1",
"980070",51335,"1",2921042,"1",
"980070",51335,"2",2921042,"1",
"980070",51335,"3",2921042,"1",
"980070",51335,"4",2921042,"1",
"980070",51335,"5",2921042,"1",
"900030",11879,"1",2921061,"1",
"900030",11879,"2",2921061,"1",
"900030",11879,"3",2921061,"1",
"900030",11879,"4",2921061,"1",
"900030",11879,"5",2921061,"1",
"900170",20868,"1",2921061,"1",
"900170",20868,"2",2921061,"1",
"900170",20868,"3",2921061,"1",
"900170",20868,"4",2921061,"1",
"900170",20868,"5",2921061,"1",
"900180",2532,"1",2921061,"1",
"900180",2532,"2",2921061,"1",
"900180",2532,"3",2921061,"1",
"900180",2532,"4",2921061,"1",
"900180",2532,"5",2921061,"1",
"980000",35279,"1",2921061,"1",
"980000",35279,"2",2921061,"1",
"980000",35279,"3",2921061,"1",
"980000",35279,"4",2921061,"1",
"980000",35279,"5",2921061,"1",
"980070",35596,"1",2921061,"1",
"980070",35596,"2",2921061,"1",
"980070",35596,"3",2921061,"1",
"980070",35596,"4",2921061,"1",
"980070",35596,"5",2921061,"1",
"900030",11879,"1",2921062,"1",
"900030",11879,"2",2921062,"1",
"900030",11879,"3",2921062,"1",
"900030",11879,"4",2921062,"1",
"900030",11879,"5",2921062,"1",
"900170",20868,"1",2921062,"1",
"900170",20868,"2",2921062,"1",
"900170",20868,"3",2921062,"1",
"900170",20868,"4",2921062,"1",
"900170",20868,"5",2921062,"1",
"900180",2532,"1",2921062,"1",
"900180",2532,"2",2921062,"1",
"900180",2532,"3",2921062,"1",
"900180",2532,"4",2921062,"1",
"900180",2532,"5",2921062,"1",
"980000",35279,"1",2921062,"1",
"980000",35279,"2",2921062,"1",
"980000",35279,"3",2921062,"1",
"980000",35279,"4",2921062,"1",
"980000",35279,"5",2921062,"1",
"980070",35596,"1",2921062,"1",
"980070",35596,"2",2921062,"1",
"980070",35596,"3",2921062,"1",
"980070",35596,"4",2921062,"1",
"980070",35596,"5",2921062,"1",
"900030",15659,"1",2921071,"1",
"900030",15659,"2",2921071,"1",
"900030",15659,"3",2921071,"1",
"900030",15659,"4",2921071,"1",
"900030",15659,"5",2921071,"1",
"900160",900,"1",2921071,"1",
"900160",900,"2",2921071,"1",
"900160",900,"3",2921071,"1",
"900160",900,"4",2921071,"1",
"900160",900,"5",2921071,"1",
"900170",14400,"1",2921071,"1",
"900170",14400,"2",2921071,"1",
"900170",14400,"3",2921071,"1",
"900170",14400,"4",2921071,"1",
"900170",14400,"5",2921071,"1",
"980000",30959,"1",2921071,"1",
"980000",30959,"2",2921071,"1",
"980000",30959,"3",2921071,"1",
"980000",30959,"4",2921071,"1",
"980000",30959,"5",2921071,"1",
"980070",30959,"1",2921071,"1",
"980070",30959,"2",2921071,"1",
"980070",30959,"3",2921071,"1",
"980070",30959,"4",2921071,"1",
"980070",30959,"5",2921071,"1",
"900030",15659,"1",2921072,"1",
"900030",15659,"2",2921072,"1",
"900030",15659,"3",2921072,"1",
"900030",15659,"4",2921072,"1",
"900030",15659,"5",2921072,"1",
"900160",900,"1",2921072,"1",
"900160",900,"2",2921072,"1",
"900160",900,"3",2921072,"1",
"900160",900,"4",2921072,"1",
"900160",900,"5",2921072,"1",
"900170",14400,"1",2921072,"1",
"900170",14400,"2",2921072,"1",
"900170",14400,"3",2921072,"1",
"900170",14400,"4",2921072,"1",
"900170",14400,"5",2921072,"1",
"980000",30959,"1",2921072,"1",
"980000",30959,"2",2921072,"1",
"980000",30959,"3",2921072,"1",
"980000",30959,"4",2921072,"1",
"980000",30959,"5",2921072,"1",
"980070",30959,"1",2921072,"1",
"980070",30959,"2",2921072,"1",
"980070",30959,"3",2921072,"1",
"980070",30959,"4",2921072,"1",
"980070",30959,"5",2921072,"1",
"900000",4200,"1",2921081,"1",
"900000",4200,"2",2921081,"1",
"900000",4200,"3",2921081,"1",
"900000",4200,"4",2921081,"1",
"900000",4200,"5",2921081,"1",
"980000",4200,"1",2921081,"1",
"980000",4200,"2",2921081,"1",
"980000",4200,"3",2921081,"1",
"980000",4200,"4",2921081,"1",
"980000",4200,"5",2921081,"1",
"980070",4200,"1",2921081,"1",
"980070",4200,"2",2921081,"1",
"980070",4200,"3",2921081,"1",
"980070",4200,"4",2921081,"1",
"980070",4200,"5",2921081,"1",
"900000",4200,"1",2921082,"1",
"900000",4200,"2",2921082,"1",
"900000",4200,"3",2921082,"1",
"900000",4200,"4",2921082,"1",
"900000",4200,"5",2921082,"1",
"980000",4200,"1",2921082,"1",
"980000",4200,"2",2921082,"1",
"980000",4200,"3",2921082,"1",
"980000",4200,"4",2921082,"1",
"980000",4200,"5",2921082,"1",
"980070",4200,"1",2921082,"1",
"980070",4200,"2",2921082,"1",
"980070",4200,"3",2921082,"1",
"980070",4200,"4",2921082,"1",
"980070",4200,"5",2921082,"1",
"900030",10428,"1",2921091,"1",
"900030",11592,"2",2921091,"1",
"900030",23292,"3",2921091,"1",
"900030",14064,"4",2921091,"1",
"900030",23544,"5",2921091,"1",
"900180",12,"1",2921091,"1",
"900180",60,"2",2921091,"1",
"900180",5,"3",2921091,"1",
"900180",1501,"4",2921091,"1",
"900180",20,"5",2921091,"1",
"980000",10440,"1",2921091,"1",
"980000",11652,"2",2921091,"1",
"980000",23297,"3",2921091,"1",
"980000",15565,"4",2921091,"1",
"980000",23564,"5",2921091,"1",
"980070",10440,"1",2921091,"1",
"980070",11652,"2",2921091,"1",
"980070",23297,"3",2921091,"1",
"980070",15565,"4",2921091,"1",
"980070",23564,"5",2921091,"1",
"900000",40000,"1",2921111,"1",
"900000",40000,"2",2921111,"1",
"900000",40000,"3",2921111,"1",
"900000",40000,"4",2921111,"1",
"900000",40000,"5",2921111,"1",
"980000",40000,"1",2921111,"1",
"980000",40000,"2",2921111,"1",
"980000",40000,"3",2921111,"1",
"980000",40000,"4",2921111,"1",
"980000",40000,"5",2921111,"1",
"980070",42500,"1",2921111,"1",
"980070",42500,"2",2921111,"1",
"980070",42500,"3",2921111,"1",
"980070",42500,"4",2921111,"1",
"980070",42500,"5",2921111,"1",
"900000",40000,"1",2921112,"1",
"900000",40000,"2",2921112,"1",
"900000",40000,"3",2921112,"1",
"900000",40000,"4",2921112,"1",
"900000",40000,"5",2921112,"1",
"980000",40000,"1",2921112,"1",
"980000",40000,"2",2921112,"1",
"980000",40000,"3",2921112,"1",
"980000",40000,"4",2921112,"1",
"980000",40000,"5",2921112,"1",
"980070",42500,"1",2921112,"1",
"980070",42500,"2",2921112,"1",
"980070",42500,"3",2921112,"1",
"980070",42500,"4",2921112,"1",
"980070",42500,"5",2921112,"1",
"800940",3602,"1",2921121,"1",
"800940",3940,"2",2921121,"1",
"800940",5619,"3",2921121,"1",
"800940",3340,"4",2921121,"1",
"800940",4215,"5",2921121,"1",
"900000",13475,"1",2921121,"1",
"900000",16337,"2",2921121,"1",
"900000",39638,"3",2921121,"1",
"900000",6197,"4",2921121,"1",
"900000",19997,"5",2921121,"1",
"900030",7182,"1",2921121,"1",
"900030",7182,"2",2921121,"1",
"900030",7182,"3",2921121,"1",
"900030",7182,"4",2921121,"1",
"900030",7182,"5",2921121,"1",
"900160",16808,"1",2921121,"1",
"900160",17580,"2",2921121,"1",
"900160",16905,"3",2921121,"1",
"900160",18729,"4",2921121,"1",
"900160",17553,"5",2921121,"1",
"980000",37465,"1",2921121,"1",
"980000",41099,"2",2921121,"1",
"980000",63725,"3",2921121,"1",
"980000",32108,"4",2921121,"1",
"980000",44732,"5",2921121,"1",
"980070",38835,"1",2921121,"1",
"980070",42469,"2",2921121,"1",
"980070",65095,"3",2921121,"1",
"980070",33478,"4",2921121,"1",
"980070",46102,"5",2921121,"1",
"800940",3936,"1",2921122,"1",
"800940",5868,"2",2921122,"1",
"800940",2544,"3",2921122,"1",
"800940",3509,"4",2921122,"1",
"800940",5197,"5",2921122,"1",
"900000",13080,"1",2921122,"1",
"900000",41224,"2",2921122,"1",
"900000",3050,"3",2921122,"1",
"900000",15322,"4",2921122,"1",
"900000",35706,"5",2921122,"1",
"900030",7182,"1",2921122,"1",
"900030",7182,"2",2921122,"1",
"900030",7182,"3",2921122,"1",
"900030",7182,"4",2921122,"1",
"900030",7182,"5",2921122,"1",
"900160",19184,"1",2921122,"1",
"900160",17742,"2",2921122,"1",
"900160",15103,"3",2921122,"1",
"900160",15271,"4",2921122,"1",
"900160",16113,"5",2921122,"1",
"980000",39446,"1",2921122,"1",
"980000",66148,"2",2921122,"1",
"980000",25335,"3",2921122,"1",
"980000",37775,"4",2921122,"1",
"980000",59001,"5",2921122,"1",
"980070",40816,"1",2921122,"1",
"980070",67518,"2",2921122,"1",
"980070",26705,"3",2921122,"1",
"980070",39145,"4",2921122,"1",
"980070",60371,"5",2921122,"1",
"900000",26000,"1",2921131,"1",
"900000",26000,"2",2921131,"1",
"900000",26000,"3",2921131,"1",
"900000",26000,"4",2921131,"1",
"900000",26000,"5",2921131,"1",
"900160",16601,"1",2921131,"1",
"900160",17449,"2",2921131,"1",
"900160",19829,"3",2921131,"1",
"900160",15779,"4",2921131,"1",
"900160",16060,"5",2921131,"1",
"980000",42601,"1",2921131,"1",
"980000",43449,"2",2921131,"1",
"980000",45829,"3",2921131,"1",
"980000",41779,"4",2921131,"1",
"980000",42060,"5",2921131,"1",
"980070",46751,"1",2921131,"1",
"980070",47599,"2",2921131,"1",
"980070",49979,"3",2921131,"1",
"980070",45929,"4",2921131,"1",
"980070",46210,"5",2921131,"1",
"900000",26000,"1",2921132,"1",
"900000",26000,"2",2921132,"1",
"900000",26000,"3",2921132,"1",
"900000",26000,"4",2921132,"1",
"900000",26000,"5",2921132,"1",
"900160",15726,"1",2921132,"1",
"900160",16341,"2",2921132,"1",
"900160",16381,"3",2921132,"1",
"900160",16476,"4",2921132,"1",
"900160",15592,"5",2921132,"1",
"980000",41726,"1",2921132,"1",
"980000",42341,"2",2921132,"1",
"980000",42381,"3",2921132,"1",
"980000",42476,"4",2921132,"1",
"980000",41592,"5",2921132,"1",
"980070",45876,"1",2921132,"1",
"980070",46491,"2",2921132,"1",
"980070",46531,"3",2921132,"1",
"980070",46626,"4",2921132,"1",
"980070",45742,"5",2921132,"1",
"900030",29986,"1",2921141,"1",
"900030",29686,"2",2921141,"1",
"900030",34522,"3",2921141,"1",
"900030",31090,"4",2921141,"1",
"900030",31294,"5",2921141,"1",
"900170",2400,"1",2921141,"1",
"900170",2400,"2",2921141,"1",
"900170",2400,"3",2921141,"1",
"900170",2400,"4",2921141,"1",
"900170",2400,"5",2921141,"1",
"980000",32386,"1",2921141,"1",
"980000",32086,"2",2921141,"1",
"980000",36922,"3",2921141,"1",
"980000",33490,"4",2921141,"1",
"980000",33694,"5",2921141,"1",
"980070",32386,"1",2921141,"1",
"980070",32086,"2",2921141,"1",
"980070",36922,"3",2921141,"1",
"980070",33490,"4",2921141,"1",
"980070",33694,"5",2921141,"1",
"900030",33682,"1",2921142,"1",
"900030",31630,"2",2921142,"1",
"900030",33286,"3",2921142,"1",
"900030",27346,"4",2921142,"1",
"900030",31030,"5",2921142,"1",
"900170",2400,"1",2921142,"1",
"900170",2400,"2",2921142,"1",
"900170",2400,"3",2921142,"1",
"900170",2400,"4",2921142,"1",
"900170",2400,"5",2921142,"1",
"980000",36082,"1",2921142,"1",
"980000",34030,"2",2921142,"1",
"980000",35686,"3",2921142,"1",
"980000",29746,"4",2921142,"1",
"980000",33430,"5",2921142,"1",
"980070",36082,"1",2921142,"1",
"980070",34030,"2",2921142,"1",
"980070",35686,"3",2921142,"1",
"980070",29746,"4",2921142,"1",
"980070",33430,"5",2921142,"1",
"900000",22000,"1",2921181,"1",
"900000",22000,"2",2921181,"1",
"900000",22000,"3",2921181,"1",
"900000",22000,"4",2921181,"1",
"900000",22000,"5",2921181,"1",
"980000",22000,"1",2921181,"1",
"980000",22000,"2",2921181,"1",
"980000",22000,"3",2921181,"1",
"980000",22000,"4",2921181,"1",
"980000",22000,"5",2921181,"1",
"980070",23740,"1",2921181,"1",
"980070",23740,"2",2921181,"1",
"980070",23740,"3",2921181,"1",
"980070",23740,"4",2921181,"1",
"980070",23740,"5",2921181,"1",
"900000",22000,"1",2921182,"1",
"900000",22000,"2",2921182,"1",
"900000",22000,"3",2921182,"1",
"900000",22000,"4",2921182,"1",
"900000",22000,"5",2921182,"1",
"980000",22000,"1",2921182,"1",
"980000",22000,"2",2921182,"1",
"980000",22000,"3",2921182,"1",
"980000",22000,"4",2921182,"1",
"980000",22000,"5",2921182,"1",
"980070",23740,"1",2921182,"1",
"980070",23740,"2",2921182,"1",
"980070",23740,"3",2921182,"1",
"980070",23740,"4",2921182,"1",
"980070",23740,"5",2921182,"1",
"900000",44165,"1",2921211,"1",
"900000",31716,"2",2921211,"1",
"900000",45131,"3",2921211,"1",
"900000",26591,"4",2921211,"1",
"900000",51892,"5",2921211,"1",
"980000",44165,"1",2921211,"1",
"980000",31716,"2",2921211,"1",
"980000",45131,"3",2921211,"1",
"980000",26591,"4",2921211,"1",
"980000",51892,"5",2921211,"1",
"980070",44165,"1",2921211,"1",
"980070",31716,"2",2921211,"1",
"980070",45131,"3",2921211,"1",
"980070",26591,"4",2921211,"1",
"980070",51892,"5",2921211,"1",
"900000",71756,"1",2921212,"1",
"900000",32974,"2",2921212,"1",
"900000",77389,"3",2921212,"1",
"900000",52476,"4",2921212,"1",
"900000",50052,"5",2921212,"1",
"980000",71756,"1",2921212,"1",
"980000",32974,"2",2921212,"1",
"980000",77389,"3",2921212,"1",
"980000",52476,"4",2921212,"1",
"980000",50052,"5",2921212,"1",
"980070",71756,"1",2921212,"1",
"980070",32974,"2",2921212,"1",
"980070",77389,"3",2921212,"1",
"980070",52476,"4",2921212,"1",
"980070",50052,"5",2921212,"1",
"900000",14530,"1",2921221,"1",
"900000",25318,"2",2921221,"1",
"900000",30622,"3",2921221,"1",
"900000",70510,"4",2921221,"1",
"900000",25281,"5",2921221,"1",
"980000",14530,"1",2921221,"1",
"980000",25318,"2",2921221,"1",
"980000",30622,"3",2921221,"1",
"980000",70510,"4",2921221,"1",
"980000",25281,"5",2921221,"1",
"980070",14530,"1",2921221,"1",
"980070",25318,"2",2921221,"1",
"980070",30622,"3",2921221,"1",
"980070",70510,"4",2921221,"1",
"980070",25281,"5",2921221,"1",
"900000",20849,"1",2921222,"1",
"900000",23976,"2",2921222,"1",
"900000",18874,"3",2921222,"1",
"900000",21698,"4",2921222,"1",
"900000",37432,"5",2921222,"1",
"980000",20849,"1",2921222,"1",
"980000",23976,"2",2921222,"1",
"980000",18874,"3",2921222,"1",
"980000",21698,"4",2921222,"1",
"980000",37432,"5",2921222,"1",
"980070",20849,"1",2921222,"1",
"980070",23976,"2",2921222,"1",
"980070",18874,"3",2921222,"1",
"980070",21698,"4",2921222,"1",
"980070",37432,"5",2921222,"1",
"900000",36000,"1",2921231,"1",
"900000",36000,"2",2921231,"1",
"900000",36000,"3",2921231,"1",
"900000",36000,"4",2921231,"1",
"900000",36000,"5",2921231,"1",
"900170",2300,"1",2921231,"1",
"900170",2300,"2",2921231,"1",
"900170",2300,"3",2921231,"1",
"900170",2300,"4",2921231,"1",
"900170",2300,"5",2921231,"1",
"980000",38300,"1",2921231,"1",
"980000",38300,"2",2921231,"1",
"980000",38300,"3",2921231,"1",
"980000",38300,"4",2921231,"1",
"980000",38300,"5",2921231,"1",
"980070",38300,"1",2921231,"1",
"980070",38300,"2",2921231,"1",
"980070",38300,"3",2921231,"1",
"980070",38300,"4",2921231,"1",
"980070",38300,"5",2921231,"1",
"900000",36000,"1",2921232,"1",
"900000",36000,"2",2921232,"1",
"900000",36000,"3",2921232,"1",
"900000",36000,"4",2921232,"1",
"900000",36000,"5",2921232,"1",
"900170",2300,"1",2921232,"1",
"900170",2300,"2",2921232,"1",
"900170",2300,"3",2921232,"1",
"900170",2300,"4",2921232,"1",
"900170",2300,"5",2921232,"1",
"980000",38300,"1",2921232,"1",
"980000",38300,"2",2921232,"1",
"980000",38300,"3",2921232,"1",
"980000",38300,"4",2921232,"1",
"980000",38300,"5",2921232,"1",
"980070",38300,"1",2921232,"1",
"980070",38300,"2",2921232,"1",
"980070",38300,"3",2921232,"1",
"980070",38300,"4",2921232,"1",
"980070",38300,"5",2921232,"1",
"900170",71786,"1",2921251,"1","T"
"900170",71786,"2",2921251,"1","T"
"900170",71786,"3",2921251,"1","T"
"900170",71786,"4",2921251,"1","T"
"900170",71786,"5",2921251,"1","T"
"980000",71786,"1",2921251,"1","T"
"980000",71786,"2",2921251,"1","T"
"980000",71786,"3",2921251,"1","T"
"980000",71786,"4",2921251,"1","T"
"980000",71786,"5",2921251,"1","T"
"980070",71786,"1",2921251,"1","T"
"980070",71786,"2",2921251,"1","T"
"980070",71786,"3",2921251,"1","T"
"980070",71786,"4",2921251,"1","T"
"980070",71786,"5",2921251,"1","T"
"900170",71786,"1",2921252,"1","T"
"900170",71786,"2",2921252,"1","T"
"900170",71786,"3",2921252,"1","T"
"900170",71786,"4",2921252,"1","T"
"900170",71786,"5",2921252,"1","T"
"980000",71786,"1",2921252,"1","T"
"980000",71786,"2",2921252,"1","T"
"980000",71786,"3",2921252,"1","T"
"980000",71786,"4",2921252,"1","T"
"980000",71786,"5",2921252,"1","T"
"980070",71786,"1",2921252,"1","T"
"980070",71786,"2",2921252,"1","T"
"980070",71786,"3",2921252,"1","T"
"980070",71786,"4",2921252,"1","T"
"980070",71786,"5",2921252,"1","T"
"900000",257701,"1",2921301,"1","T"
"900000",257701,"2",2921301,"1","T"
"900000",257701,"3",2921301,"1","T"
"900000",257701,"4",2921301,"1","T"
"900000",257701,"5",2921301,"1","T"
"900180",47,"1",2921301,"1",
"900180",106,"2",2921301,"1",
"900180",98,"3",2921301,"1",
"900180",89,"4",2921301,"1",
"900180",128,"5",2921301,"1",
"980000",257794,"1",2921301,"1","T"
"980000",257794,"2",2921301,"1","T"
"980000",257794,"3",2921301,"1","T"
"980000",257794,"4",2921301,"1","T"
"980000",257794,"5",2921301,"1","T"
"980070",257794,"1",2921301,"1","T"
"980070",257794,"2",2921301,"1","T"
"980070",257794,"3",2921301,"1","T"
"980070",257794,"4",2921301,"1","T"
"980070",257794,"5",2921301,"1","T"
"900000",255232,"1",2921302,"1","T"
"900000",255232,"2",2921302,"1","T"
"900000",255232,"3",2921302,"1","T"
"900000",255232,"4",2921302,"1","T"
"900000",255232,"5",2921302,"1","T"
"900180",144,"1",2921302,"1",
"900180",95,"2",2921302,"1",
"900180",112,"3",2921302,"1",
"900180",69,"4",2921302,"1",
"900180",154,"5",2921302,"1",
"980000",255347,"1",2921302,"1","T"
"980000",255347,"2",2921302,"1","T"
"980000",255347,"3",2921302,"1","T"
"980000",255347,"4",2921302,"1","T"
"980000",255347,"5",2921302,"1","T"
"980070",255347,"1",2921302,"1","T"
"980070",255347,"2",2921302,"1","T"
"980070",255347,"3",2921302,"1","T"
"980070",255347,"4",2921302,"1","T"
"980070",255347,"5",2921302,"1","T"
"900150",4524,"1",2921311,"1",
"900150",6096,"2",2921311,"1",
"900150",1740,"3",2921311,"1",
"900150",4284,"4",2921311,"1",
"900150",6216,"5",2921311,"1",
"980000",4524,"1",2921311,"1",
"980000",6096,"2",2921311,"1",
"980000",1740,"3",2921311,"1",
"980000",4284,"4",2921311,"1",
"980000",6216,"5",2921311,"1",
"980070",4524,"1",2921311,"1",
"980070",6096,"2",2921311,"1",
"980070",1740,"3",2921311,"1",
"980070",4284,"4",2921311,"1",
"980070",6216,"5",2921311,"1",
"900090",5922,"1",2921312,"1",
"900090",729,"2",2921312,"1",
"900090",1402,"3",2921312,"1",
"900090",4697,"4",2921312,"1",
"900090",189,"5",2921312,"1",
"900150",7188,"1",2921312,"1",
"900150",2484,"2",2921312,"1",
"900150",1908,"3",2921312,"1",
"900150",2448,"4",2921312,"1",
"900150",2448,"5",2921312,"1",
"980000",13110,"1",2921312,"1",
"980000",3213,"2",2921312,"1",
"980000",3310,"3",2921312,"1",
"980000",7145,"4",2921312,"1",
"980000",2637,"5",2921312,"1",
"980070",13110,"1",2921312,"1",
"980070",3213,"2",2921312,"1",
"980070",3310,"3",2921312,"1",
"980070",7145,"4",2921312,"1",
"980070",2637,"5",2921312,"1",
"900000",129500,"1",2921331,"1",
"900000",129500,"2",2921331,"1",
"900000",129500,"3",2921331,"1",
"900000",129500,"4",2921331,"1",
"900000",129500,"5",2921331,"1",
"900180",60,"1",2921331,"1",
"900180",60,"2",2921331,"1",
"900180",60,"3",2921331,"1",
"900180",60,"4",2921331,"1",
"900180",60,"5",2921331,"1",
"900210",4800,"1",2921331,"1",
"900210",4800,"2",2921331,"1",
"900210",4800,"3",2921331,"1",
"900210",4800,"4",2921331,"1",
"900210",4800,"5",2921331,"1",
"980000",134360,"1",2921331,"1",
"980000",134360,"2",2921331,"1",
"980000",134360,"3",2921331,"1",
"980000",134360,"4",2921331,"1",
"980000",134360,"5",2921331,"1",
"980070",138060,"1",2921331,"1",
"980070",138060,"2",2921331,"1",
"980070",138060,"3",2921331,"1",
"980070",138060,"4",2921331,"1",
"980070",138060,"5",2921331,"1",
"900000",129500,"1",2921332,"1",
"900000",129500,"2",2921332,"1",
"900000",129500,"3",2921332,"1",
"900000",129500,"4",2921332,"1",
"900000",129500,"5",2921332,"1",
"900180",60,"1",2921332,"1",
"900180",60,"2",2921332,"1",
"900180",60,"3",2921332,"1",
"900180",60,"4",2921332,"1",
"900180",60,"5",2921332,"1",
"900210",4800,"1",2921332,"1",
"900210",4800,"2",2921332,"1",
"900210",4800,"3",2921332,"1",
"900210",4800,"4",2921332,"1",
"900210",4800,"5",2921332,"1",
"980000",134360,"1",2921332,"1",
"980000",134360,"2",2921332,"1",
"980000",134360,"3",2921332,"1",
"980000",134360,"4",2921332,"1",
"980000",134360,"5",2921332,"1",
"980070",138060,"1",2921332,"1",
"980070",138060,"2",2921332,"1",
"980070",138060,"3",2921332,"1",
"980070",138060,"4",2921332,"1",
"980070",138060,"5",2921332,"1",
"900000",71805,"1",2921341,"1",
"900000",76828,"2",2921341,"1",
"900000",64526,"3",2921341,"1",
"900000",70646,"4",2921341,"1",
"900000",77235,"5",2921341,"1",
"900180",51,"1",2921341,"1",
"900180",6,"2",2921341,"1",
"900180",69,"3",2921341,"1",
"900180",231,"4",2921341,"1",
"900180",80,"5",2921341,"1",
"980000",71856,"1",2921341,"1",
"980000",76834,"2",2921341,"1",
"980000",64595,"3",2921341,"1",
"980000",70877,"4",2921341,"1",
"980000",77315,"5",2921341,"1",
"980070",72856,"1",2921341,"1",
"980070",77834,"2",2921341,"1",
"980070",65595,"3",2921341,"1",
"980070",71877,"4",2921341,"1",
"980070",78315,"5",2921341,"1",
"900000",70563,"1",2921342,"1",
"900000",63252,"2",2921342,"1",
"900000",68842,"3",2921342,"1",
"900000",68219,"4",2921342,"1",
"900000",68352,"5",2921342,"1",
"900180",81,"1",2921342,"1",
"900180",7,"2",2921342,"1",
"900180",56,"3",2921342,"1",
"900180",17,"4",2921342,"1",
"900180",47,"5",2921342,"1",
"980000",70644,"1",2921342,"1",
"980000",63259,"2",2921342,"1",
"980000",68898,"3",2921342,"1",
"980000",68236,"4",2921342,"1",
"980000",68399,"5",2921342,"1",
"980070",71644,"1",2921342,"1",
"980070",64259,"2",2921342,"1",
"980070",69898,"3",2921342,"1",
"980070",69236,"4",2921342,"1",
"980070",69399,"5",2921342,"1",
"900000",56330,"1",2921351,"1",
"900000",57723,"2",2921351,"1",
"900000",54526,"3",2921351,"1",
"900000",57851,"4",2921351,"1",
"900000",55856,"5",2921351,"1",
"980000",56330,"1",2921351,"1",
"980000",57723,"2",2921351,"1",
"980000",54526,"3",2921351,"1",
"980000",57851,"4",2921351,"1",
"980000",55856,"5",2921351,"1",
"980070",56330,"1",2921351,"1",
"980070",57723,"2",2921351,"1",
"980070",54526,"3",2921351,"1",
"980070",57851,"4",2921351,"1",
"980070",55856,"5",2921351,"1",
"900000",52574,"1",2921352,"1",
"900000",67078,"2",2921352,"1",
"900000",57895,"3",2921352,"1",
"900000",54646,"4",2921352,"1",
"900000",50643,"5",2921352,"1",
"980000",52574,"1",2921352,"1",
"980000",67078,"2",2921352,"1",
"980000",57895,"3",2921352,"1",
"980000",54646,"4",2921352,"1",
"980000",50643,"5",2921352,"1",
"980070",52574,"1",2921352,"1",
"980070",67078,"2",2921352,"1",
"980070",57895,"3",2921352,"1",
"980070",54646,"4",2921352,"1",
"980070",50643,"5",2921352,"1",
"900000",120000,"1",2921371,"1",
"900000",120000,"2",2921371,"1",
"900000",120000,"3",2921371,"1",
"900000",120000,"4",2921371,"1",
"900000",120000,"5",2921371,"1",
"900030",26459,"1",2921371,"1",
"900030",26459,"2",2921371,"1",
"900030",26459,"3",2921371,"1",
"900030",26459,"4",2921371,"1",
"900030",26459,"5",2921371,"1",
"900180",749,"1",2921371,"1",
"900180",138,"2",2921371,"1",
"900180",3,"3",2921371,"1",
"900180",33,"4",2921371,"1",
"900180",25,"5",2921371,"1",
"980000",147208,"1",2921371,"1",
"980000",146597,"2",2921371,"1",
"980000",146462,"3",2921371,"1",
"980000",146492,"4",2921371,"1",
"980000",146484,"5",2921371,"1",
"980070",152508,"1",2921371,"1",
"980070",151897,"2",2921371,"1",
"980070",151762,"3",2921371,"1",
"980070",151792,"4",2921371,"1",
"980070",151784,"5",2921371,"1",
"900000",120000,"1",2921372,"1",
"900000",120000,"2",2921372,"1",
"900000",120000,"3",2921372,"1",
"900000",120000,"4",2921372,"1",
"900000",120000,"5",2921372,"1",
"900030",26459,"1",2921372,"1",
"900030",26459,"2",2921372,"1",
"900030",26459,"3",2921372,"1",
"900030",26459,"4",2921372,"1",
"900030",26459,"5",2921372,"1",
"900180",64,"1",2921372,"1",
"900180",151,"2",2921372,"1",
"900180",105,"3",2921372,"1",
"900180",38,"4",2921372,"1",
"900180",598,"5",2921372,"1",
"980000",146523,"1",2921372,"1",
"980000",146610,"2",2921372,"1",
"980000",146564,"3",2921372,"1",
"980000",146497,"4",2921372,"1",
"980000",147057,"5",2921372,"1",
"980070",151823,"1",2921372,"1",
"980070",151910,"2",2921372,"1",
"980070",151864,"3",2921372,"1",
"980070",151797,"4",2921372,"1",
"980070",152357,"5",2921372,"1",
"900000",46050,"1",2921391,"1",
"900000",109862,"2",2921391,"1",
"900000",72113,"3",2921391,"1",
"900000",64160,"4",2921391,"1",
"900000",58985,"5",2921391,"1",
"980000",46050,"1",2921391,"1",
"980000",109862,"2",2921391,"1",
"980000",72113,"3",2921391,"1",
"980000",64160,"4",2921391,"1",
"980000",58985,"5",2921391,"1",
"980070",46050,"1",2921391,"1",
"980070",109862,"2",2921391,"1",
"980070",72113,"3",2921391,"1",
"980070",64160,"4",2921391,"1",
"980070",58985,"5",2921391,"1",
"900000",33666,"1",2921392,"1",
"900000",43020,"2",2921392,"1",
"900000",67614,"3",2921392,"1",
"900000",71700,"4",2921392,"1",
"900000",63206,"5",2921392,"1",
"980000",33666,"1",2921392,"1",
"980000",43020,"2",2921392,"1",
"980000",67614,"3",2921392,"1",
"980000",71700,"4",2921392,"1",
"980000",63206,"5",2921392,"1",
"980070",33666,"1",2921392,"1",
"980070",43020,"2",2921392,"1",
"980070",67614,"3",2921392,"1",
"980070",71700,"4",2921392,"1",
"980070",63206,"5",2921392,"1",
"900000",280487,"1",2921421,"1","T"
"900000",280487,"2",2921421,"1","T"
"900000",280487,"3",2921421,"1","T"
"900000",280487,"4",2921421,"1","T"
"900000",280487,"5",2921421,"1","T"
"900180",306,"1",2921421,"1",
"900180",92,"2",2921421,"1",
"900180",29,"3",2921421,"1",
"900180",27,"4",2921421,"1",
"900180",131,"5",2921421,"1",
"980000",280604,"1",2921421,"1","T"
"980000",280604,"2",2921421,"1","T"
"980000",280604,"3",2921421,"1","T"
"980000",280604,"4",2921421,"1","T"
"980000",280604,"5",2921421,"1","T"
"980070",285604,"1",2921421,"1","T"
"980070",285604,"2",2921421,"1","T"
"980070",285604,"3",2921421,"1","T"
"980070",285604,"4",2921421,"1","T"
"980070",285604,"5",2921421,"1","T"
"900000",280487,"1",2921422,"1","T"
"900000",280487,"2",2921422,"1","T"
"900000",280487,"3",2921422,"1","T"
"900000",280487,"4",2921422,"1","T"
"900000",280487,"5",2921422,"1","T"
"900180",63,"1",2921422,"1",
"900180",214,"2",2921422,"1",
"900180",83,"3",2921422,"1",
"900180",548,"4",2921422,"1",
"900180",53,"5",2921422,"1",
"980000",280679,"1",2921422,"1","T"
"980000",280679,"2",2921422,"1","T"
"980000",280679,"3",2921422,"1","T"
"980000",280679,"4",2921422,"1","T"
"980000",280679,"5",2921422,"1","T"
"980070",285679,"1",2921422,"1","T"
"980070",285679,"2",2921422,"1","T"
"980070",285679,"3",2921422,"1","T"
"980070",285679,"4",2921422,"1","T"
"980070",285679,"5",2921422,"1","T"
"900000",40667,"1",2921461,"1",
"900000",71767,"2",2921461,"1",
"900000",51013,"3",2921461,"1",
"900000",70635,"4",2921461,"1",
"900000",25287,"5",2921461,"1",
"980000",40667,"1",2921461,"1",
"980000",71767,"2",2921461,"1",
"980000",51013,"3",2921461,"1",
"980000",70635,"4",2921461,"1",
"980000",25287,"5",2921461,"1",
"980070",40667,"1",2921461,"1",
"980070",71767,"2",2921461,"1",
"980070",51013,"3",2921461,"1",
"980070",70635,"4",2921461,"1",
"980070",25287,"5",2921461,"1",
"900000",38050,"1",2921462,"1",
"900000",41116,"2",2921462,"1",
"900000",5922,"3",2921462,"1",
"900000",34789,"4",2921462,"1",
"900000",31487,"5",2921462,"1",
"980000",38050,"1",2921462,"1",
"980000",41116,"2",2921462,"1",
"980000",5922,"3",2921462,"1",
"980000",34789,"4",2921462,"1",
"980000",31487,"5",2921462,"1",
"980070",38050,"1",2921462,"1",
"980070",41116,"2",2921462,"1",
"980070",5922,"3",2921462,"1",
"980070",34789,"4",2921462,"1",
"980070",31487,"5",2921462,"1",
"900000",42963,"1",2921481,"1",
"900000",43903,"2",2921481,"1",
"900000",42410,"3",2921481,"1",
"900000",44478,"4",2921481,"1",
"900000",46266,"5",2921481,"1",
"980000",42963,"1",2921481,"1",
"980000",43903,"2",2921481,"1",
"980000",42410,"3",2921481,"1",
"980000",44478,"4",2921481,"1",
"980000",46266,"5",2921481,"1",
"980070",47963,"1",2921481,"1",
"980070",48903,"2",2921481,"1",
"980070",47410,"3",2921481,"1",
"980070",49478,"4",2921481,"1",
"980070",51266,"5",2921481,"1",
"900000",42674,"1",2921482,"1",
"900000",42987,"2",2921482,"1",
"900000",45751,"3",2921482,"1",
"900000",44489,"4",2921482,"1",
"900000",42286,"5",2921482,"1",
"980000",42674,"1",2921482,"1",
"980000",42987,"2",2921482,"1",
"980000",45751,"3",2921482,"1",
"980000",44489,"4",2921482,"1",
"980000",42286,"5",2921482,"1",
"980070",47674,"1",2921482,"1",
"980070",47987,"2",2921482,"1",
"980070",50751,"3",2921482,"1",
"980070",49489,"4",2921482,"1",
"980070",47286,"5",2921482,"1",
"900000",34130,"1",2921491,"1",
"900000",37007,"2",2921491,"1",
"900000",38390,"3",2921491,"1",
"900000",31700,"4",2921491,"1",
"900000",37314,"5",2921491,"1",
"980000",34130,"1",2921491,"1",
"980000",37007,"2",2921491,"1",
"980000",38390,"3",2921491,"1",
"980000",31700,"4",2921491,"1",
"980000",37314,"5",2921491,"1",
"980070",34130,"1",2921491,"1",
"980070",37007,"2",2921491,"1",
"980070",38390,"3",2921491,"1",
"980070",31700,"4",2921491,"1",
"980070",37314,"5",2921491,"1",
"900000",38323,"1",2921492,"1",
"900000",39574,"2",2921492,"1",
"900000",35270,"3",2921492,"1",
"900000",35124,"4",2921492,"1",
"900000",34240,"5",2921492,"1",
"980000",38323,"1",2921492,"1",
"980000",39574,"2",2921492,"1",
"980000",35270,"3",2921492,"1",
"980000",35124,"4",2921492,"1",
"980000",34240,"5",2921492,"1",
"980070",38323,"1",2921492,"1",
"980070",39574,"2",2921492,"1",
"980070",35270,"3",2921492,"1",
"980070",35124,"4",2921492,"1",
"980070",34240,"5",2921492,"1",
"900000",134000,"1",2921511,"1",
"900000",134000,"2",2921511,"1",
"900000",134000,"3",2921511,"1",
"900000",134000,"4",2921511,"1",
"900000",134000,"5",2921511,"1",
"980000",134000,"1",2921511,"1",
"980000",134000,"2",2921511,"1",
"980000",134000,"3",2921511,"1",
"980000",134000,"4",2921511,"1",
"980000",134000,"5",2921511,"1",
"980070",137000,"1",2921511,"1",
"980070",137000,"2",2921511,"1",
"980070",137000,"3",2921511,"1",
"980070",137000,"4",2921511,"1",
"980070",137000,"5",2921511,"1",
"900000",134000,"1",2921512,"1",
"900000",134000,"2",2921512,"1",
"900000",134000,"3",2921512,"1",
"900000",134000,"4",2921512,"1",
"900000",134000,"5",2921512,"1",
"980000",134000,"1",2921512,"1",
"980000",134000,"2",2921512,"1",
"980000",134000,"3",2921512,"1",
"980000",134000,"4",2921512,"1",
"980000",134000,"5",2921512,"1",
"980070",137000,"1",2921512,"1",
"980070",137000,"2",2921512,"1",
"980070",137000,"3",2921512,"1",
"980070",137000,"4",2921512,"1",
"980070",137000,"5",2921512,"1",
"800940",10967,"1",2921541,"1","T"
"800940",10967,"2",2921541,"1","T"
"800940",10967,"3",2921541,"1","T"
"800940",10967,"4",2921541,"1","T"
"800940",10967,"5",2921541,"1","T"
"900000",140000,"1",2921541,"1",
"900000",140000,"2",2921541,"1",
"900000",140000,"3",2921541,"1",
"900000",140000,"4",2921541,"1",
"900000",140000,"5",2921541,"1",
"900160",4064,"1",2921541,"1",
"900160",20532,"2",2921541,"1",
"900160",41980,"3",2921541,"1",
"900160",130171,"4",2921541,"1",
"900160",38546,"5",2921541,"1",
"900180",80,"1",2921541,"1",
"900180",80,"2",2921541,"1",
"900180",80,"3",2921541,"1",
"900180",80,"4",2921541,"1",
"900180",80,"5",2921541,"1",
"980000",144144,"1",2921541,"1",
"980000",160612,"2",2921541,"1",
"980000",182060,"3",2921541,"1",
"980000",270251,"4",2921541,"1",
"980000",178626,"5",2921541,"1",
"980070",144144,"1",2921541,"1",
"980070",160612,"2",2921541,"1",
"980070",182060,"3",2921541,"1",
"980070",270251,"4",2921541,"1",
"980070",178626,"5",2921541,"1",
"800940",10967,"1",2921542,"1","T"
"800940",10967,"2",2921542,"1","T"
"800940",10967,"3",2921542,"1","T"
"800940",10967,"4",2921542,"1","T"
"800940",10967,"5",2921542,"1","T"
"900000",140000,"1",2921542,"1",
"900000",140000,"2",2921542,"1",
"900000",140000,"3",2921542,"1",
"900000",140000,"4",2921542,"1",
"900000",140000,"5",2921542,"1",
"900160",14505,"1",2921542,"1",
"900160",11523,"2",2921542,"1",
"900160",59890,"3",2921542,"1",
"900160",72034,"4",2921542,"1",
"900160",10903,"5",2921542,"1",
"900180",80,"1",2921542,"1",
"900180",80,"2",2921542,"1",
"900180",80,"3",2921542,"1",
"900180",80,"4",2921542,"1",
"900180",80,"5",2921542,"1",
"980000",154585,"1",2921542,"1",
"980000",151603,"2",2921542,"1",
"980000",199970,"3",2921542,"1",
"980000",212114,"4",2921542,"1",
"980000",150983,"5",2921542,"1",
"980070",154585,"1",2921542,"1",
"980070",151603,"2",2921542,"1",
"980070",199970,"3",2921542,"1",
"980070",212114,"4",2921542,"1",
"980070",150983,"5",2921542,"1",
"900000",66063,"1",2921551,"1",
"900000",13111,"2",2921551,"1",
"900000",25127,"3",2921551,"1",
"900000",5181,"4",2921551,"1",
"900000",14095,"5",2921551,"1",
"980000",66063,"1",2921551,"1",
"980000",13111,"2",2921551,"1",
"980000",25127,"3",2921551,"1",
"980000",5181,"4",2921551,"1",
"980000",14095,"5",2921551,"1",
"980070",66063,"1",2921551,"1",
"980070",13111,"2",2921551,"1",
"980070",25127,"3",2921551,"1",
"980070",5181,"4",2921551,"1",
"980070",14095,"5",2921551,"1",
"900000",18329,"1",2921552,"1",
"900000",54537,"2",2921552,"1",
"900000",12893,"3",2921552,"1",
"900000",18737,"4",2921552,"1",
"900000",23068,"5",2921552,"1",
"980000",18329,"1",2921552,"1",
"980000",54537,"2",2921552,"1",
"980000",12893,"3",2921552,"1",
"980000",18737,"4",2921552,"1",
"980000",23068,"5",2921552,"1",
"980070",18329,"1",2921552,"1",
"980070",54537,"2",2921552,"1",
"980070",12893,"3",2921552,"1",
"980070",18737,"4",2921552,"1",
"980070",23068,"5",2921552,"1",
"900000",60000,"1",2921561,"1",
"900000",60000,"2",2921561,"1",
"900000",60000,"3",2921561,"1",
"900000",60000,"4",2921561,"1",
"900000",60000,"5",2921561,"1",
"980000",60000,"1",2921561,"1",
"980000",60000,"2",2921561,"1",
"980000",60000,"3",2921561,"1",
"980000",60000,"4",2921561,"1",
"980000",60000,"5",2921561,"1",
"980070",60000,"1",2921561,"1",
"980070",60000,"2",2921561,"1",
"980070",60000,"3",2921561,"1",
"980070",60000,"4",2921561,"1",
"980070",60000,"5",2921561,"1",
"900000",60000,"1",2921562,"1",
"900000",60000,"2",2921562,"1",
"900000",60000,"3",2921562,"1",
"900000",60000,"4",2921562,"1",
"900000",60000,"5",2921562,"1",
"980000",60000,"1",2921562,"1",
"980000",60000,"2",2921562,"1",
"980000",60000,"3",2921562,"1",
"980000",60000,"4",2921562,"1",
"980000",60000,"5",2921562,"1",
"980070",60000,"1",2921562,"1",
"980070",60000,"2",2921562,"1",
"980070",60000,"3",2921562,"1",
"980070",60000,"4",2921562,"1",
"980070",60000,"5",2921562,"1",
"900000",23988,"1",2921571,"1",
"900000",23670,"2",2921571,"1",
"900000",23190,"3",2921571,"1",
"900000",20544,"4",2921571,"1",
"900000",25444,"5",2921571,"1",
"900160",-3374,"1",2921571,"1",
"900160",88009,"2",2921571,"1",
"900160",21985,"3",2921571,"1",
"900160",12950,"4",2921571,"1",
"900160",20696,"5",2921571,"1",
"980000",20614,"1",2921571,"1",
"980000",111679,"2",2921571,"1",
"980000",45175,"3",2921571,"1",
"980000",33494,"4",2921571,"1",
"980000",46140,"5",2921571,"1",
"980070",20614,"1",2921571,"1",
"980070",111679,"2",2921571,"1",
"980070",45175,"3",2921571,"1",
"980070",33494,"4",2921571,"1",
"980070",46140,"5",2921571,"1",
"900000",29265,"1",2921572,"1",
"900000",20252,"2",2921572,"1",
"900000",28949,"3",2921572,"1",
"900000",25167,"4",2921572,"1",
"900000",24500,"5",2921572,"1",
"900160",12390,"1",2921572,"1",
"900160",20358,"2",2921572,"1",
"900160",52881,"3",2921572,"1",
"900160",14219,"4",2921572,"1",
"900160",10564,"5",2921572,"1",
"980000",41655,"1",2921572,"1",
"980000",40610,"2",2921572,"1",
"980000",81830,"3",2921572,"1",
"980000",39386,"4",2921572,"1",
"980000",35064,"5",2921572,"1",
"980070",41655,"1",2921572,"1",
"980070",40610,"2",2921572,"1",
"980070",81830,"3",2921572,"1",
"980070",39386,"4",2921572,"1",
"980070",35064,"5",2921572,"1",
"900000",28000,"1",2921611,"1",
"900000",28000,"2",2921611,"1",
"900000",28000,"3",2921611,"1",
"900000",28000,"4",2921611,"1",
"900000",28000,"5",2921611,"1",
"900150",2584,"1",2921611,"1",
"900150",2584,"2",2921611,"1",
"900150",2584,"3",2921611,"1",
"900150",2584,"4",2921611,"1",
"900150",2584,"5",2921611,"1",
"980000",30584,"1",2921611,"1",
"980000",30584,"2",2921611,"1",
"980000",30584,"3",2921611,"1",
"980000",30584,"4",2921611,"1",
"980000",30584,"5",2921611,"1",
"980070",34084,"1",2921611,"1",
"980070",34084,"2",2921611,"1",
"980070",34084,"3",2921611,"1",
"980070",34084,"4",2921611,"1",
"980070",34084,"5",2921611,"1",
"900000",28000,"1",2921612,"1",
"900000",28000,"2",2921612,"1",
"900000",28000,"3",2921612,"1",
"900000",28000,"4",2921612,"1",
"900000",28000,"5",2921612,"1",
"900150",2584,"1",2921612,"1",
"900150",2584,"2",2921612,"1",
"900150",2584,"3",2921612,"1",
"900150",2584,"4",2921612,"1",
"900150",2584,"5",2921612,"1",
"980000",30584,"1",2921612,"1",
"980000",30584,"2",2921612,"1",
"980000",30584,"3",2921612,"1",
"980000",30584,"4",2921612,"1",
"980000",30584,"5",2921612,"1",
"980070",34084,"1",2921612,"1",
"980070",34084,"2",2921612,"1",
"980070",34084,"3",2921612,"1",
"980070",34084,"4",2921612,"1",
"980070",34084,"5",2921612,"1",
"900030",13439,"1",2921621,"1",
"900030",16283,"2",2921621,"1",
"900030",16811,"3",2921621,"1",
"900030",15863,"4",2921621,"1",
"900030",13727,"5",2921621,"1",
"900180",2071,"1",2921621,"1",
"900180",2200,"2",2921621,"1",
"900180",2246,"3",2921621,"1",
"900180",2234,"4",2921621,"1",
"900180",2515,"5",2921621,"1",
"980000",15510,"1",2921621,"1",
"980000",18483,"2",2921621,"1",
"980000",19057,"3",2921621,"1",
"980000",18097,"4",2921621,"1",
"980000",16242,"5",2921621,"1",
"980070",15510,"1",2921621,"1",
"980070",18483,"2",2921621,"1",
"980070",19057,"3",2921621,"1",
"980070",18097,"4",2921621,"1",
"980070",16242,"5",2921621,"1",
"900030",13499,"1",2921622,"1",
"900030",15431,"2",2921622,"1",
"900030",16559,"3",2921622,"1",
"900030",14987,"4",2921622,"1",
"900030",15239,"5",2921622,"1",
"900180",2189,"1",2921622,"1",
"900180",2518,"2",2921622,"1",
"900180",2914,"3",2921622,"1",
"900180",2262,"4",2921622,"1",
"900180",2067,"5",2921622,"1",
"980000",15688,"1",2921622,"1",
"980000",17949,"2",2921622,"1",
"980000",19473,"3",2921622,"1",
"980000",17249,"4",2921622,"1",
"980000",17306,"5",2921622,"1",
"980070",15688,"1",2921622,"1",
"980070",17949,"2",2921622,"1",
"980070",19473,"3",2921622,"1",
"980070",17249,"4",2921622,"1",
"980070",17306,"5",2921622,"1",
"900000",160,"1",2921641,"1",
"900000",899,"2",2921641,"1",
"900000",2586,"3",2921641,"1",
"900000",931,"4",2921641,"1",
"900000",1325,"5",2921641,"1",
"900030",17916,"1",2921641,"1",
"900030",10452,"2",2921641,"1",
"900030",15180,"3",2921641,"1",
"900030",23160,"4",2921641,"1",
"900030",11832,"5",2921641,"1",
"900160",70000,"1",2921641,"1",
"900160",70000,"2",2921641,"1",
"900160",70000,"3",2921641,"1",
"900160",70000,"4",2921641,"1",
"900160",70000,"5",2921641,"1",
"900180",2493,"1",2921641,"1",
"900180",2961,"2",2921641,"1",
"900180",2846,"3",2921641,"1",
"900180",2005,"4",2921641,"1",
"900180",2832,"5",2921641,"1",
"900190",25941,"1",2921641,"1",
"900190",10482,"2",2921641,"1",
"900190",30956,"3",2921641,"1",
"900190",3271,"4",2921641,"1",
"900190",17715,"5",2921641,"1",
"980000",116510,"1",2921641,"1",
"980000",94794,"2",2921641,"1",
"980000",121568,"3",2921641,"1",
"980000",99367,"4",2921641,"1",
"980000",103704,"5",2921641,"1",
"980070",116510,"1",2921641,"1",
"980070",94794,"2",2921641,"1",
"980070",121568,"3",2921641,"1",
"980070",99367,"4",2921641,"1",
"980070",103704,"5",2921641,"1",
"900000",205,"1",2921642,"1",
"900000",1327,"2",2921642,"1",
"900000",3242,"3",2921642,"1",
"900000",895,"4",2921642,"1",
"900000",1027,"5",2921642,"1",
"900030",13416,"1",2921642,"1",
"900030",9936,"2",2921642,"1",
"900030",19608,"3",2921642,"1",
"900030",17340,"4",2921642,"1",
"900030",12912,"5",2921642,"1",
"900160",70000,"1",2921642,"1",
"900160",70000,"2",2921642,"1",
"900160",70000,"3",2921642,"1",
"900160",70000,"4",2921642,"1",
"900160",70000,"5",2921642,"1",
"900180",2627,"1",2921642,"1",
"900180",2819,"2",2921642,"1",
"900180",2285,"3",2921642,"1",
"900180",2439,"4",2921642,"1",
"900180",2859,"5",2921642,"1",
"900190",9935,"1",2921642,"1",
"900190",4212,"2",2921642,"1",
"900190",-1003,"3",2921642,"1",
"900190",948,"4",2921642,"1",
"900190",7913,"5",2921642,"1",
"980000",96183,"1",2921642,"1",
"980000",88294,"2",2921642,"1",
"980000",94132,"3",2921642,"1",
"980000",91622,"4",2921642,"1",
"980000",94711,"5",2921642,"1",
"980070",96183,"1",2921642,"1",
"980070",88294,"2",2921642,"1",
"980070",94132,"3",2921642,"1",
"980070",91622,"4",2921642,"1",
"980070",94711,"5",2921642,"1",
"800940",21935,"1",2921651,"1","T"
"800940",21935,"2",2921651,"1","T"
"800940",21935,"3",2921651,"1","T"
"800940",21935,"4",2921651,"1","T"
"800940",21935,"5",2921651,"1","T"
"900000",95109,"1",2921651,"1",
"900000",111389,"2",2921651,"1",
"900000",112923,"3",2921651,"1",
"900000",133753,"4",2921651,"1",
"900000",161543,"5",2921651,"1",
"900160",16157,"1",2921651,"1",
"900160",13523,"2",2921651,"1",
"900160",34288,"3",2921651,"1",
"900160",25215,"4",2921651,"1",
"900160",37091,"5",2921651,"1",
"980000",111266,"1",2921651,"1",
"980000",124912,"2",2921651,"1",
"980000",147211,"3",2921651,"1",
"980000",158968,"4",2921651,"1",
"980000",198634,"5",2921651,"1",
"980070",111266,"1",2921651,"1",
"980070",124912,"2",2921651,"1",
"980070",147211,"3",2921651,"1",
"980070",158968,"4",2921651,"1",
"980070",198634,"5",2921651,"1",
"800940",17142,"1",2921652,"1","T"
"800940",17142,"2",2921652,"1","T"
"800940",17142,"3",2921652,"1","T"
"800940",17142,"4",2921652,"1","T"
"800940",17142,"5",2921652,"1","T"
"900000",279270,"1",2921652,"1","T"
"900000",279270,"2",2921652,"1","T"
"900000",279270,"3",2921652,"1","T"
"900000",279270,"4",2921652,"1","T"
"900000",279270,"5",2921652,"1","T"
"900160",13395,"1",2921652,"1",
"900160",55423,"2",2921652,"1",
"900160",21106,"3",2921652,"1",
"900160",8924,"4",2921652,"1",
"900160",42123,"5",2921652,"1",
"980000",307464,"1",2921652,"1","T"
"980000",307464,"2",2921652,"1","T"
"980000",307464,"3",2921652,"1","T"
"980000",307464,"4",2921652,"1","T"
"980000",307464,"5",2921652,"1","T"
"980070",307464,"1",2921652,"1","T"
"980070",307464,"2",2921652,"1","T"
"980070",307464,"3",2921652,"1","T"
"980070",307464,"4",2921652,"1","T"
"980070",307464,"5",2921652,"1","T"
"900000",2000,"1",2921671,"1",
"900000",2000,"2",2921671,"1",
"900000",2000,"3",2921671,"1",
"900000",2000,"4",2921671,"1",
"900000",2000,"5",2921671,"1",
"900030",26518,"1",2921671,"1",
"900030",26518,"2",2921671,"1",
"900030",26518,"3",2921671,"1",
"900030",26518,"4",2921671,"1",
"900030",26518,"5",2921671,"1",
"900190",7375,"1",2921671,"1",
"900190",7342,"2",2921671,"1",
"900190",6972,"3",2921671,"1",
"900190",5594,"4",2921671,"1",
"900190",8431,"5",2921671,"1",
"980000",35893,"1",2921671,"1",
"980000",35860,"2",2921671,"1",
"980000",35490,"3",2921671,"1",
"980000",34112,"4",2921671,"1",
"980000",36949,"5",2921671,"1",
"980070",34993,"1",2921671,"1",
"980070",34960,"2",2921671,"1",
"980070",34590,"3",2921671,"1",
"980070",33212,"4",2921671,"1",
"980070",36049,"5",2921671,"1",
"900000",2000,"1",2921672,"1",
"900000",2000,"2",2921672,"1",
"900000",2000,"3",2921672,"1",
"900000",2000,"4",2921672,"1",
"900000",2000,"5",2921672,"1",
"900030",26518,"1",2921672,"1",
"900030",26518,"2",2921672,"1",
"900030",26518,"3",2921672,"1",
"900030",26518,"4",2921672,"1",
"900030",26518,"5",2921672,"1",
"900190",5805,"1",2921672,"1",
"900190",7949,"2",2921672,"1",
"900190",8032,"3",2921672,"1",
"900190",6173,"4",2921672,"1",
"900190",6294,"5",2921672,"1",
"980000",34323,"1",2921672,"1",
"980000",36467,"2",2921672,"1",
"980000",36550,"3",2921672,"1",
"980000",34691,"4",2921672,"1",
"980000",34812,"5",2921672,"1",
"980070",33423,"1",2921672,"1",
"980070",35567,"2",2921672,"1",
"980070",35650,"3",2921672,"1",
"980070",33791,"4",2921672,"1",
"980070",33912,"5",2921672,"1",
"900000",57287,"1",2921681,"1",
"900000",53524,"2",2921681,"1",
"900000",59386,"3",2921681,"1",
"900000",52435,"4",2921681,"1",
"900000",57100,"5",2921681,"1",
"980000",57287,"1",2921681,"1",
"980000",53524,"2",2921681,"1",
"980000",59386,"3",2921681,"1",
"980000",52435,"4",2921681,"1",
"980000",57100,"5",2921681,"1",
"980070",57287,"1",2921681,"1",
"980070",53524,"2",2921681,"1",
"980070",59386,"3",2921681,"1",
"980070",52435,"4",2921681,"1",
"980070",57100,"5",2921681,"1",
"900000",58103,"1",2921682,"1",
"900000",58374,"2",2921682,"1",
"900000",60706,"3",2921682,"1",
"900000",66862,"4",2921682,"1",
"900000",55589,"5",2921682,"1",
"980000",58103,"1",2921682,"1",
"980000",58374,"2",2921682,"1",
"980000",60706,"3",2921682,"1",
"980000",66862,"4",2921682,"1",
"980000",55589,"5",2921682,"1",
"980070",58103,"1",2921682,"1",
"980070",58374,"2",2921682,"1",
"980070",60706,"3",2921682,"1",
"980070",66862,"4",2921682,"1",
"980070",55589,"5",2921682,"1",
"900030",11771,"1",2921702,"1",
"900030",11771,"2",2921702,"1",
"900030",11771,"3",2921702,"1",
"900030",11771,"4",2921702,"1",
"900030",11771,"5",2921702,"1",
"980000",11771,"1",2921702,"1",
"980000",11771,"2",2921702,"1",
"980000",11771,"3",2921702,"1",
"980000",11771,"4",2921702,"1",
"980000",11771,"5",2921702,"1",
"980070",11771,"1",2921702,"1",
"980070",11771,"2",2921702,"1",
"980070",11771,"3",2921702,"1",
"980070",11771,"4",2921702,"1",
"980070",11771,"5",2921702,"1",
"900180",38657,"1",2921711,"1","T"
"900180",38657,"2",2921711,"1","T"
"900180",38657,"3",2921711,"1","T"
"900180",38657,"4",2921711,"1","T"
"900180",38657,"5",2921711,"1","T"
"900190",12000,"1",2921711,"1",
"900190",12000,"2",2921711,"1",
"900190",12000,"3",2921711,"1",
"900190",12000,"4",2921711,"1",
"900190",12000,"5",2921711,"1",
"980000",50657,"1",2921711,"1","T"
"980000",50657,"2",2921711,"1","T"
"980000",50657,"3",2921711,"1","T"
"980000",50657,"4",2921711,"1","T"
"980000",50657,"5",2921711,"1","T"
"980070",50657,"1",2921711,"1","T"
"980070",50657,"2",2921711,"1","T"
"980070",50657,"3",2921711,"1","T"
"980070",50657,"4",2921711,"1","T"
"980070",50657,"5",2921711,"1","T"
"900180",38657,"1",2921712,"1","T"
"900180",38657,"2",2921712,"1","T"
"900180",38657,"3",2921712,"1","T"
"900180",38657,"4",2921712,"1","T"
"900180",38657,"5",2921712,"1","T"
"900190",12000,"1",2921712,"1",
"900190",12000,"2",2921712,"1",
"900190",12000,"3",2921712,"1",
"900190",12000,"4",2921712,"1",
"900190",12000,"5",2921712,"1",
"980000",50657,"1",2921712,"1","T"
"980000",50657,"2",2921712,"1","T"
"980000",50657,"3",2921712,"1","T"
"980000",50657,"4",2921712,"1","T"
"980000",50657,"5",2921712,"1","T"
"980070",50657,"1",2921712,"1","T"
"980070",50657,"2",2921712,"1","T"
"980070",50657,"3",2921712,"1","T"
"980070",50657,"4",2921712,"1","T"
"980070",50657,"5",2921712,"1","T"
"900150",4800,"1",2921771,"1",
"900150",4800,"2",2921771,"1",
"900150",4800,"3",2921771,"1",
"900150",4800,"4",2921771,"1",
"900150",4800,"5",2921771,"1",
"900160",56000,"1",2921771,"1",
"900160",56000,"2",2921771,"1",
"900160",56000,"3",2921771,"1",
"900160",56000,"4",2921771,"1",
"900160",56000,"5",2921771,"1",
"980000",60800,"1",2921771,"1",
"980000",60800,"2",2921771,"1",
"980000",60800,"3",2921771,"1",
"980000",60800,"4",2921771,"1",
"980000",60800,"5",2921771,"1",
"980070",67800,"1",2921771,"1",
"980070",67800,"2",2921771,"1",
"980070",67800,"3",2921771,"1",
"980070",67800,"4",2921771,"1",
"980070",67800,"5",2921771,"1",
"900150",4800,"1",2921772,"1",
"900150",4800,"2",2921772,"1",
"900150",4800,"3",2921772,"1",
"900150",4800,"4",2921772,"1",
"900150",4800,"5",2921772,"1",
"900160",56000,"1",2921772,"1",
"900160",56000,"2",2921772,"1",
"900160",56000,"3",2921772,"1",
"900160",56000,"4",2921772,"1",
"900160",56000,"5",2921772,"1",
"980000",60800,"1",2921772,"1",
"980000",60800,"2",2921772,"1",
"980000",60800,"3",2921772,"1",
"980000",60800,"4",2921772,"1",
"980000",60800,"5",2921772,"1",
"980070",67800,"1",2921772,"1",
"980070",67800,"2",2921772,"1",
"980070",67800,"3",2921772,"1",
"980070",67800,"4",2921772,"1",
"980070",67800,"5",2921772,"1",
"900000",205487,"1",2921781,"1","T"
"900000",205487,"2",2921781,"1","T"
"900000",205487,"3",2921781,"1","T"
"900000",205487,"4",2921781,"1","T"
"900000",205487,"5",2921781,"1","T"
"980000",205487,"1",2921781,"1","T"
"980000",205487,"2",2921781,"1","T"
"980000",205487,"3",2921781,"1","T"
"980000",205487,"4",2921781,"1","T"
"980000",205487,"5",2921781,"1","T"
"980070",205487,"1",2921781,"1","T"
"980070",205487,"2",2921781,"1","T"
"980070",205487,"3",2921781,"1","T"
"980070",205487,"4",2921781,"1","T"
"980070",205487,"5",2921781,"1","T"
"900000",205487,"1",2921782,"1","T"
"900000",205487,"2",2921782,"1","T"
"900000",205487,"3",2921782,"1","T"
"900000",205487,"4",2921782,"1","T"
"900000",205487,"5",2921782,"1","T"
"980000",205487,"1",2921782,"1","T"
"980000",205487,"2",2921782,"1","T"
"980000",205487,"3",2921782,"1","T"
"980000",205487,"4",2921782,"1","T"
"980000",205487,"5",2921782,"1","T"
"980070",205487,"1",2921782,"1","T"
"980070",205487,"2",2921782,"1","T"
"980070",205487,"3",2921782,"1","T"
"980070",205487,"4",2921782,"1","T"
"980070",205487,"5",2921782,"1","T"
"900000",8400,"1",2921791,"1",
"900000",8400,"2",2921791,"1",
"900000",8400,"3",2921791,"1",
"900000",8400,"4",2921791,"1",
"900000",8400,"5",2921791,"1",
"980000",8400,"1",2921791,"1",
"980000",8400,"2",2921791,"1",
"980000",8400,"3",2921791,"1",
"980000",8400,"4",2921791,"1",
"980000",8400,"5",2921791,"1",
"980070",8400,"1",2921791,"1",
"980070",8400,"2",2921791,"1",
"980070",8400,"3",2921791,"1",
"980070",8400,"4",2921791,"1",
"980070",8400,"5",2921791,"1",
"900000",8400,"1",2921792,"1",
"900000",8400,"2",2921792,"1",
"900000",8400,"3",2921792,"1",
"900000",8400,"4",2921792,"1",
"900000",8400,"5",2921792,"1",
"980000",8400,"1",2921792,"1",
"980000",8400,"2",2921792,"1",
"980000",8400,"3",2921792,"1",
"980000",8400,"4",2921792,"1",
"980000",8400,"5",2921792,"1",
"980070",8400,"1",2921792,"1",
"980070",8400,"2",2921792,"1",
"980070",8400,"3",2921792,"1",
"980070",8400,"4",2921792,"1",
"980070",8400,"5",2921792,"1",
"900000",19000,"1",2921811,"1",
"900000",19000,"2",2921811,"1",
"900000",19000,"3",2921811,"1",
"900000",19000,"4",2921811,"1",
"900000",19000,"5",2921811,"1",
"900150",2760,"1",2921811,"1",
"900150",2760,"2",2921811,"1",
"900150",2760,"3",2921811,"1",
"900150",2760,"4",2921811,"1",
"900150",2760,"5",2921811,"1",
"980000",21760,"1",2921811,"1",
"980000",21760,"2",2921811,"1",
"980000",21760,"3",2921811,"1",
"980000",21760,"4",2921811,"1",
"980000",21760,"5",2921811,"1",
"980070",26969,"1",2921811,"1",
"980070",26969,"2",2921811,"1",
"980070",26969,"3",2921811,"1",
"980070",26969,"4",2921811,"1",
"980070",26969,"5",2921811,"1",
"900000",19000,"1",2921812,"1",
"900000",19000,"2",2921812,"1",
"900000",19000,"3",2921812,"1",
"900000",19000,"4",2921812,"1",
"900000",19000,"5",2921812,"1",
"900150",2760,"1",2921812,"1",
"900150",2760,"2",2921812,"1",
"900150",2760,"3",2921812,"1",
"900150",2760,"4",2921812,"1",
"900150",2760,"5",2921812,"1",
"980000",21760,"1",2921812,"1",
"980000",21760,"2",2921812,"1",
"980000",21760,"3",2921812,"1",
"980000",21760,"4",2921812,"1",
"980000",21760,"5",2921812,"1",
"980070",26969,"1",2921812,"1",
"980070",26969,"2",2921812,"1",
"980070",26969,"3",2921812,"1",
"980070",26969,"4",2921812,"1",
"980070",26969,"5",2921812,"1",
"900000",205487,"1",2921821,"1","T"
"900000",205487,"2",2921821,"1","T"
"900000",205487,"3",2921821,"1","T"
"900000",205487,"4",2921821,"1","T"
"900000",205487,"5",2921821,"1","T"
"980000",205487,"1",2921821,"1","T"
"980000",205487,"2",2921821,"1","T"
"980000",205487,"3",2921821,"1","T"
"980000",205487,"4",2921821,"1","T"
"980000",205487,"5",2921821,"1","T"
"980070",205487,"1",2921821,"1","T"
"980070",205487,"2",2921821,"1","T"
"980070",205487,"3",2921821,"1","T"
"980070",205487,"4",2921821,"1","T"
"980070",205487,"5",2921821,"1","T"
"900000",205487,"1",2921822,"1","T"
"900000",205487,"2",2921822,"1","T"
"900000",205487,"3",2921822,"1","T"
"900000",205487,"4",2921822,"1","T"
"900000",205487,"5",2921822,"1","T"
"980000",205487,"1",2921822,"1","T"
"980000",205487,"2",2921822,"1","T"
"980000",205487,"3",2921822,"1","T"
"980000",205487,"4",2921822,"1","T"
"980000",205487,"5",2921822,"1","T"
"980070",205487,"1",2921822,"1","T"
"980070",205487,"2",2921822,"1","T"
"980070",205487,"3",2921822,"1","T"
"980070",205487,"4",2921822,"1","T"
"980070",205487,"5",2921822,"1","T"
"900030",9587,"1",2921871,"1",
"900030",7667,"2",2921871,"1",
"900030",9035,"3",2921871,"1",
"900030",8891,"4",2921871,"1",
"900030",8591,"5",2921871,"1",
"980000",9587,"1",2921871,"1",
"980000",7667,"2",2921871,"1",
"980000",9035,"3",2921871,"1",
"980000",8891,"4",2921871,"1",
"980000",8591,"5",2921871,"1",
"980070",7287,"1",2921871,"1",
"980070",5367,"2",2921871,"1",
"980070",6735,"3",2921871,"1",
"980070",6591,"4",2921871,"1",
"980070",6291,"5",2921871,"1",
"900030",8339,"1",2921872,"1",
"900030",8699,"2",2921872,"1",
"900030",7535,"3",2921872,"1",
"900030",8303,"4",2921872,"1",
"900030",9563,"5",2921872,"1",
"980000",8339,"1",2921872,"1",
"980000",8699,"2",2921872,"1",
"980000",7535,"3",2921872,"1",
"980000",8303,"4",2921872,"1",
"980000",9563,"5",2921872,"1",
"980070",6039,"1",2921872,"1",
"980070",6399,"2",2921872,"1",
"980070",5235,"3",2921872,"1",
"980070",6003,"4",2921872,"1",
"980070",7263,"5",2921872,"1",
"900000",232487,"1",2921891,"1","T"
"900000",232487,"2",2921891,"1","T"
"900000",232487,"3",2921891,"1","T"
"900000",232487,"4",2921891,"1","T"
"900000",232487,"5",2921891,"1","T"
"900180",10000,"1",2921891,"1",
"900180",10000,"2",2921891,"1",
"900180",10000,"3",2921891,"1",
"900180",10000,"4",2921891,"1",
"900180",10000,"5",2921891,"1",
"980000",242487,"1",2921891,"1","T"
"980000",242487,"2",2921891,"1","T"
"980000",242487,"3",2921891,"1","T"
"980000",242487,"4",2921891,"1","T"
"980000",242487,"5",2921891,"1","T"
"980070",249187,"1",2921891,"1","T"
"980070",249187,"2",2921891,"1","T"
"980070",249187,"3",2921891,"1","T"
"980070",249187,"4",2921891,"1","T"
"980070",249187,"5",2921891,"1","T"
"900000",232487,"1",2921892,"1","T"
"900000",232487,"2",2921892,"1","T"
"900000",232487,"3",2921892,"1","T"
"900000",232487,"4",2921892,"1","T"
"900000",232487,"5",2921892,"1","T"
"900180",10000,"1",2921892,"1",
"900180",10000,"2",2921892,"1",
"900180",10000,"3",2921892,"1",
"900180",10000,"4",2921892,"1",
"900180",10000,"5",2921892,"1",
"980000",242487,"1",2921892,"1","T"
"980000",242487,"2",2921892,"1","T"
"980000",242487,"3",2921892,"1","T"
"980000",242487,"4",2921892,"1","T"
"980000",242487,"5",2921892,"1","T"
"980070",249187,"1",2921892,"1","T"
"980070",249187,"2",2921892,"1","T"
"980070",249187,"3",2921892,"1","T"
"980070",249187,"4",2921892,"1","T"
"980070",249187,"5",2921892,"1","T"
"900000",154000,"1",2921931,"1",
"900000",154000,"2",2921931,"1",
"900000",154000,"3",2921931,"1",
"900000",154000,"4",2921931,"1",
"900000",154000,"5",2921931,"1",
"980000",154000,"1",2921931,"1",
"980000",154000,"2",2921931,"1",
"980000",154000,"3",2921931,"1",
"980000",154000,"4",2921931,"1",
"980000",154000,"5",2921931,"1",
"980070",156900,"1",2921931,"1",
"980070",156900,"2",2921931,"1",
"980070",156900,"3",2921931,"1",
"980070",156900,"4",2921931,"1",
"980070",156900,"5",2921931,"1",
"900000",154000,"1",2921932,"1",
"900000",154000,"2",2921932,"1",
"900000",154000,"3",2921932,"1",
"900000",154000,"4",2921932,"1",
"900000",154000,"5",2921932,"1",
"980000",154000,"1",2921932,"1",
"980000",154000,"2",2921932,"1",
"980000",154000,"3",2921932,"1",
"980000",154000,"4",2921932,"1",
"980000",154000,"5",2921932,"1",
"980070",156900,"1",2921932,"1",
"980070",156900,"2",2921932,"1",
"980070",156900,"3",2921932,"1",
"980070",156900,"4",2921932,"1",
"980070",156900,"5",2921932,"1",
"900000",21600,"1",2921951,"1",
"900000",21600,"2",2921951,"1",
"900000",21600,"3",2921951,"1",
"900000",21600,"4",2921951,"1",
"900000",21600,"5",2921951,"1",
"900150",4164,"1",2921951,"1",
"900150",4164,"2",2921951,"1",
"900150",4164,"3",2921951,"1",
"900150",4164,"4",2921951,"1",
"900150",4164,"5",2921951,"1",
"980000",25764,"1",2921951,"1",
"980000",25764,"2",2921951,"1",
"980000",25764,"3",2921951,"1",
"980000",25764,"4",2921951,"1",
"980000",25764,"5",2921951,"1",
"980070",25764,"1",2921951,"1",
"980070",25764,"2",2921951,"1",
"980070",25764,"3",2921951,"1",
"980070",25764,"4",2921951,"1",
"980070",25764,"5",2921951,"1",
"900000",21600,"1",2921952,"1",
"900000",21600,"2",2921952,"1",
"900000",21600,"3",2921952,"1",
"900000",21600,"4",2921952,"1",
"900000",21600,"5",2921952,"1",
"900150",4164,"1",2921952,"1",
"900150",4164,"2",2921952,"1",
"900150",4164,"3",2921952,"1",
"900150",4164,"4",2921952,"1",
"900150",4164,"5",2921952,"1",
"980000",25764,"1",2921952,"1",
"980000",25764,"2",2921952,"1",
"980000",25764,"3",2921952,"1",
"980000",25764,"4",2921952,"1",
"980000",25764,"5",2921952,"1",
"980070",25764,"1",2921952,"1",
"980070",25764,"2",2921952,"1",
"980070",25764,"3",2921952,"1",
"980070",25764,"4",2921952,"1",
"980070",25764,"5",2921952,"1",
"900030",9659,"1",2921981,"1",
"900030",9659,"2",2921981,"1",
"900030",9659,"3",2921981,"1",
"900030",9659,"4",2921981,"1",
"900030",9659,"5",2921981,"1",
"900150",2184,"1",2921981,"1",
"900150",2184,"2",2921981,"1",
"900150",2184,"3",2921981,"1",
"900150",2184,"4",2921981,"1",
"900150",2184,"5",2921981,"1",
"980000",11843,"1",2921981,"1",
"980000",11843,"2",2921981,"1",
"980000",11843,"3",2921981,"1",
"980000",11843,"4",2921981,"1",
"980000",11843,"5",2921981,"1",
"980070",11843,"1",2921981,"1",
"980070",11843,"2",2921981,"1",
"980070",11843,"3",2921981,"1",
"980070",11843,"4",2921981,"1",
"980070",11843,"5",2921981,"1",
"900030",9659,"1",2921982,"1",
"900030",9659,"2",2921982,"1",
"900030",9659,"3",2921982,"1",
"900030",9659,"4",2921982,"1",
"900030",9659,"5",2921982,"1",
"900150",2184,"1",2921982,"1",
"900150",2184,"2",2921982,"1",
"900150",2184,"3",2921982,"1",
"900150",2184,"4",2921982,"1",
"900150",2184,"5",2921982,"1",
"980000",11843,"1",2921982,"1",
"980000",11843,"2",2921982,"1",
"980000",11843,"3",2921982,"1",
"980000",11843,"4",2921982,"1",
"980000",11843,"5",2921982,"1",
"980070",11843,"1",2921982,"1",
"980070",11843,"2",2921982,"1",
"980070",11843,"3",2921982,"1",
"980070",11843,"4",2921982,"1",
"980070",11843,"5",2921982,"1",
"900000",69065,"1",2921991,"1",
"900000",68597,"2",2921991,"1",
"900000",74787,"3",2921991,"1",
"900000",62730,"4",2921991,"1",
"900000",65405,"5",2921991,"1",
"980000",69065,"1",2921991,"1",
"980000",68597,"2",2921991,"1",
"980000",74787,"3",2921991,"1",
"980000",62730,"4",2921991,"1",
"980000",65405,"5",2921991,"1",
"980070",76265,"1",2921991,"1",
"980070",75797,"2",2921991,"1",
"980070",81987,"3",2921991,"1",
"980070",69930,"4",2921991,"1",
"980070",72605,"5",2921991,"1",
"900000",68711,"1",2921992,"1",
"900000",73221,"2",2921992,"1",
"900000",70828,"3",2921992,"1",
"900000",65724,"4",2921992,"1",
"900000",68297,"5",2921992,"1",
"980000",68711,"1",2921992,"1",
"980000",73221,"2",2921992,"1",
"980000",70828,"3",2921992,"1",
"980000",65724,"4",2921992,"1",
"980000",68297,"5",2921992,"1",
"980070",75911,"1",2921992,"1",
"980070",80421,"2",2921992,"1",
"980070",78028,"3",2921992,"1",
"980070",72924,"4",2921992,"1",
"980070",75497,"5",2921992,"1",
"900150",4140,"1",2922081,"1",
"900150",4140,"2",2922081,"1",
"900150",4140,"3",2922081,"1",
"900150",4140,"4",2922081,"1",
"900150",4140,"5",2922081,"1",
"900160",1421,"1",2922081,"1",
"900160",940,"2",2922081,"1",
"900160",1061,"3",2922081,"1",
"900160",1253,"4",2922081,"1",
"900160",1385,"5",2922081,"1",
"980000",5561,"1",2922081,"1",
"980000",5080,"2",2922081,"1",
"980000",5201,"3",2922081,"1",
"980000",5393,"4",2922081,"1",
"980000",5525,"5",2922081,"1",
"980070",5561,"1",2922081,"1",
"980070",5080,"2",2922081,"1",
"980070",5201,"3",2922081,"1",
"980070",5393,"4",2922081,"1",
"980070",5525,"5",2922081,"1",
"900150",4140,"1",2922082,"1",
"900150",4140,"2",2922082,"1",
"900150",4140,"3",2922082,"1",
"900150",4140,"4",2922082,"1",
"900150",4140,"5",2922082,"1",
"900160",586,"1",2922082,"1",
"900160",915,"2",2922082,"1",
"900160",1440,"3",2922082,"1",
"900160",1402,"4",2922082,"1",
"900160",1267,"5",2922082,"1",
"980000",4726,"1",2922082,"1",
"980000",5055,"2",2922082,"1",
"980000",5580,"3",2922082,"1",
"980000",5542,"4",2922082,"1",
"980000",5407,"5",2922082,"1",
"980070",4726,"1",2922082,"1",
"980070",5055,"2",2922082,"1",
"980070",5580,"3",2922082,"1",
"980070",5542,"4",2922082,"1",
"980070",5407,"5",2922082,"1",
"900000",42500,"1",2922101,"1",
"900000",42500,"2",2922101,"1",
"900000",42500,"3",2922101,"1",
"900000",42500,"4",2922101,"1",
"900000",42500,"5",2922101,"1",
"980000",42500,"1",2922101,"1",
"980000",42500,"2",2922101,"1",
"980000",42500,"3",2922101,"1",
"980000",42500,"4",2922101,"1",
"980000",42500,"5",2922101,"1",
"980070",49000,"1",2922101,"1",
"980070",49000,"2",2922101,"1",
"980070",49000,"3",2922101,"1",
"980070",49000,"4",2922101,"1",
"980070",49000,"5",2922101,"1",
"900000",42500,"1",2922102,"1",
"900000",42500,"2",2922102,"1",
"900000",42500,"3",2922102,"1",
"900000",42500,"4",2922102,"1",
"900000",42500,"5",2922102,"1",
"980000",42500,"1",2922102,"1",
"980000",42500,"2",2922102,"1",
"980000",42500,"3",2922102,"1",
"980000",42500,"4",2922102,"1",
"980000",42500,"5",2922102,"1",
"980070",49000,"1",2922102,"1",
"980070",49000,"2",2922102,"1",
"980070",49000,"3",2922102,"1",
"980070",49000,"4",2922102,"1",
"980070",49000,"5",2922102,"1",
"900000",48586,"1",2922121,"1",
"900000",36297,"2",2922121,"1",
"900000",73709,"3",2922121,"1",
"900000",59858,"4",2922121,"1",
"900000",51073,"5",2922121,"1",
"980000",48586,"1",2922121,"1",
"980000",36297,"2",2922121,"1",
"980000",73709,"3",2922121,"1",
"980000",59858,"4",2922121,"1",
"980000",51073,"5",2922121,"1",
"980070",48586,"1",2922121,"1",
"980070",36297,"2",2922121,"1",
"980070",73709,"3",2922121,"1",
"980070",59858,"4",2922121,"1",
"980070",51073,"5",2922121,"1",
"900000",98083,"1",2922122,"1",
"900000",78996,"2",2922122,"1",
"900000",72000,"3",2922122,"1",
"900000",55549,"4",2922122,"1",
"900000",73658,"5",2922122,"1",
"980000",98083,"1",2922122,"1",
"980000",78996,"2",2922122,"1",
"980000",72000,"3",2922122,"1",
"980000",55549,"4",2922122,"1",
"980000",73658,"5",2922122,"1",
"980070",98083,"1",2922122,"1",
"980070",78996,"2",2922122,"1",
"980070",72000,"3",2922122,"1",
"980070",55549,"4",2922122,"1",
"980070",73658,"5",2922122,"1",
"800940",15225,"1",2922131,"1","T"
"800940",15225,"2",2922131,"1","T"
"800940",15225,"3",2922131,"1","T"
"800940",15225,"4",2922131,"1","T"
"800940",15225,"5",2922131,"1","T"
"900000",39000,"1",2922131,"1",
"900000",39000,"2",2922131,"1",
"900000",39000,"3",2922131,"1",
"900000",39000,"4",2922131,"1",
"900000",39000,"5",2922131,"1",
"900160",52941,"1",2922131,"1",
"900160",13496,"2",2922131,"1",
"900160",32707,"3",2922131,"1",
"900160",74914,"4",2922131,"1",
"900160",28303,"5",2922131,"1",
"980000",91941,"1",2922131,"1",
"980000",52496,"2",2922131,"1",
"980000",71707,"3",2922131,"1",
"980000",113914,"4",2922131,"1",
"980000",67303,"5",2922131,"1",
"980070",91597,"1",2922131,"1",
"980070",52152,"2",2922131,"1",
"980070",71363,"3",2922131,"1",
"980070",113570,"4",2922131,"1",
"980070",66959,"5",2922131,"1",
"800940",21935,"1",2922132,"1","T"
"800940",21935,"2",2922132,"1","T"
"800940",21935,"3",2922132,"1","T"
"800940",21935,"4",2922132,"1","T"
"800940",21935,"5",2922132,"1","T"
"900000",39000,"1",2922132,"1",
"900000",39000,"2",2922132,"1",
"900000",39000,"3",2922132,"1",
"900000",39000,"4",2922132,"1",
"900000",39000,"5",2922132,"1",
"900160",255645,"1",2922132,"1",
"900160",110189,"2",2922132,"1",
"900160",23017,"3",2922132,"1",
"900160",54742,"4",2922132,"1",
"900160",76961,"5",2922132,"1",
"980000",294645,"1",2922132,"1",
"980000",149189,"2",2922132,"1",
"980000",62017,"3",2922132,"1",
"980000",93742,"4",2922132,"1",
"980000",115961,"5",2922132,"1",
"980070",294301,"1",2922132,"1",
"980070",148845,"2",2922132,"1",
"980070",61673,"3",2922132,"1",
"980070",93398,"4",2922132,"1",
"980070",115617,"5",2922132,"1",
"900000",83000,"1",2922161,"1",
"900000",83000,"2",2922161,"1",
"900000",83000,"3",2922161,"1",
"900000",83000,"4",2922161,"1",
"900000",83000,"5",2922161,"1",
"950002",18544,"1",2922161,"1",
"950002",18544,"2",2922161,"1",
"950002",18544,"3",2922161,"1",
"950002",18544,"4",2922161,"1",
"950002",18544,"5",2922161,"1",
"950012",4189,"1",2922161,"1",
"950012",4189,"2",2922161,"1",
"950012",4189,"3",2922161,"1",
"950012",4189,"4",2922161,"1",
"950012",4189,"5",2922161,"1",
"980000",83000,"1",2922161,"1",
"980000",83000,"2",2922161,"1",
"980000",83000,"3",2922161,"1",
"980000",83000,"4",2922161,"1",
"980000",83000,"5",2922161,"1",
"980070",61717,"1",2922161,"1",
"980070",61717,"2",2922161,"1",
"980070",61717,"3",2922161,"1",
"980070",61717,"4",2922161,"1",
"980070",61717,"5",2922161,"1",
"900000",83000,"1",2922162,"1",
"900000",83000,"2",2922162,"1",
"900000",83000,"3",2922162,"1",
"900000",83000,"4",2922162,"1",
"900000",83000,"5",2922162,"1",
"950002",18544,"1",2922162,"1",
"950002",18544,"2",2922162,"1",
"950002",18544,"3",2922162,"1",
"950002",18544,"4",2922162,"1",
"950002",18544,"5",2922162,"1",
"950012",4189,"1",2922162,"1",
"950012",4189,"2",2922162,"1",
"950012",4189,"3",2922162,"1",
"950012",4189,"4",2922162,"1",
"950012",4189,"5",2922162,"1",
"980000",83000,"1",2922162,"1",
"980000",83000,"2",2922162,"1",
"980000",83000,"3",2922162,"1",
"980000",83000,"4",2922162,"1",
"980000",83000,"5",2922162,"1",
"980070",61717,"1",2922162,"1",
"980070",61717,"2",2922162,"1",
"980070",61717,"3",2922162,"1",
"980070",61717,"4",2922162,"1",
"980070",61717,"5",2922162,"1",
"900030",28978,"1",2922181,"1",
"900030",28978,"2",2922181,"1",
"900030",28978,"3",2922181,"1",
"900030",28978,"4",2922181,"1",
"900030",28978,"5",2922181,"1",
"980000",28978,"1",2922181,"1",
"980000",28978,"2",2922181,"1",
"980000",28978,"3",2922181,"1",
"980000",28978,"4",2922181,"1",
"980000",28978,"5",2922181,"1",
"980070",28978,"1",2922181,"1",
"980070",28978,"2",2922181,"1",
"980070",28978,"3",2922181,"1",
"980070",28978,"4",2922181,"1",
"980070",28978,"5",2922181,"1",
"900030",28978,"1",2922182,"1",
"900030",28978,"2",2922182,"1",
"900030",28978,"3",2922182,"1",
"900030",28978,"4",2922182,"1",
"900030",28978,"5",2922182,"1",
"980000",28978,"1",2922182,"1",
"980000",28978,"2",2922182,"1",
"980000",28978,"3",2922182,"1",
"980000",28978,"4",2922182,"1",
"980000",28978,"5",2922182,"1",
"980070",28978,"1",2922182,"1",
"980070",28978,"2",2922182,"1",
"980070",28978,"3",2922182,"1",
"980070",28978,"4",2922182,"1",
"980070",28978,"5",2922182,"1",
"900030",12815,"1",2922191,"1",
"900030",12815,"2",2922191,"1",
"900030",12815,"3",2922191,"1",
"900030",12815,"4",2922191,"1",
"900030",12815,"5",2922191,"1",
"900150",1716,"1",2922191,"1",
"900150",1716,"2",2922191,"1",
"900150",1716,"3",2922191,"1",
"900150",1716,"4",2922191,"1",
"900150",1716,"5",2922191,"1",
"980000",14531,"1",2922191,"1",
"980000",14531,"2",2922191,"1",
"980000",14531,"3",2922191,"1",
"980000",14531,"4",2922191,"1",
"980000",14531,"5",2922191,"1",
"980070",14531,"1",2922191,"1",
"980070",14531,"2",2922191,"1",
"980070",14531,"3",2922191,"1",
"980070",14531,"4",2922191,"1",
"980070",14531,"5",2922191,"1",
"900030",12815,"1",2922192,"1",
"900030",12815,"2",2922192,"1",
"900030",12815,"3",2922192,"1",
"900030",12815,"4",2922192,"1",
"900030",12815,"5",2922192,"1",
"900150",1716,"1",2922192,"1",
"900150",1716,"2",2922192,"1",
"900150",1716,"3",2922192,"1",
"900150",1716,"4",2922192,"1",
"900150",1716,"5",2922192,"1",
"980000",14531,"1",2922192,"1",
"980000",14531,"2",2922192,"1",
"980000",14531,"3",2922192,"1",
"980000",14531,"4",2922192,"1",
"980000",14531,"5",2922192,"1",
"980070",14531,"1",2922192,"1",
"980070",14531,"2",2922192,"1",
"980070",14531,"3",2922192,"1",
"980070",14531,"4",2922192,"1",
"980070",14531,"5",2922192,"1",
"900000",21335,"1",2922201,"1",
"900000",20064,"2",2922201,"1",
"900000",20617,"3",2922201,"1",
"900000",21384,"4",2922201,"1",
"900000",26499,"5",2922201,"1",
"900030",19067,"1",2922201,"1",
"900030",20039,"2",2922201,"1",
"900030",17915,"3",2922201,"1",
"900030",21599,"4",2922201,"1",
"900030",21143,"5",2922201,"1",
"980000",40402,"1",2922201,"1",
"980000",40103,"2",2922201,"1",
"980000",38532,"3",2922201,"1",
"980000",42983,"4",2922201,"1",
"980000",47642,"5",2922201,"1",
"980070",41152,"1",2922201,"1",
"980070",40853,"2",2922201,"1",
"980070",39282,"3",2922201,"1",
"980070",43733,"4",2922201,"1",
"980070",48392,"5",2922201,"1",
"900000",20850,"1",2922202,"1",
"900000",27133,"2",2922202,"1",
"900000",22445,"3",2922202,"1",
"900000",22439,"4",2922202,"1",
"900000",28976,"5",2922202,"1",
"900030",18791,"1",2922202,"1",
"900030",18887,"2",2922202,"1",
"900030",21383,"3",2922202,"1",
"900030",19619,"4",2922202,"1",
"900030",19931,"5",2922202,"1",
"980000",39641,"1",2922202,"1",
"980000",46020,"2",2922202,"1",
"980000",43828,"3",2922202,"1",
"980000",42058,"4",2922202,"1",
"980000",48907,"5",2922202,"1",
"980070",40391,"1",2922202,"1",
"980070",46770,"2",2922202,"1",
"980070",44578,"3",2922202,"1",
"980070",42808,"4",2922202,"1",
"980070",49657,"5",2922202,"1",
"900000",62973,"1",2922221,"1",
"900000",69810,"2",2922221,"1",
"900000",31574,"3",2922221,"1",
"900000",52860,"4",2922221,"1",
"900000",46087,"5",2922221,"1",
"980000",62973,"1",2922221,"1",
"980000",69810,"2",2922221,"1",
"980000",31574,"3",2922221,"1",
"980000",52860,"4",2922221,"1",
"980000",46087,"5",2922221,"1",
"980070",62973,"1",2922221,"1",
"980070",69810,"2",2922221,"1",
"980070",31574,"3",2922221,"1",
"980070",52860,"4",2922221,"1",
"980070",46087,"5",2922221,"1",
"900000",137023,"1",2922222,"1",
"900000",8404,"2",2922222,"1",
"900000",61968,"3",2922222,"1",
"900000",9818,"4",2922222,"1",
"900000",10165,"5",2922222,"1",
"980000",137023,"1",2922222,"1",
"980000",8404,"2",2922222,"1",
"980000",61968,"3",2922222,"1",
"980000",9818,"4",2922222,"1",
"980000",10165,"5",2922222,"1",
"980070",137023,"1",2922222,"1",
"980070",8404,"2",2922222,"1",
"980070",61968,"3",2922222,"1",
"980070",9818,"4",2922222,"1",
"980070",10165,"5",2922222,"1",
"900030",29194,"1",2922231,"1",
"900030",29194,"2",2922231,"1",
"900030",29194,"3",2922231,"1",
"900030",29194,"4",2922231,"1",
"900030",29194,"5",2922231,"1",
"900170",27000,"1",2922231,"1",
"900170",27000,"2",2922231,"1",
"900170",27000,"3",2922231,"1",
"900170",27000,"4",2922231,"1",
"900170",27000,"5",2922231,"1",
"900180",12000,"1",2922231,"1",
"900180",12000,"2",2922231,"1",
"900180",12000,"3",2922231,"1",
"900180",12000,"4",2922231,"1",
"900180",12000,"5",2922231,"1",
"980000",68194,"1",2922231,"1",
"980000",68194,"2",2922231,"1",
"980000",68194,"3",2922231,"1",
"980000",68194,"4",2922231,"1",
"980000",68194,"5",2922231,"1",
"980070",68194,"1",2922231,"1",
"980070",68194,"2",2922231,"1",
"980070",68194,"3",2922231,"1",
"980070",68194,"4",2922231,"1",
"980070",68194,"5",2922231,"1",
"900030",29194,"1",2922232,"1",
"900030",29194,"2",2922232,"1",
"900030",29194,"3",2922232,"1",
"900030",29194,"4",2922232,"1",
"900030",29194,"5",2922232,"1",
"900170",27000,"1",2922232,"1",
"900170",27000,"2",2922232,"1",
"900170",27000,"3",2922232,"1",
"900170",27000,"4",2922232,"1",
"900170",27000,"5",2922232,"1",
"900180",12000,"1",2922232,"1",
"900180",12000,"2",2922232,"1",
"900180",12000,"3",2922232,"1",
"900180",12000,"4",2922232,"1",
"900180",12000,"5",2922232,"1",
"980000",68194,"1",2922232,"1",
"980000",68194,"2",2922232,"1",
"980000",68194,"3",2922232,"1",
"980000",68194,"4",2922232,"1",
"980000",68194,"5",2922232,"1",
"980070",68194,"1",2922232,"1",
"980070",68194,"2",2922232,"1",
"980070",68194,"3",2922232,"1",
"980070",68194,"4",2922232,"1",
"980070",68194,"5",2922232,"1",
"900000",12220,"1",2922241,"1",
"900000",12220,"2",2922241,"1",
"900000",12220,"3",2922241,"1",
"900000",12220,"4",2922241,"1",
"900000",12220,"5",2922241,"1",
"900030",1250,"1",2922241,"1",
"900030",1250,"2",2922241,"1",
"900030",1250,"3",2922241,"1",
"900030",1250,"4",2922241,"1",
"900030",1250,"5",2922241,"1",
"900160",35000,"1",2922241,"1",
"900160",35000,"2",2922241,"1",
"900160",35000,"3",2922241,"1",
"900160",35000,"4",2922241,"1",
"900160",35000,"5",2922241,"1",
"900180",8,"1",2922241,"1",
"900180",8,"2",2922241,"1",
"900180",8,"3",2922241,"1",
"900180",8,"4",2922241,"1",
"900180",8,"5",2922241,"1",
"950002",1376,"1",2922241,"1",
"950002",1376,"2",2922241,"1",
"950002",1376,"3",2922241,"1",
"950002",1376,"4",2922241,"1",
"950002",1376,"5",2922241,"1",
"950012",286,"1",2922241,"1",
"950012",286,"2",2922241,"1",
"950012",286,"3",2922241,"1",
"950012",286,"4",2922241,"1",
"950012",286,"5",2922241,"1",
"980000",48478,"1",2922241,"1",
"980000",48478,"2",2922241,"1",
"980000",48478,"3",2922241,"1",
"980000",48478,"4",2922241,"1",
"980000",48478,"5",2922241,"1",
"980070",47947,"1",2922241,"1",
"980070",47947,"2",2922241,"1",
"980070",47947,"3",2922241,"1",
"980070",47947,"4",2922241,"1",
"980070",47947,"5",2922241,"1",
"900000",12220,"1",2922242,"1",
"900000",12220,"2",2922242,"1",
"900000",12220,"3",2922242,"1",
"900000",12220,"4",2922242,"1",
"900000",12220,"5",2922242,"1",
"900030",1250,"1",2922242,"1",
"900030",1250,"2",2922242,"1",
"900030",1250,"3",2922242,"1",
"900030",1250,"4",2922242,"1",
"900030",1250,"5",2922242,"1",
"900160",35000,"1",2922242,"1",
"900160",35000,"2",2922242,"1",
"900160",35000,"3",2922242,"1",
"900160",35000,"4",2922242,"1",
"900160",35000,"5",2922242,"1",
"900180",8,"1",2922242,"1",
"900180",8,"2",2922242,"1",
"900180",8,"3",2922242,"1",
"900180",8,"4",2922242,"1",
"900180",8,"5",2922242,"1",
"950002",1376,"1",2922242,"1",
"950002",1376,"2",2922242,"1",
"950002",1376,"3",2922242,"1",
"950002",1376,"4",2922242,"1",
"950002",1376,"5",2922242,"1",
"950012",286,"1",2922242,"1",
"950012",286,"2",2922242,"1",
"950012",286,"3",2922242,"1",
"950012",286,"4",2922242,"1",
"950012",286,"5",2922242,"1",
"980000",48478,"1",2922242,"1",
"980000",48478,"2",2922242,"1",
"980000",48478,"3",2922242,"1",
"980000",48478,"4",2922242,"1",
"980000",48478,"5",2922242,"1",
"980070",47947,"1",2922242,"1",
"980070",47947,"2",2922242,"1",
"980070",47947,"3",2922242,"1",
"980070",47947,"4",2922242,"1",
"980070",47947,"5",2922242,"1",
"900000",50000,"1",2922272,"1",
"900000",50000,"2",2922272,"1",
"900000",50000,"3",2922272,"1",
"900000",50000,"4",2922272,"1",
"900000",50000,"5",2922272,"1",
"950002",3659,"1",2922272,"1",
"950002",3659,"2",2922272,"1",
"950002",3659,"3",2922272,"1",
"950002",3659,"4",2922272,"1",
"950002",3659,"5",2922272,"1",
"950012",1987,"1",2922272,"1",
"950012",1987,"2",2922272,"1",
"950012",1987,"3",2922272,"1",
"950012",1987,"4",2922272,"1",
"950012",1987,"5",2922272,"1",
"980000",50000,"1",2922272,"1",
"980000",50000,"2",2922272,"1",
"980000",50000,"3",2922272,"1",
"980000",50000,"4",2922272,"1",
"980000",50000,"5",2922272,"1",
"980070",48654,"1",2922272,"1",
"980070",48654,"2",2922272,"1",
"980070",48654,"3",2922272,"1",
"980070",48654,"4",2922272,"1",
"980070",48654,"5",2922272,"1",
"900000",31000,"1",2922281,"1",
"900000",31000,"2",2922281,"1",
"900000",31000,"3",2922281,"1",
"900000",31000,"4",2922281,"1",
"900000",31000,"5",2922281,"1",
"900150",2040,"1",2922281,"1",
"900150",2040,"2",2922281,"1",
"900150",2040,"3",2922281,"1",
"900150",2040,"4",2922281,"1",
"900150",2040,"5",2922281,"1",
"980000",33040,"1",2922281,"1",
"980000",33040,"2",2922281,"1",
"980000",33040,"3",2922281,"1",
"980000",33040,"4",2922281,"1",
"980000",33040,"5",2922281,"1",
"980070",35640,"1",2922281,"1",
"980070",35640,"2",2922281,"1",
"980070",35640,"3",2922281,"1",
"980070",35640,"4",2922281,"1",
"980070",35640,"5",2922281,"1",
"900000",31000,"1",2922282,"1",
"900000",31000,"2",2922282,"1",
"900000",31000,"3",2922282,"1",
"900000",31000,"4",2922282,"1",
"900000",31000,"5",2922282,"1",
"900150",2040,"1",2922282,"1",
"900150",2040,"2",2922282,"1",
"900150",2040,"3",2922282,"1",
"900150",2040,"4",2922282,"1",
"900150",2040,"5",2922282,"1",
"980000",33040,"1",2922282,"1",
"980000",33040,"2",2922282,"1",
"980000",33040,"3",2922282,"1",
"980000",33040,"4",2922282,"1",
"980000",33040,"5",2922282,"1",
"980070",35640,"1",2922282,"1",
"980070",35640,"2",2922282,"1",
"980070",35640,"3",2922282,"1",
"980070",35640,"4",2922282,"1",
"980070",35640,"5",2922282,"1",
"900030",23087,"1",2922301,"1",
"900030",23087,"2",2922301,"1",
"900030",23087,"3",2922301,"1",
"900030",23087,"4",2922301,"1",
"900030",23087,"5",2922301,"1",
"980000",23087,"1",2922301,"1",
"980000",23087,"2",2922301,"1",
"980000",23087,"3",2922301,"1",
"980000",23087,"4",2922301,"1",
"980000",23087,"5",2922301,"1",
"980070",23087,"1",2922301,"1",
"980070",23087,"2",2922301,"1",
"980070",23087,"3",2922301,"1",
"980070",23087,"4",2922301,"1",
"980070",23087,"5",2922301,"1",
"900030",23087,"1",2922302,"1",
"900030",23087,"2",2922302,"1",
"900030",23087,"3",2922302,"1",
"900030",23087,"4",2922302,"1",
"900030",23087,"5",2922302,"1",
"980000",23087,"1",2922302,"1",
"980000",23087,"2",2922302,"1",
"980000",23087,"3",2922302,"1",
"980000",23087,"4",2922302,"1",
"980000",23087,"5",2922302,"1",
"980070",23087,"1",2922302,"1",
"980070",23087,"2",2922302,"1",
"980070",23087,"3",2922302,"1",
"980070",23087,"4",2922302,"1",
"980070",23087,"5",2922302,"1",
"800940",4869,"1",2922311,"1",
"800940",4699,"2",2922311,"1",
"800940",9340,"3",2922311,"1",
"800940",4255,"4",2922311,"1",
"800940",4786,"5",2922311,"1",
"900000",53353,"1",2922311,"1",
"900000",58789,"2",2922311,"1",
"900000",54129,"3",2922311,"1",
"900000",57940,"4",2922311,"1",
"900000",54742,"5",2922311,"1",
"900160",5153,"1",2922311,"1",
"900160",1313,"2",2922311,"1",
"900160",33980,"3",2922311,"1",
"900160",-1160,"4",2922311,"1",
"900160",3910,"5",2922311,"1",
"980000",58506,"1",2922311,"1",
"980000",60102,"2",2922311,"1",
"980000",88109,"3",2922311,"1",
"980000",56780,"4",2922311,"1",
"980000",58652,"5",2922311,"1",
"980070",58506,"1",2922311,"1",
"980070",60102,"2",2922311,"1",
"980070",88109,"3",2922311,"1",
"980070",56780,"4",2922311,"1",
"980070",58652,"5",2922311,"1",
"800940",11699,"1",2922312,"1",
"800940",12074,"2",2922312,"1",
"800940",7375,"3",2922312,"1",
"800940",10518,"4",2922312,"1",
"800940",5676,"5",2922312,"1",
"900000",56349,"1",2922312,"1",
"900000",62535,"2",2922312,"1",
"900000",61489,"3",2922312,"1",
"900000",60037,"4",2922312,"1",
"900000",53758,"5",2922312,"1",
"900160",48290,"1",2922312,"1",
"900160",47651,"2",2922312,"1",
"900160",17461,"3",2922312,"1",
"900160",38724,"4",2922312,"1",
"900160",10218,"5",2922312,"1",
"980000",104639,"1",2922312,"1",
"980000",110186,"2",2922312,"1",
"980000",78950,"3",2922312,"1",
"980000",98761,"4",2922312,"1",
"980000",63976,"5",2922312,"1",
"980070",104639,"1",2922312,"1",
"980070",110186,"2",2922312,"1",
"980070",78950,"3",2922312,"1",
"980070",98761,"4",2922312,"1",
"980070",63976,"5",2922312,"1",
"900000",36089,"1",2922341,"1",
"900000",30627,"2",2922341,"1",
"900000",34719,"3",2922341,"1",
"900000",32308,"4",2922341,"1",
"900000",31931,"5",2922341,"1",
"980000",36089,"1",2922341,"1",
"980000",30627,"2",2922341,"1",
"980000",34719,"3",2922341,"1",
"980000",32308,"4",2922341,"1",
"980000",31931,"5",2922341,"1",
"980070",36089,"1",2922341,"1",
"980070",30627,"2",2922341,"1",
"980070",34719,"3",2922341,"1",
"980070",32308,"4",2922341,"1",
"980070",31931,"5",2922341,"1",
"900000",38798,"1",2922342,"1",
"900000",35941,"2",2922342,"1",
"900000",32718,"3",2922342,"1",
"900000",36802,"4",2922342,"1",
"900000",34902,"5",2922342,"1",
"980000",38798,"1",2922342,"1",
"980000",35941,"2",2922342,"1",
"980000",32718,"3",2922342,"1",
"980000",36802,"4",2922342,"1",
"980000",34902,"5",2922342,"1",
"980070",38798,"1",2922342,"1",
"980070",35941,"2",2922342,"1",
"980070",32718,"3",2922342,"1",
"980070",36802,"4",2922342,"1",
"980070",34902,"5",2922342,"1",
"900000",69000,"1",2922351,"1",
"900000",69000,"2",2922351,"1",
"900000",69000,"3",2922351,"1",
"900000",69000,"4",2922351,"1",
"900000",69000,"5",2922351,"1",
"980000",69000,"1",2922351,"1",
"980000",69000,"2",2922351,"1",
"980000",69000,"3",2922351,"1",
"980000",69000,"4",2922351,"1",
"980000",69000,"5",2922351,"1",
"980070",69000,"1",2922351,"1",
"980070",69000,"2",2922351,"1",
"980070",69000,"3",2922351,"1",
"980070",69000,"4",2922351,"1",
"980070",69000,"5",2922351,"1",
"900000",69000,"1",2922352,"1",
"900000",69000,"2",2922352,"1",
"900000",69000,"3",2922352,"1",
"900000",69000,"4",2922352,"1",
"900000",69000,"5",2922352,"1",
"980000",69000,"1",2922352,"1",
"980000",69000,"2",2922352,"1",
"980000",69000,"3",2922352,"1",
"980000",69000,"4",2922352,"1",
"980000",69000,"5",2922352,"1",
"980070",69000,"1",2922352,"1",
"980070",69000,"2",2922352,"1",
"980070",69000,"3",2922352,"1",
"980070",69000,"4",2922352,"1",
"980070",69000,"5",2922352,"1",
"800940",7371,"1",2922361,"1",
"800940",4122,"2",2922361,"1",
"800940",12134,"3",2922361,"1",
"800940",4228,"4",2922361,"1",
"800940",9473,"5",2922361,"1",
"900000",84214,"1",2922361,"1",
"900000",50221,"2",2922361,"1",
"900000",39116,"3",2922361,"1",
"900000",29193,"4",2922361,"1",
"900000",57604,"5",2922361,"1",
"900160",6073,"1",2922361,"1",
"900160",1832,"2",2922361,"1",
"900160",59749,"3",2922361,"1",
"900160",13038,"4",2922361,"1",
"900160",33109,"5",2922361,"1",
"980000",90287,"1",2922361,"1",
"980000",52053,"2",2922361,"1",
"980000",98865,"3",2922361,"1",
"980000",42231,"4",2922361,"1",
"980000",90713,"5",2922361,"1",
"980070",90287,"1",2922361,"1",
"980070",52053,"2",2922361,"1",
"980070",98865,"3",2922361,"1",
"980070",42231,"4",2922361,"1",
"980070",90713,"5",2922361,"1",
"800940",8409,"1",2922362,"1",
"800940",9176,"2",2922362,"1",
"800940",11786,"3",2922362,"1",
"800940",9832,"4",2922362,"1",
"800940",9840,"5",2922362,"1",
"900000",54837,"1",2922362,"1",
"900000",50869,"2",2922362,"1",
"900000",58954,"3",2922362,"1",
"900000",26498,"4",2922362,"1",
"900000",87008,"5",2922362,"1",
"900160",27544,"1",2922362,"1",
"900160",34535,"2",2922362,"1",
"900160",47556,"3",2922362,"1",
"900160",51016,"4",2922362,"1",
"900160",20810,"5",2922362,"1",
"980000",82381,"1",2922362,"1",
"980000",85404,"2",2922362,"1",
"980000",106510,"3",2922362,"1",
"980000",77514,"4",2922362,"1",
"980000",107818,"5",2922362,"1",
"980070",82381,"1",2922362,"1",
"980070",85404,"2",2922362,"1",
"980070",106510,"3",2922362,"1",
"980070",77514,"4",2922362,"1",
"980070",107818,"5",2922362,"1",
"900000",52000,"1",2922381,"1",
"900000",52000,"2",2922381,"1",
"900000",52000,"3",2922381,"1",
"900000",52000,"4",2922381,"1",
"900000",52000,"5",2922381,"1",
"980000",52000,"1",2922381,"1",
"980000",52000,"2",2922381,"1",
"980000",52000,"3",2922381,"1",
"980000",52000,"4",2922381,"1",
"980000",52000,"5",2922381,"1",
"980070",53111,"1",2922381,"1",
"980070",53111,"2",2922381,"1",
"980070",53111,"3",2922381,"1",
"980070",53111,"4",2922381,"1",
"980070",53111,"5",2922381,"1",
"900000",52000,"1",2922382,"1",
"900000",52000,"2",2922382,"1",
"900000",52000,"3",2922382,"1",
"900000",52000,"4",2922382,"1",
"900000",52000,"5",2922382,"1",
"980000",52000,"1",2922382,"1",
"980000",52000,"2",2922382,"1",
"980000",52000,"3",2922382,"1",
"980000",52000,"4",2922382,"1",
"980000",52000,"5",2922382,"1",
"980070",53111,"1",2922382,"1",
"980070",53111,"2",2922382,"1",
"980070",53111,"3",2922382,"1",
"980070",53111,"4",2922382,"1",
"980070",53111,"5",2922382,"1",
"900000",60000,"1",2922391,"1",
"900000",60000,"2",2922391,"1",
"900000",60000,"3",2922391,"1",
"900000",60000,"4",2922391,"1",
"900000",60000,"5",2922391,"1",
"900030",45514,"1",2922391,"1",
"900030",45514,"2",2922391,"1",
"900030",45514,"3",2922391,"1",
"900030",45514,"4",2922391,"1",
"900030",45514,"5",2922391,"1",
"900170",61000,"1",2922391,"1",
"900170",61000,"2",2922391,"1",
"900170",61000,"3",2922391,"1",
"900170",61000,"4",2922391,"1",
"900170",61000,"5",2922391,"1",
"980000",166514,"1",2922391,"1",
"980000",166514,"2",2922391,"1",
"980000",166514,"3",2922391,"1",
"980000",166514,"4",2922391,"1",
"980000",166514,"5",2922391,"1",
"980070",166514,"1",2922391,"1",
"980070",166514,"2",2922391,"1",
"980070",166514,"3",2922391,"1",
"980070",166514,"4",2922391,"1",
"980070",166514,"5",2922391,"1",
"900000",60000,"1",2922392,"1",
"900000",60000,"2",2922392,"1",
"900000",60000,"3",2922392,"1",
"900000",60000,"4",2922392,"1",
"900000",60000,"5",2922392,"1",
"900030",45514,"1",2922392,"1",
"900030",45514,"2",2922392,"1",
"900030",45514,"3",2922392,"1",
"900030",45514,"4",2922392,"1",
"900030",45514,"5",2922392,"1",
"900170",61000,"1",2922392,"1",
"900170",61000,"2",2922392,"1",
"900170",61000,"3",2922392,"1",
"900170",61000,"4",2922392,"1",
"900170",61000,"5",2922392,"1",
"980000",166514,"1",2922392,"1",
"980000",166514,"2",2922392,"1",
"980000",166514,"3",2922392,"1",
"980000",166514,"4",2922392,"1",
"980000",166514,"5",2922392,"1",
"980070",166514,"1",2922392,"1",
"980070",166514,"2",2922392,"1",
"980070",166514,"3",2922392,"1",
"980070",166514,"4",2922392,"1",
"980070",166514,"5",2922392,"1",
